600
0 -1.0 -1.0 20.0 217.0 60.0
1 -1.0 -1.0 16.0 297.0 46.0
2 -1.0 -1.0 8.0 38.0 18.0
3 -1.0 -1.0 17.0 108.0 21.0
4 -1.0 -1.0 10.0 197.0 38.0
5 -1.0 -1.0 14.0 136.0 60.0
6 -1.0 -1.0 16.0 353.0 46.0
7 -1.0 -1.0 5.0 331.0 85.0
8 -1.0 -1.0 15.0 329.0 97.0
9 -1.0 -1.0 11.0 266.0 38.0
10 -1.0 -1.0 7.0 218.0 32.0
11 -1.0 -1.0 10.0 276.0 39.0
12 -1.0 -1.0 17.0 157.0 54.0
13 -1.0 -1.0 4.0 341.0 53.0
14 -1.0 -1.0 12.0 106.0 42.0
15 -1.0 -1.0 4.0 306.0 24.0
16 -1.0 -1.0 18.0 294.0 23.0
17 -1.0 -1.0 13.0 321.0 32.0
18 -1.0 -1.0 5.0 199.0 19.0
19 -1.0 -1.0 4.0 216.0 44.0
20 -1.0 -1.0 9.0 87.0 88.0
21 -1.0 -1.0 14.0 379.0 68.0
22 -1.0 -1.0 12.0 205.0 87.0
23 -1.0 -1.0 14.0 195.0 15.0
24 -1.0 -1.0 14.0 334.0 34.0
25 -1.0 -1.0 4.0 112.0 65.0
26 -1.0 -1.0 7.0 293.0 50.0
27 -1.0 -1.0 15.0 156.0 66.0
28 -1.0 -1.0 4.0 81.0 81.0
29 -1.0 -1.0 9.0 253.0 60.0
30 -1.0 -1.0 16.0 97.0 33.0
31 -1.0 -1.0 5.0 85.0 55.0
32 -1.0 -1.0 18.0 188.0 61.0
33 -1.0 -1.0 5.0 69.0 34.0
34 -1.0 -1.0 8.0 203.0 73.0
35 -1.0 -1.0 8.0 240.0 71.0
36 -1.0 -1.0 7.0 39.0 23.0
37 -1.0 -1.0 10.0 351.0 37.0
38 -1.0 -1.0 13.0 397.0 45.0
39 -1.0 -1.0 10.0 164.0 44.0
40 -1.0 -1.0 11.0 331.0 84.0
41 -1.0 -1.0 14.0 260.0 65.0
42 -1.0 -1.0 13.0 323.0 27.0
43 -1.0 -1.0 12.0 283.0 19.0
44 -1.0 -1.0 15.0 186.0 73.0
45 -1.0 -1.0 19.0 255.0 16.0
46 -1.0 -1.0 5.0 233.0 31.0
47 -1.0 -1.0 15.0 64.0 69.0
48 -1.0 -1.0 15.0 196.0 93.0
49 -1.0 -1.0 19.0 38.0 51.0
50 -1.0 -1.0 19.0 391.0 43.0
51 -1.0 -1.0 17.0 186.0 82.0
52 -1.0 -1.0 12.0 226.0 66.0
53 -1.0 -1.0 8.0 231.0 18.0
54 -1.0 -1.0 8.0 276.0 47.0
55 -1.0 -1.0 19.0 58.0 43.0
56 -1.0 -1.0 13.0 74.0 83.0
57 -1.0 -1.0 13.0 209.0 61.0
58 -1.0 -1.0 20.0 169.0 96.0
59 -1.0 -1.0 15.0 329.0 43.0
60 -1.0 -1.0 4.0 67.0 32.0
61 -1.0 -1.0 4.0 105.0 39.0
62 -1.0 -1.0 18.0 219.0 58.0
63 -1.0 -1.0 10.0 385.0 61.0
64 -1.0 -1.0 12.0 57.0 45.0
65 -1.0 -1.0 14.0 83.0 31.0
66 -1.0 -1.0 16.0 42.0 54.0
67 -1.0 -1.0 9.0 291.0 56.0
68 -1.0 -1.0 18.0 111.0 86.0
69 -1.0 -1.0 8.0 130.0 15.0
70 -1.0 -1.0 10.0 393.0 74.0
71 -1.0 -1.0 16.0 281.0 15.0
72 -1.0 -1.0 16.0 319.0 60.0
73 -1.0 -1.0 6.0 289.0 23.0
74 -1.0 -1.0 16.0 94.0 56.0
75 -1.0 -1.0 5.0 268.0 47.0
76 -1.0 -1.0 19.0 208.0 79.0
77 -1.0 -1.0 12.0 71.0 64.0
78 -1.0 -1.0 10.0 89.0 97.0
79 -1.0 -1.0 16.0 188.0 67.0
80 -1.0 -1.0 7.0 144.0 68.0
81 -1.0 -1.0 11.0 57.0 49.0
82 -1.0 -1.0 7.0 106.0 40.0
83 -1.0 -1.0 20.0 121.0 49.0
84 -1.0 -1.0 4.0 25.0 100.0
85 -1.0 -1.0 10.0 86.0 83.0
86 -1.0 -1.0 8.0 153.0 35.0
87 -1.0 -1.0 14.0 264.0 85.0
88 -1.0 -1.0 19.0 310.0 18.0
89 -1.0 -1.0 14.0 400.0 39.0
90 -1.0 -1.0 19.0 77.0 23.0
91 -1.0 -1.0 7.0 330.0 24.0
92 -1.0 -1.0 12.0 206.0 57.0
93 -1.0 -1.0 13.0 277.0 62.0
94 -1.0 -1.0 16.0 174.0 32.0
95 -1.0 -1.0 13.0 193.0 38.0
96 -1.0 -1.0 10.0 318.0 52.0
97 -1.0 -1.0 11.0 344.0 55.0
98 -1.0 -1.0 4.0 178.0 66.0
99 -1.0 -1.0 8.0 256.0 22.0
100 -1.0 -1.0 10.0 349.0 52.0
101 -1.0 -1.0 10.0 124.0 35.0
102 -1.0 -1.0 6.0 110.0 57.0
103 -1.0 -1.0 13.0 233.0 76.0
104 -1.0 -1.0 19.0 97.0 47.0
105 -1.0 -1.0 20.0 236.0 39.0
106 -1.0 -1.0 12.0 78.0 87.0
107 -1.0 -1.0 13.0 362.0 38.0
108 -1.0 -1.0 14.0 251.0 46.0
109 -1.0 -1.0 18.0 257.0 40.0
110 -1.0 -1.0 11.0 400.0 83.0
111 -1.0 -1.0 9.0 125.0 42.0
112 -1.0 -1.0 16.0 33.0 92.0
113 -1.0 -1.0 7.0 368.0 87.0
114 -1.0 -1.0 17.0 383.0 45.0
115 -1.0 -1.0 7.0 330.0 94.0
116 -1.0 -1.0 10.0 154.0 67.0
117 -1.0 -1.0 12.0 264.0 68.0
118 -1.0 -1.0 19.0 330.0 29.0
119 -1.0 -1.0 8.0 165.0 57.0
120 -1.0 -1.0 6.0 71.0 68.0
121 -1.0 -1.0 6.0 69.0 15.0
122 -1.0 -1.0 10.0 317.0 51.0
123 -1.0 -1.0 4.0 107.0 93.0
124 -1.0 -1.0 5.0 212.0 57.0
125 -1.0 -1.0 4.0 29.0 54.0
126 -1.0 -1.0 18.0 243.0 63.0
127 -1.0 -1.0 18.0 308.0 37.0
128 -1.0 -1.0 14.0 137.0 36.0
129 -1.0 -1.0 14.0 300.0 38.0
130 -1.0 -1.0 9.0 60.0 99.0
131 -1.0 -1.0 14.0 204.0 30.0
132 -1.0 -1.0 7.0 17.0 42.0
133 -1.0 -1.0 12.0 63.0 69.0
134 -1.0 -1.0 6.0 335.0 64.0
135 -1.0 -1.0 17.0 257.0 71.0
136 -1.0 -1.0 4.0 270.0 23.0
137 -1.0 -1.0 16.0 386.0 87.0
138 -1.0 -1.0 20.0 105.0 51.0
139 -1.0 -1.0 18.0 166.0 68.0
140 -1.0 -1.0 8.0 388.0 96.0
141 -1.0 -1.0 4.0 50.0 53.0
142 -1.0 -1.0 8.0 256.0 57.0
143 -1.0 -1.0 15.0 363.0 38.0
144 -1.0 -1.0 5.0 385.0 66.0
145 -1.0 -1.0 11.0 254.0 51.0
146 -1.0 -1.0 13.0 373.0 85.0
147 -1.0 -1.0 13.0 32.0 79.0
148 -1.0 -1.0 17.0 324.0 89.0
149 -1.0 -1.0 4.0 335.0 81.0
150 -1.0 -1.0 14.0 347.0 73.0
151 -1.0 -1.0 17.0 146.0 74.0
152 -1.0 -1.0 6.0 213.0 38.0
153 -1.0 -1.0 16.0 324.0 15.0
154 -1.0 -1.0 14.0 86.0 75.0
155 -1.0 -1.0 4.0 27.0 48.0
156 -1.0 -1.0 15.0 279.0 40.0
157 -1.0 -1.0 20.0 272.0 98.0
158 -1.0 -1.0 17.0 357.0 82.0
159 -1.0 -1.0 18.0 368.0 71.0
160 -1.0 -1.0 14.0 113.0 80.0
161 -1.0 -1.0 4.0 288.0 57.0
162 -1.0 -1.0 14.0 98.0 90.0
163 -1.0 -1.0 20.0 277.0 25.0
164 -1.0 -1.0 9.0 351.0 89.0
165 -1.0 -1.0 9.0 335.0 79.0
166 -1.0 -1.0 18.0 233.0 48.0
167 -1.0 -1.0 12.0 327.0 21.0
168 -1.0 -1.0 18.0 47.0 46.0
169 -1.0 -1.0 20.0 382.0 59.0
170 -1.0 -1.0 4.0 65.0 56.0
171 -1.0 -1.0 6.0 124.0 40.0
172 -1.0 -1.0 17.0 100.0 56.0
173 -1.0 -1.0 9.0 166.0 46.0
174 -1.0 -1.0 16.0 379.0 91.0
175 -1.0 -1.0 11.0 71.0 67.0
176 -1.0 -1.0 20.0 396.0 99.0
177 -1.0 -1.0 10.0 374.0 57.0
178 -1.0 -1.0 4.0 382.0 90.0
179 -1.0 -1.0 16.0 317.0 17.0
180 -1.0 -1.0 15.0 274.0 70.0
181 -1.0 -1.0 11.0 178.0 38.0
182 -1.0 -1.0 4.0 46.0 91.0
183 -1.0 -1.0 6.0 358.0 36.0
184 -1.0 -1.0 12.0 154.0 65.0
185 -1.0 -1.0 12.0 268.0 58.0
186 -1.0 -1.0 9.0 342.0 25.0
187 -1.0 -1.0 16.0 147.0 76.0
188 -1.0 -1.0 16.0 156.0 81.0
189 -1.0 -1.0 7.0 324.0 83.0
190 -1.0 -1.0 17.0 188.0 73.0
191 -1.0 -1.0 14.0 106.0 64.0
192 -1.0 -1.0 4.0 194.0 88.0
193 -1.0 -1.0 15.0 98.0 39.0
194 -1.0 -1.0 20.0 152.0 75.0
195 -1.0 -1.0 20.0 225.0 60.0
196 -1.0 -1.0 7.0 45.0 26.0
197 -1.0 -1.0 18.0 147.0 32.0
198 -1.0 -1.0 14.0 81.0 40.0
199 -1.0 -1.0 15.0 108.0 59.0
200 -1.0 -1.0 11.0 312.0 42.0
201 -1.0 -1.0 12.0 244.0 21.0
202 -1.0 -1.0 12.0 75.0 98.0
203 -1.0 -1.0 19.0 328.0 68.0
204 -1.0 -1.0 10.0 77.0 58.0
205 -1.0 -1.0 17.0 88.0 79.0
206 -1.0 -1.0 10.0 280.0 30.0
207 -1.0 -1.0 8.0 393.0 75.0
208 -1.0 -1.0 15.0 203.0 95.0
209 -1.0 -1.0 17.0 238.0 53.0
210 -1.0 -1.0 17.0 128.0 17.0
211 -1.0 -1.0 5.0 222.0 21.0
212 -1.0 -1.0 15.0 228.0 90.0
213 -1.0 -1.0 15.0 200.0 72.0
214 -1.0 -1.0 8.0 171.0 34.0
215 -1.0 -1.0 9.0 268.0 55.0
216 -1.0 -1.0 12.0 143.0 97.0
217 -1.0 -1.0 20.0 334.0 31.0
218 -1.0 -1.0 14.0 180.0 94.0
219 -1.0 -1.0 18.0 156.0 80.0
220 -1.0 -1.0 16.0 186.0 18.0
221 -1.0 -1.0 14.0 323.0 97.0
222 -1.0 -1.0 15.0 149.0 41.0
223 -1.0 -1.0 10.0 375.0 45.0
224 -1.0 -1.0 15.0 27.0 16.0
225 -1.0 -1.0 13.0 253.0 41.0
226 -1.0 -1.0 10.0 385.0 58.0
227 -1.0 -1.0 6.0 328.0 36.0
228 -1.0 -1.0 13.0 382.0 57.0
229 -1.0 -1.0 20.0 91.0 46.0
230 -1.0 -1.0 19.0 344.0 34.0
231 -1.0 -1.0 19.0 374.0 96.0
232 -1.0 -1.0 16.0 270.0 35.0
233 -1.0 -1.0 7.0 177.0 46.0
234 -1.0 -1.0 6.0 290.0 39.0
235 -1.0 -1.0 8.0 204.0 22.0
236 -1.0 -1.0 12.0 191.0 39.0
237 -1.0 -1.0 16.0 177.0 75.0
238 -1.0 -1.0 8.0 254.0 98.0
239 -1.0 -1.0 11.0 259.0 45.0
240 -1.0 -1.0 16.0 223.0 50.0
241 -1.0 -1.0 7.0 264.0 63.0
242 -1.0 -1.0 19.0 81.0 60.0
243 -1.0 -1.0 8.0 162.0 20.0
244 -1.0 -1.0 16.0 180.0 22.0
245 -1.0 -1.0 6.0 364.0 22.0
246 -1.0 -1.0 19.0 329.0 71.0
247 -1.0 -1.0 14.0 251.0 51.0
248 -1.0 -1.0 16.0 149.0 20.0
249 -1.0 -1.0 6.0 99.0 94.0
250 -1.0 -1.0 4.0 76.0 100.0
251 -1.0 -1.0 20.0 301.0 65.0
252 -1.0 -1.0 9.0 278.0 33.0
253 -1.0 -1.0 8.0 378.0 45.0
254 -1.0 -1.0 10.0 138.0 81.0
255 -1.0 -1.0 14.0 32.0 15.0
256 -1.0 -1.0 7.0 333.0 26.0
257 -1.0 -1.0 10.0 38.0 80.0
258 -1.0 -1.0 9.0 30.0 72.0
259 -1.0 -1.0 11.0 87.0 39.0
260 -1.0 -1.0 19.0 264.0 35.0
261 -1.0 -1.0 13.0 327.0 39.0
262 -1.0 -1.0 15.0 85.0 55.0
263 -1.0 -1.0 11.0 258.0 72.0
264 -1.0 -1.0 11.0 114.0 39.0
265 -1.0 -1.0 13.0 21.0 76.0
266 -1.0 -1.0 20.0 242.0 88.0
267 -1.0 -1.0 11.0 113.0 24.0
268 -1.0 -1.0 9.0 308.0 98.0
269 -1.0 -1.0 14.0 17.0 81.0
270 -1.0 -1.0 4.0 134.0 61.0
271 -1.0 -1.0 6.0 113.0 34.0
272 -1.0 -1.0 11.0 331.0 53.0
273 -1.0 -1.0 13.0 86.0 64.0
274 -1.0 -1.0 14.0 160.0 57.0
275 -1.0 -1.0 19.0 335.0 36.0
276 -1.0 -1.0 18.0 117.0 84.0
277 -1.0 -1.0 10.0 102.0 46.0
278 -1.0 -1.0 12.0 45.0 26.0
279 -1.0 -1.0 5.0 150.0 18.0
280 -1.0 -1.0 7.0 196.0 89.0
281 -1.0 -1.0 9.0 120.0 65.0
282 -1.0 -1.0 20.0 189.0 56.0
283 -1.0 -1.0 6.0 200.0 52.0
284 -1.0 -1.0 11.0 172.0 58.0
285 -1.0 -1.0 10.0 122.0 31.0
286 -1.0 -1.0 11.0 245.0 75.0
287 -1.0 -1.0 11.0 242.0 18.0
288 -1.0 -1.0 5.0 297.0 43.0
289 -1.0 -1.0 20.0 285.0 70.0
290 -1.0 -1.0 5.0 69.0 97.0
291 -1.0 -1.0 12.0 209.0 89.0
292 -1.0 -1.0 10.0 99.0 29.0
293 -1.0 -1.0 13.0 305.0 48.0
294 -1.0 -1.0 7.0 390.0 72.0
295 -1.0 -1.0 16.0 115.0 64.0
296 -1.0 -1.0 17.0 46.0 31.0
297 -1.0 -1.0 19.0 175.0 60.0
298 -1.0 -1.0 8.0 116.0 30.0
299 -1.0 -1.0 4.0 358.0 100.0
300 -1.0 -1.0 7.0 359.0 44.0
301 -1.0 -1.0 4.0 203.0 83.0
302 -1.0 -1.0 9.0 224.0 70.0
303 -1.0 -1.0 18.0 103.0 18.0
304 -1.0 -1.0 7.0 111.0 90.0
305 -1.0 -1.0 11.0 291.0 64.0
306 -1.0 -1.0 16.0 201.0 93.0
307 -1.0 -1.0 16.0 90.0 54.0
308 -1.0 -1.0 12.0 213.0 19.0
309 -1.0 -1.0 9.0 304.0 54.0
310 -1.0 -1.0 5.0 269.0 58.0
311 -1.0 -1.0 17.0 46.0 100.0
312 -1.0 -1.0 5.0 247.0 25.0
313 -1.0 -1.0 9.0 249.0 34.0
314 -1.0 -1.0 10.0 80.0 58.0
315 -1.0 -1.0 11.0 200.0 15.0
316 -1.0 -1.0 18.0 71.0 32.0
317 -1.0 -1.0 11.0 166.0 38.0
318 -1.0 -1.0 19.0 293.0 94.0
319 -1.0 -1.0 11.0 305.0 78.0
320 -1.0 -1.0 12.0 317.0 35.0
321 -1.0 -1.0 4.0 259.0 68.0
322 -1.0 -1.0 17.0 118.0 68.0
323 -1.0 -1.0 15.0 252.0 17.0
324 -1.0 -1.0 17.0 273.0 68.0
325 -1.0 -1.0 6.0 338.0 45.0
326 -1.0 -1.0 14.0 358.0 15.0
327 -1.0 -1.0 9.0 178.0 31.0
328 -1.0 -1.0 14.0 322.0 22.0
329 -1.0 -1.0 14.0 98.0 99.0
330 -1.0 -1.0 14.0 141.0 86.0
331 -1.0 -1.0 17.0 27.0 25.0
332 -1.0 -1.0 8.0 216.0 62.0
333 -1.0 -1.0 18.0 79.0 84.0
334 -1.0 -1.0 19.0 229.0 68.0
335 -1.0 -1.0 20.0 259.0 36.0
336 -1.0 -1.0 19.0 289.0 96.0
337 -1.0 -1.0 7.0 154.0 20.0
338 -1.0 -1.0 6.0 198.0 53.0
339 -1.0 -1.0 9.0 288.0 100.0
340 -1.0 -1.0 8.0 27.0 90.0
341 -1.0 -1.0 6.0 286.0 24.0
342 -1.0 -1.0 4.0 185.0 49.0
343 -1.0 -1.0 9.0 391.0 62.0
344 -1.0 -1.0 6.0 190.0 22.0
345 -1.0 -1.0 7.0 112.0 76.0
346 -1.0 -1.0 7.0 48.0 24.0
347 -1.0 -1.0 7.0 123.0 52.0
348 -1.0 -1.0 18.0 167.0 71.0
349 -1.0 -1.0 8.0 199.0 54.0
350 -1.0 -1.0 18.0 91.0 31.0
351 -1.0 -1.0 20.0 371.0 21.0
352 -1.0 -1.0 14.0 222.0 28.0
353 -1.0 -1.0 4.0 240.0 99.0
354 -1.0 -1.0 6.0 283.0 28.0
355 -1.0 -1.0 6.0 35.0 20.0
356 -1.0 -1.0 8.0 245.0 91.0
357 -1.0 -1.0 6.0 218.0 80.0
358 -1.0 -1.0 18.0 189.0 41.0
359 -1.0 -1.0 14.0 275.0 24.0
360 -1.0 -1.0 8.0 63.0 88.0
361 -1.0 -1.0 8.0 398.0 57.0
362 -1.0 -1.0 18.0 293.0 82.0
363 -1.0 -1.0 14.0 346.0 37.0
364 -1.0 -1.0 4.0 340.0 78.0
365 -1.0 -1.0 14.0 243.0 17.0
366 -1.0 -1.0 13.0 283.0 74.0
367 -1.0 -1.0 8.0 248.0 33.0
368 -1.0 -1.0 5.0 98.0 48.0
369 -1.0 -1.0 20.0 280.0 75.0
370 -1.0 -1.0 8.0 267.0 91.0
371 -1.0 -1.0 12.0 243.0 16.0
372 -1.0 -1.0 14.0 322.0 18.0
373 -1.0 -1.0 7.0 35.0 39.0
374 -1.0 -1.0 5.0 324.0 75.0
375 -1.0 -1.0 16.0 168.0 25.0
376 -1.0 -1.0 8.0 133.0 40.0
377 -1.0 -1.0 8.0 103.0 25.0
378 -1.0 -1.0 18.0 257.0 85.0
379 -1.0 -1.0 4.0 190.0 93.0
380 -1.0 -1.0 19.0 64.0 31.0
381 -1.0 -1.0 8.0 145.0 17.0
382 -1.0 -1.0 20.0 294.0 36.0
383 -1.0 -1.0 10.0 303.0 20.0
384 -1.0 -1.0 16.0 382.0 27.0
385 -1.0 -1.0 9.0 365.0 33.0
386 -1.0 -1.0 19.0 94.0 75.0
387 -1.0 -1.0 13.0 125.0 90.0
388 -1.0 -1.0 12.0 275.0 79.0
389 -1.0 -1.0 11.0 380.0 76.0
390 -1.0 -1.0 5.0 281.0 79.0
391 -1.0 -1.0 5.0 313.0 65.0
392 -1.0 -1.0 15.0 166.0 60.0
393 -1.0 -1.0 18.0 261.0 30.0
394 -1.0 -1.0 20.0 65.0 73.0
395 -1.0 -1.0 16.0 367.0 39.0
396 -1.0 -1.0 7.0 306.0 56.0
397 -1.0 -1.0 19.0 239.0 20.0
398 -1.0 -1.0 12.0 350.0 27.0
399 -1.0 -1.0 8.0 359.0 77.0
400 -1.0 -1.0 18.0 400.0 76.0
401 -1.0 -1.0 4.0 44.0 48.0
402 -1.0 -1.0 12.0 241.0 61.0
403 -1.0 -1.0 5.0 382.0 73.0
404 -1.0 -1.0 16.0 108.0 40.0
405 -1.0 -1.0 9.0 106.0 37.0
406 -1.0 -1.0 7.0 127.0 35.0
407 -1.0 -1.0 12.0 22.0 70.0
408 -1.0 -1.0 16.0 172.0 73.0
409 -1.0 -1.0 5.0 272.0 23.0
410 -1.0 -1.0 12.0 318.0 53.0
411 -1.0 -1.0 15.0 377.0 81.0
412 -1.0 -1.0 9.0 111.0 33.0
413 -1.0 -1.0 10.0 17.0 75.0
414 -1.0 -1.0 18.0 105.0 32.0
415 -1.0 -1.0 10.0 41.0 26.0
416 -1.0 -1.0 12.0 47.0 86.0
417 -1.0 -1.0 12.0 396.0 19.0
418 -1.0 -1.0 7.0 228.0 19.0
419 -1.0 -1.0 5.0 163.0 55.0
420 -1.0 -1.0 7.0 208.0 19.0
421 -1.0 -1.0 20.0 244.0 90.0
422 -1.0 -1.0 4.0 302.0 84.0
423 -1.0 -1.0 20.0 355.0 29.0
424 -1.0 -1.0 5.0 196.0 96.0
425 -1.0 -1.0 6.0 138.0 55.0
426 -1.0 -1.0 14.0 158.0 26.0
427 -1.0 -1.0 8.0 186.0 28.0
428 -1.0 -1.0 4.0 335.0 86.0
429 -1.0 -1.0 15.0 238.0 100.0
430 -1.0 -1.0 20.0 245.0 55.0
431 -1.0 -1.0 12.0 85.0 72.0
432 -1.0 -1.0 19.0 163.0 83.0
433 -1.0 -1.0 7.0 372.0 36.0
434 -1.0 -1.0 20.0 330.0 97.0
435 -1.0 -1.0 20.0 135.0 84.0
436 -1.0 -1.0 10.0 140.0 99.0
437 -1.0 -1.0 15.0 344.0 77.0
438 -1.0 -1.0 18.0 248.0 41.0
439 -1.0 -1.0 13.0 172.0 55.0
440 -1.0 -1.0 5.0 183.0 70.0
441 -1.0 -1.0 6.0 214.0 61.0
442 -1.0 -1.0 17.0 365.0 16.0
443 -1.0 -1.0 15.0 392.0 79.0
444 -1.0 -1.0 13.0 159.0 31.0
445 -1.0 -1.0 13.0 85.0 55.0
446 -1.0 -1.0 9.0 96.0 86.0
447 -1.0 -1.0 4.0 267.0 56.0
448 -1.0 -1.0 6.0 242.0 94.0
449 -1.0 -1.0 8.0 256.0 19.0
450 -1.0 -1.0 10.0 150.0 90.0
451 -1.0 -1.0 11.0 285.0 80.0
452 -1.0 -1.0 12.0 113.0 97.0
453 -1.0 -1.0 16.0 371.0 92.0
454 -1.0 -1.0 7.0 366.0 76.0
455 -1.0 -1.0 15.0 274.0 15.0
456 -1.0 -1.0 8.0 343.0 17.0
457 -1.0 -1.0 8.0 52.0 30.0
458 -1.0 -1.0 4.0 87.0 41.0
459 -1.0 -1.0 11.0 359.0 36.0
460 -1.0 -1.0 20.0 329.0 50.0
461 -1.0 -1.0 19.0 154.0 51.0
462 -1.0 -1.0 14.0 258.0 93.0
463 -1.0 -1.0 6.0 94.0 32.0
464 -1.0 -1.0 6.0 346.0 73.0
465 -1.0 -1.0 9.0 197.0 94.0
466 -1.0 -1.0 17.0 238.0 31.0
467 -1.0 -1.0 13.0 43.0 25.0
468 -1.0 -1.0 15.0 212.0 54.0
469 -1.0 -1.0 18.0 184.0 50.0
470 -1.0 -1.0 14.0 145.0 96.0
471 -1.0 -1.0 6.0 349.0 90.0
472 -1.0 -1.0 15.0 202.0 61.0
473 -1.0 -1.0 16.0 185.0 64.0
474 -1.0 -1.0 4.0 280.0 36.0
475 -1.0 -1.0 17.0 22.0 15.0
476 -1.0 -1.0 17.0 70.0 70.0
477 -1.0 -1.0 19.0 328.0 98.0
478 -1.0 -1.0 7.0 338.0 48.0
479 -1.0 -1.0 16.0 292.0 50.0
480 -1.0 -1.0 7.0 83.0 24.0
481 -1.0 -1.0 6.0 169.0 47.0
482 -1.0 -1.0 13.0 242.0 51.0
483 -1.0 -1.0 5.0 149.0 93.0
484 -1.0 -1.0 10.0 234.0 43.0
485 -1.0 -1.0 7.0 268.0 37.0
486 -1.0 -1.0 11.0 76.0 61.0
487 -1.0 -1.0 12.0 117.0 51.0
488 -1.0 -1.0 11.0 169.0 89.0
489 -1.0 -1.0 14.0 204.0 85.0
490 -1.0 -1.0 15.0 164.0 84.0
491 -1.0 -1.0 15.0 104.0 65.0
492 -1.0 -1.0 15.0 161.0 67.0
493 -1.0 -1.0 17.0 176.0 31.0
494 -1.0 -1.0 14.0 296.0 88.0
495 -1.0 -1.0 6.0 87.0 52.0
496 -1.0 -1.0 8.0 98.0 39.0
497 -1.0 -1.0 9.0 225.0 36.0
498 -1.0 -1.0 15.0 56.0 46.0
499 -1.0 -1.0 19.0 200.0 63.0
500 -1.0 -1.0 20.0 283.0 55.0
501 -1.0 -1.0 11.0 331.0 86.0
502 -1.0 -1.0 13.0 350.0 39.0
503 -1.0 -1.0 14.0 226.0 19.0
504 -1.0 -1.0 6.0 121.0 97.0
505 -1.0 -1.0 7.0 301.0 57.0
506 -1.0 -1.0 10.0 230.0 99.0
507 -1.0 -1.0 12.0 45.0 57.0
508 -1.0 -1.0 18.0 203.0 21.0
509 -1.0 -1.0 9.0 351.0 74.0
510 -1.0 -1.0 9.0 115.0 72.0
511 -1.0 -1.0 18.0 122.0 24.0
512 -1.0 -1.0 4.0 190.0 17.0
513 -1.0 -1.0 19.0 25.0 76.0
514 -1.0 -1.0 18.0 369.0 71.0
515 -1.0 -1.0 6.0 266.0 66.0
516 -1.0 -1.0 12.0 342.0 67.0
517 -1.0 -1.0 17.0 316.0 20.0
518 -1.0 -1.0 4.0 132.0 17.0
519 -1.0 -1.0 15.0 158.0 62.0
520 -1.0 -1.0 14.0 217.0 38.0
521 -1.0 -1.0 5.0 118.0 99.0
522 -1.0 -1.0 17.0 356.0 37.0
523 -1.0 -1.0 11.0 333.0 37.0
524 -1.0 -1.0 11.0 35.0 45.0
525 -1.0 -1.0 19.0 220.0 91.0
526 -1.0 -1.0 16.0 260.0 85.0
527 -1.0 -1.0 12.0 217.0 67.0
528 -1.0 -1.0 17.0 96.0 58.0
529 -1.0 -1.0 4.0 301.0 47.0
530 -1.0 -1.0 10.0 61.0 37.0
531 -1.0 -1.0 8.0 94.0 61.0
532 -1.0 -1.0 9.0 26.0 15.0
533 -1.0 -1.0 7.0 75.0 95.0
534 -1.0 -1.0 18.0 163.0 61.0
535 -1.0 -1.0 20.0 40.0 86.0
536 -1.0 -1.0 18.0 167.0 41.0
537 -1.0 -1.0 5.0 177.0 99.0
538 -1.0 -1.0 8.0 91.0 99.0
539 -1.0 -1.0 11.0 290.0 68.0
540 -1.0 -1.0 17.0 219.0 49.0
541 -1.0 -1.0 19.0 103.0 57.0
542 -1.0 -1.0 18.0 80.0 97.0
543 -1.0 -1.0 19.0 209.0 32.0
544 -1.0 -1.0 15.0 111.0 90.0
545 -1.0 -1.0 12.0 243.0 25.0
546 -1.0 -1.0 20.0 84.0 53.0
547 -1.0 -1.0 5.0 272.0 55.0
548 -1.0 -1.0 10.0 334.0 40.0
549 -1.0 -1.0 9.0 189.0 98.0
550 -1.0 -1.0 5.0 55.0 63.0
551 -1.0 -1.0 17.0 296.0 43.0
552 -1.0 -1.0 7.0 117.0 76.0
553 -1.0 -1.0 9.0 80.0 31.0
554 -1.0 -1.0 13.0 239.0 80.0
555 -1.0 -1.0 7.0 143.0 65.0
556 -1.0 -1.0 20.0 15.0 55.0
557 -1.0 -1.0 20.0 371.0 88.0
558 -1.0 -1.0 16.0 314.0 100.0
559 -1.0 -1.0 19.0 334.0 90.0
560 -1.0 -1.0 19.0 234.0 63.0
561 -1.0 -1.0 15.0 56.0 99.0
562 -1.0 -1.0 11.0 146.0 88.0
563 -1.0 -1.0 16.0 174.0 72.0
564 -1.0 -1.0 11.0 45.0 29.0
565 -1.0 -1.0 10.0 224.0 47.0
566 -1.0 -1.0 13.0 225.0 44.0
567 -1.0 -1.0 12.0 331.0 34.0
568 -1.0 -1.0 15.0 268.0 88.0
569 -1.0 -1.0 19.0 391.0 78.0
570 -1.0 -1.0 4.0 300.0 71.0
571 -1.0 -1.0 8.0 261.0 58.0
572 -1.0 -1.0 7.0 216.0 92.0
573 -1.0 -1.0 8.0 190.0 32.0
574 -1.0 -1.0 14.0 15.0 50.0
575 -1.0 -1.0 4.0 392.0 32.0
576 -1.0 -1.0 19.0 243.0 15.0
577 -1.0 -1.0 13.0 68.0 48.0
578 -1.0 -1.0 19.0 224.0 20.0
579 -1.0 -1.0 18.0 324.0 70.0
580 -1.0 -1.0 12.0 242.0 19.0
581 -1.0 -1.0 16.0 384.0 72.0
582 -1.0 -1.0 13.0 306.0 44.0
583 -1.0 -1.0 10.0 342.0 87.0
584 -1.0 -1.0 9.0 130.0 50.0
585 -1.0 -1.0 19.0 32.0 72.0
586 -1.0 -1.0 8.0 300.0 81.0
587 -1.0 -1.0 16.0 327.0 42.0
588 -1.0 -1.0 8.0 49.0 26.0
589 -1.0 -1.0 13.0 51.0 24.0
590 -1.0 -1.0 15.0 301.0 68.0
591 -1.0 -1.0 13.0 364.0 29.0
592 -1.0 -1.0 8.0 169.0 100.0
593 -1.0 -1.0 19.0 48.0 97.0
594 -1.0 -1.0 10.0 149.0 16.0
595 -1.0 -1.0 4.0 214.0 32.0
596 -1.0 -1.0 14.0 190.0 70.0
597 -1.0 -1.0 18.0 194.0 32.0
598 -1.0 -1.0 12.0 252.0 48.0
599 -1.0 -1.0 10.0 253.0 64.0
774
0 24 5
0 1 9
1 25 5
2 3 6
3 4 12
4 5 9
5 27 6
5 6 11
6 28 12
6 7 9
7 29 7
7 8 12
8 9 10
9 30 6
9 10 7
10 31 12
11 33 5
11 12 8
12 34 10
12 13 9
14 15 11
15 36 6
15 16 11
17 18 8
18 19 10
19 20 5
20 37 7
21 39 9
22 41 9
22 23 6
23 42 5
24 43 11
24 25 11
25 26 12
26 44 9
27 48 10
27 28 9
28 49 5
28 29 8
29 50 5
30 31 7
31 52 7
31 32 6
32 53 6
32 33 9
33 54 10
33 34 12
35 56 5
36 58 11
37 61 10
37 38 10
38 39 12
39 62 9
39 40 5
40 63 5
40 41 10
41 64 9
41 42 8
42 65 5
43 66 6
44 68 6
44 45 10
45 69 6
45 46 12
46 70 7
46 47 11
47 48 10
48 49 7
49 71 12
49 50 7
50 51 12
52 73 10
52 53 9
53 54 5
54 74 5
55 56 5
56 76 8
56 57 9
57 58 8
58 77 5
58 59 10
59 78 7
60 81 6
60 61 8
62 83 9
62 63 5
63 64 5
64 84 10
64 65 5
66 85 11
66 67 8
67 86 6
67 68 12
68 87 12
68 69 11
69 88 10
69 70 10
70 89 10
71 91 10
72 93 5
72 73 7
74 95 9
74 75 7
76 96 10
77 98 9
77 78 11
78 79 7
79 99 5
80 101 6
80 81 12
82 103 6
82 83 9
84 105 8
85 86 11
86 87 6
87 107 6
87 88 12
88 108 6
88 89 10
89 109 10
89 90 7
90 110 12
92 112 11
92 93 12
93 113 12
94 115 7
94 95 7
96 117 9
96 97 12
97 118 11
97 98 12
99 119 10
99 100 10
100 101 5
101 120 8
102 122 11
102 103 12
103 123 11
104 105 9
105 124 8
105 106 9
106 125 5
107 108 12
108 127 5
108 109 9
109 128 7
109 110 7
110 129 8
111 131 9
111 112 9
112 132 9
112 113 7
113 114 9
114 115 9
116 134 5
117 118 11
118 136 6
119 139 5
120 140 6
120 121 11
121 122 5
122 141 6
122 123 6
123 142 8
124 144 6
124 125 11
125 145 5
126 147 12
127 128 9
128 149 7
128 129 10
129 150 5
130 152 6
130 131 5
131 153 11
131 132 5
132 154 11
133 157 10
133 134 10
134 158 12
134 135 10
136 159 5
136 137 6
137 138 8
138 160 11
138 139 10
139 161 8
140 163 8
141 165 8
141 142 5
142 166 11
143 168 12
143 144 9
144 169 6
144 145 7
146 147 12
147 170 11
147 148 5
148 171 10
149 172 10
149 150 12
150 151 11
151 173 7
151 152 6
152 153 6
153 154 6
154 174 12
154 155 5
155 175 6
156 176 11
156 157 9
157 177 6
157 158 11
158 178 12
159 180 8
160 182 5
160 161 8
161 162 9
162 163 5
163 183 11
163 164 5
164 184 9
164 165 6
165 185 5
165 166 10
166 186 7
166 167 8
167 168 11
168 187 12
168 169 6
169 188 11
170 171 9
171 190 12
172 192 5
173 194 12
174 197 9
174 175 5
176 199 7
176 177 6
177 200 9
177 178 7
178 201 7
178 179 12
179 202 10
180 204 8
180 181 11
181 182 7
182 205 11
183 184 12
184 207 10
184 185 8
185 186 11
186 208 10
187 188 5
188 189 7
189 210 12
190 212 11
190 191 10
191 192 11
192 193 8
193 213 6
193 194 10
194 214 9
194 195 6
195 196 9
196 215 7
196 197 6
198 217 12
198 199 9
199 200 7
200 218 7
200 201 10
201 219 8
201 202 9
202 220 10
202 203 7
203 221 12
203 204 7
204 222 8
205 206 6
206 223 12
207 224 11
208 226 9
208 209 7
209 227 6
211 229 7
211 212 9
213 231 11
213 214 6
214 232 12
215 234 7
216 236 10
216 217 5
218 238 9
218 219 5
219 239 7
219 220 12
220 240 11
220 221 10
221 222 10
224 244 9
224 225 5
225 226 8
226 227 10
228 246 5
230 231 7
231 249 12
231 232 10
232 250 5
232 233 11
233 251 8
233 234 10
234 252 11
234 235 8
235 253 6
235 236 8
237 238 5
238 239 11
239 255 12
239 240 7
240 256 8
241 257 10
241 242 6
242 258 5
243 260 9
243 244 6
244 261 8
245 264 8
245 246 12
246 265 5
246 247 8
247 266 7
248 267 7
249 271 9
249 250 10
250 272 5
250 251 10
251 273 8
251 252 10
252 253 5
253 274 7
254 276 6
255 256 11
257 278 8
257 258 12
258 279 12
259 280 9
259 260 9
260 261 11
261 281 11
261 262 7
263 264 7
264 283 8
264 265 10
265 284 7
265 266 12
267 285 12
267 268 6
268 269 9
270 271 6
271 286 10
271 272 7
272 273 8
273 287 7
274 288 12
274 275 12
275 289 6
275 276 10
276 290 7
277 295 10
277 278 5
278 296 10
278 279 10
282 299 9
283 284 6
284 301 10
285 303 5
286 308 7
287 310 9
288 312 12
288 289 5
289 290 5
290 313 10
291 315 6
291 292 6
292 316 7
292 293 12
293 317 10
293 294 12
294 318 9
294 295 6
295 296 11
297 320 6
298 322 6
299 325 9
299 300 8
300 326 9
301 328 11
301 302 6
303 304 5
304 329 10
304 305 5
305 330 10
305 306 12
306 307 11
307 308 11
308 309 5
309 331 8
309 310 12
310 311 12
311 332 5
311 312 11
312 333 8
313 334 8
313 314 10
314 315 12
315 316 6
316 317 6
317 335 9
317 318 5
319 338 10
319 320 5
320 339 9
320 321 8
321 322 6
322 340 5
322 323 8
323 341 7
323 324 7
324 342 5
324 325 12
325 343 9
325 326 7
326 344 10
326 327 10
327 328 6
328 345 12
329 347 11
329 330 8
330 348 7
331 350 8
332 352 12
332 333 6
334 353 5
335 354 6
336 337 8
337 338 9
338 356 8
338 339 6
339 357 11
340 358 8
340 341 9
341 359 10
341 342 11
342 343 6
343 360 12
343 344 11
345 362 5
346 364 8
346 347 11
347 365 8
347 348 11
348 366 7
349 367 5
349 350 5
350 351 7
351 352 9
353 370 11
354 372 8
354 355 6
356 375 9
356 357 9
357 376 5
358 359 5
359 378 10
360 379 6
361 362 6
362 380 11
362 363 10
363 381 6
364 365 6
365 366 9
368 369 10
369 386 5
369 370 11
371 387 9
372 389 10
373 390 11
373 374 7
374 391 8
374 375 6
375 392 11
375 376 7
376 377 5
377 393 5
378 395 10
379 396 6
380 398 8
380 381 12
382 401 6
383 384 5
384 404 7
384 385 7
385 405 10
387 409 8
387 388 10
388 389 11
389 410 10
390 412 7
390 391 7
391 392 10
392 413 7
393 415 12
393 394 10
394 416 12
394 395 11
395 417 6
397 419 12
397 398 11
399 421 7
399 400 7
401 422 5
401 402 7
402 423 12
402 403 6
403 424 6
404 426 8
404 405 10
405 406 12
407 427 11
407 408 9
408 428 7
408 409 12
410 411 8
411 430 7
411 412 6
413 414 11
414 415 10
415 431 8
415 416 6
416 432 9
416 417 12
417 418 6
418 433 6
420 436 5
421 437 10
422 440 12
422 423 8
423 441 7
423 424 11
424 442 12
424 425 6
425 443 6
425 426 9
426 444 8
427 428 8
428 445 5
429 447 12
430 449 9
431 452 12
431 432 10
432 453 9
433 454 8
433 434 8
435 457 8
435 436 7
437 458 7
437 438 12
438 459 8
438 439 7
439 460 11
439 440 12
440 441 5
441 461 6
441 442 8
442 462 9
442 443 9
443 444 5
445 466 11
445 446 11
446 467 6
446 447 10
447 468 6
447 448 11
448 469 9
448 449 11
449 470 8
449 450 6
450 471 7
451 472 8
452 453 12
454 475 10
455 477 8
455 456 12
456 457 5
458 479 12
458 459 8
459 480 7
459 460 10
460 481 7
461 462 8
462 482 8
463 464 10
464 465 10
465 484 5
466 486 7
466 467 11
467 487 11
467 468 11
468 488 10
468 469 12
469 470 8
470 489 9
470 471 7
472 491 8
472 473 7
473 492 8
474 475 12
475 493 12
475 476 6
476 494 11
476 477 9
477 495 8
478 498 7
479 499 7
479 480 6
480 481 10
481 500 10
483 504 5
484 485 9
485 486 5
486 487 12
487 488 7
488 507 9
490 509 5
490 491 9
491 492 11
492 510 9
493 494 6
494 495 8
495 512 10
495 496 8
496 513 10
496 497 6
497 514 10
497 498 5
499 515 5
500 517 10
500 501 7
501 518 7
501 502 12
502 519 8
503 521 7
503 504 9
504 505 7
505 522 5
505 506 5
507 527 6
507 508 8
508 528 12
509 530 8
510 511 6
512 535 9
512 513 12
513 536 10
513 514 6
515 537 5
515 516 6
516 517 8
517 538 11
517 518 10
518 539 7
518 519 9
519 540 11
519 520 5
520 541 6
520 521 12
521 542 7
522 543 12
523 545 5
523 524 8
524 546 10
524 525 7
525 526 8
526 547 8
526 527 5
527 548 7
527 528 11
528 549 6
528 529 9
530 551 9
531 553 8
531 532 8
532 554 9
532 533 8
533 534 10
534 555 6
534 535 10
535 536 10
537 558 8
538 560 7
538 539 9
539 540 11
540 561 9
540 541 11
541 562 6
541 542 12
542 563 10
543 544 12
544 564 8
544 545 5
545 565 8
545 546 7
546 566 9
547 567 8
547 548 11
548 568 9
548 549 10
549 569 6
550 571 12
550 551 8
551 572 10
552 575 8
552 553 11
553 576 5
553 554 9
555 577 8
556 580 10
556 557 9
558 559 6
559 581 10
559 560 10
560 582 11
561 562 12
562 563 10
563 584 10
564 586 12
564 565 5
565 587 9
565 566 5
567 588 7
567 568 10
568 589 10
568 569 5
569 570 5
570 590 10
570 571 5
571 591 6
571 572 5
572 592 6
572 573 8
573 593 8
573 574 5
574 594 11
574 575 6
575 576 8
577 597 10
577 578 11
578 598 6
578 579 10
579 580 11
580 599 11
581 582 11
582 583 5
585 586 8
586 587 9
588 589 11
590 591 5
591 592 10
592 593 9
593 594 8
595 596 10
596 597 8
597 598 6
10 0.05 0.05 0.05
