600
0 -1.0 -1.0 12.0 147.0 62.0
1 -1.0 -1.0 5.0 216.0 18.0
2 -1.0 -1.0 5.0 378.0 28.0
3 -1.0 -1.0 8.0 251.0 42.0
4 -1.0 -1.0 7.0 157.0 45.0
5 -1.0 -1.0 11.0 148.0 15.0
6 -1.0 -1.0 10.0 345.0 71.0
7 -1.0 -1.0 4.0 333.0 34.0
8 -1.0 -1.0 8.0 68.0 17.0
9 -1.0 -1.0 18.0 338.0 28.0
10 -1.0 -1.0 4.0 222.0 33.0
11 -1.0 -1.0 19.0 168.0 25.0
12 -1.0 -1.0 10.0 369.0 87.0
13 -1.0 -1.0 13.0 121.0 84.0
14 -1.0 -1.0 8.0 390.0 81.0
15 -1.0 -1.0 10.0 122.0 95.0
16 -1.0 -1.0 6.0 153.0 19.0
17 -1.0 -1.0 18.0 143.0 96.0
18 -1.0 -1.0 5.0 386.0 74.0
19 -1.0 -1.0 17.0 235.0 88.0
20 -1.0 -1.0 4.0 225.0 19.0
21 -1.0 -1.0 18.0 114.0 58.0
22 -1.0 -1.0 15.0 100.0 97.0
23 -1.0 -1.0 16.0 290.0 79.0
24 -1.0 -1.0 10.0 244.0 90.0
25 -1.0 -1.0 6.0 318.0 77.0
26 -1.0 -1.0 5.0 125.0 17.0
27 -1.0 -1.0 4.0 187.0 35.0
28 -1.0 -1.0 6.0 328.0 50.0
29 -1.0 -1.0 4.0 48.0 78.0
30 -1.0 -1.0 7.0 214.0 43.0
31 -1.0 -1.0 13.0 358.0 21.0
32 -1.0 -1.0 7.0 123.0 95.0
33 -1.0 -1.0 18.0 78.0 99.0
34 -1.0 -1.0 8.0 156.0 33.0
35 -1.0 -1.0 12.0 349.0 18.0
36 -1.0 -1.0 9.0 241.0 54.0
37 -1.0 -1.0 8.0 38.0 51.0
38 -1.0 -1.0 14.0 131.0 20.0
39 -1.0 -1.0 15.0 246.0 44.0
40 -1.0 -1.0 18.0 214.0 61.0
41 -1.0 -1.0 11.0 213.0 24.0
42 -1.0 -1.0 4.0 18.0 20.0
43 -1.0 -1.0 17.0 301.0 64.0
44 -1.0 -1.0 6.0 360.0 21.0
45 -1.0 -1.0 16.0 336.0 93.0
46 -1.0 -1.0 20.0 168.0 92.0
47 -1.0 -1.0 18.0 161.0 30.0
48 -1.0 -1.0 5.0 19.0 79.0
49 -1.0 -1.0 12.0 346.0 44.0
50 -1.0 -1.0 8.0 203.0 81.0
51 -1.0 -1.0 7.0 105.0 44.0
52 -1.0 -1.0 19.0 362.0 66.0
53 -1.0 -1.0 17.0 21.0 94.0
54 -1.0 -1.0 20.0 293.0 36.0
55 -1.0 -1.0 11.0 364.0 57.0
56 -1.0 -1.0 19.0 201.0 42.0
57 -1.0 -1.0 10.0 243.0 33.0
58 -1.0 -1.0 9.0 203.0 87.0
59 -1.0 -1.0 12.0 316.0 70.0
60 -1.0 -1.0 17.0 298.0 64.0
61 -1.0 -1.0 15.0 211.0 57.0
62 -1.0 -1.0 12.0 348.0 43.0
63 -1.0 -1.0 10.0 205.0 85.0
64 -1.0 -1.0 19.0 214.0 94.0
65 -1.0 -1.0 9.0 96.0 72.0
66 -1.0 -1.0 8.0 128.0 75.0
67 -1.0 -1.0 19.0 16.0 89.0
68 -1.0 -1.0 13.0 252.0 54.0
69 -1.0 -1.0 11.0 165.0 67.0
70 -1.0 -1.0 14.0 394.0 29.0
71 -1.0 -1.0 8.0 181.0 90.0
72 -1.0 -1.0 6.0 50.0 93.0
73 -1.0 -1.0 10.0 240.0 41.0
74 -1.0 -1.0 18.0 396.0 38.0
75 -1.0 -1.0 11.0 113.0 64.0
76 -1.0 -1.0 10.0 316.0 16.0
77 -1.0 -1.0 13.0 46.0 96.0
78 -1.0 -1.0 9.0 202.0 18.0
79 -1.0 -1.0 11.0 353.0 95.0
80 -1.0 -1.0 16.0 351.0 93.0
81 -1.0 -1.0 4.0 208.0 34.0
82 -1.0 -1.0 17.0 399.0 44.0
83 -1.0 -1.0 17.0 394.0 78.0
84 -1.0 -1.0 4.0 275.0 78.0
85 -1.0 -1.0 5.0 118.0 80.0
86 -1.0 -1.0 13.0 189.0 62.0
87 -1.0 -1.0 5.0 266.0 16.0
88 -1.0 -1.0 17.0 26.0 34.0
89 -1.0 -1.0 12.0 399.0 62.0
90 -1.0 -1.0 10.0 35.0 59.0
91 -1.0 -1.0 10.0 351.0 23.0
92 -1.0 -1.0 4.0 304.0 41.0
93 -1.0 -1.0 9.0 59.0 31.0
94 -1.0 -1.0 4.0 171.0 39.0
95 -1.0 -1.0 11.0 357.0 16.0
96 -1.0 -1.0 7.0 131.0 78.0
97 -1.0 -1.0 6.0 345.0 55.0
98 -1.0 -1.0 18.0 258.0 24.0
99 -1.0 -1.0 6.0 261.0 88.0
100 -1.0 -1.0 6.0 371.0 60.0
101 -1.0 -1.0 17.0 158.0 66.0
102 -1.0 -1.0 7.0 312.0 61.0
103 -1.0 -1.0 6.0 75.0 96.0
104 -1.0 -1.0 12.0 198.0 52.0
105 -1.0 -1.0 12.0 304.0 48.0
106 -1.0 -1.0 19.0 208.0 85.0
107 -1.0 -1.0 13.0 355.0 52.0
108 -1.0 -1.0 14.0 279.0 52.0
109 -1.0 -1.0 13.0 41.0 92.0
110 -1.0 -1.0 5.0 111.0 38.0
111 -1.0 -1.0 20.0 322.0 88.0
112 -1.0 -1.0 15.0 119.0 83.0
113 -1.0 -1.0 16.0 34.0 83.0
114 -1.0 -1.0 9.0 360.0 46.0
115 -1.0 -1.0 7.0 221.0 71.0
116 -1.0 -1.0 20.0 212.0 22.0
117 -1.0 -1.0 5.0 58.0 63.0
118 -1.0 -1.0 7.0 173.0 16.0
119 -1.0 -1.0 7.0 278.0 85.0
120 -1.0 -1.0 9.0 163.0 37.0
121 -1.0 -1.0 14.0 375.0 16.0
122 -1.0 -1.0 10.0 270.0 58.0
123 -1.0 -1.0 9.0 267.0 62.0
124 -1.0 -1.0 8.0 116.0 22.0
125 -1.0 -1.0 16.0 240.0 15.0
126 -1.0 -1.0 9.0 188.0 92.0
127 -1.0 -1.0 20.0 200.0 32.0
128 -1.0 -1.0 5.0 396.0 17.0
129 -1.0 -1.0 4.0 120.0 31.0
130 -1.0 -1.0 19.0 351.0 24.0
131 -1.0 -1.0 5.0 273.0 94.0
132 -1.0 -1.0 17.0 369.0 100.0
133 -1.0 -1.0 6.0 250.0 96.0
134 -1.0 -1.0 5.0 370.0 18.0
135 -1.0 -1.0 16.0 373.0 65.0
136 -1.0 -1.0 16.0 285.0 26.0
137 -1.0 -1.0 20.0 372.0 15.0
138 -1.0 -1.0 10.0 396.0 84.0
139 -1.0 -1.0 14.0 211.0 38.0
140 -1.0 -1.0 18.0 63.0 70.0
141 -1.0 -1.0 18.0 268.0 93.0
142 -1.0 -1.0 9.0 203.0 55.0
143 -1.0 -1.0 16.0 76.0 24.0
144 -1.0 -1.0 14.0 238.0 84.0
145 -1.0 -1.0 10.0 359.0 63.0
146 -1.0 -1.0 7.0 327.0 58.0
147 -1.0 -1.0 10.0 338.0 18.0
148 -1.0 -1.0 17.0 359.0 98.0
149 -1.0 -1.0 6.0 163.0 34.0
150 -1.0 -1.0 7.0 311.0 93.0
151 -1.0 -1.0 19.0 64.0 67.0
152 -1.0 -1.0 13.0 241.0 73.0
153 -1.0 -1.0 9.0 207.0 44.0
154 -1.0 -1.0 4.0 150.0 20.0
155 -1.0 -1.0 14.0 148.0 55.0
156 -1.0 -1.0 13.0 210.0 71.0
157 -1.0 -1.0 10.0 211.0 52.0
158 -1.0 -1.0 7.0 31.0 86.0
159 -1.0 -1.0 19.0 166.0 93.0
160 -1.0 -1.0 14.0 316.0 55.0
161 -1.0 -1.0 20.0 386.0 58.0
162 -1.0 -1.0 16.0 318.0 85.0
163 -1.0 -1.0 16.0 66.0 97.0
164 -1.0 -1.0 11.0 225.0 67.0
165 -1.0 -1.0 5.0 295.0 87.0
166 -1.0 -1.0 14.0 341.0 90.0
167 -1.0 -1.0 17.0 384.0 48.0
168 -1.0 -1.0 10.0 113.0 44.0
169 -1.0 -1.0 10.0 283.0 81.0
170 -1.0 -1.0 14.0 114.0 36.0
171 -1.0 -1.0 16.0 366.0 86.0
172 -1.0 -1.0 8.0 272.0 37.0
173 -1.0 -1.0 18.0 267.0 85.0
174 -1.0 -1.0 14.0 114.0 94.0
175 -1.0 -1.0 15.0 280.0 55.0
176 -1.0 -1.0 5.0 42.0 28.0
177 -1.0 -1.0 13.0 85.0 70.0
178 -1.0 -1.0 18.0 360.0 20.0
179 -1.0 -1.0 16.0 222.0 27.0
180 -1.0 -1.0 10.0 374.0 36.0
181 -1.0 -1.0 13.0 51.0 85.0
182 -1.0 -1.0 11.0 390.0 100.0
183 -1.0 -1.0 20.0 338.0 22.0
184 -1.0 -1.0 9.0 34.0 20.0
185 -1.0 -1.0 9.0 330.0 47.0
186 -1.0 -1.0 7.0 127.0 27.0
187 -1.0 -1.0 20.0 95.0 79.0
188 -1.0 -1.0 19.0 61.0 30.0
189 -1.0 -1.0 18.0 392.0 96.0
190 -1.0 -1.0 18.0 201.0 42.0
191 -1.0 -1.0 17.0 215.0 91.0
192 -1.0 -1.0 7.0 39.0 55.0
193 -1.0 -1.0 12.0 99.0 91.0
194 -1.0 -1.0 20.0 239.0 49.0
195 -1.0 -1.0 20.0 390.0 92.0
196 -1.0 -1.0 14.0 169.0 41.0
197 -1.0 -1.0 7.0 177.0 89.0
198 -1.0 -1.0 6.0 104.0 26.0
199 -1.0 -1.0 5.0 365.0 49.0
200 -1.0 -1.0 5.0 273.0 17.0
201 -1.0 -1.0 13.0 320.0 60.0
202 -1.0 -1.0 15.0 371.0 69.0
203 -1.0 -1.0 20.0 342.0 92.0
204 -1.0 -1.0 16.0 215.0 76.0
205 -1.0 -1.0 9.0 360.0 28.0
206 -1.0 -1.0 8.0 390.0 41.0
207 -1.0 -1.0 6.0 130.0 17.0
208 -1.0 -1.0 16.0 162.0 89.0
209 -1.0 -1.0 12.0 26.0 65.0
210 -1.0 -1.0 14.0 355.0 78.0
211 -1.0 -1.0 4.0 214.0 74.0
212 -1.0 -1.0 8.0 139.0 60.0
213 -1.0 -1.0 13.0 194.0 93.0
214 -1.0 -1.0 10.0 105.0 21.0
215 -1.0 -1.0 8.0 91.0 20.0
216 -1.0 -1.0 6.0 112.0 89.0
217 -1.0 -1.0 5.0 380.0 20.0
218 -1.0 -1.0 9.0 71.0 25.0
219 -1.0 -1.0 15.0 167.0 33.0
220 -1.0 -1.0 15.0 189.0 41.0
221 -1.0 -1.0 20.0 214.0 38.0
222 -1.0 -1.0 17.0 49.0 38.0
223 -1.0 -1.0 16.0 109.0 36.0
224 -1.0 -1.0 14.0 94.0 90.0
225 -1.0 -1.0 8.0 114.0 31.0
226 -1.0 -1.0 5.0 223.0 64.0
227 -1.0 -1.0 10.0 302.0 65.0
228 -1.0 -1.0 15.0 317.0 73.0
229 -1.0 -1.0 19.0 43.0 100.0
230 -1.0 -1.0 20.0 57.0 21.0
231 -1.0 -1.0 9.0 256.0 91.0
232 -1.0 -1.0 5.0 202.0 15.0
233 -1.0 -1.0 16.0 206.0 48.0
234 -1.0 -1.0 6.0 296.0 29.0
235 -1.0 -1.0 10.0 266.0 71.0
236 -1.0 -1.0 14.0 262.0 78.0
237 -1.0 -1.0 15.0 168.0 72.0
238 -1.0 -1.0 15.0 131.0 64.0
239 -1.0 -1.0 12.0 115.0 82.0
240 -1.0 -1.0 10.0 214.0 15.0
241 -1.0 -1.0 13.0 244.0 72.0
242 -1.0 -1.0 15.0 328.0 56.0
243 -1.0 -1.0 11.0 300.0 17.0
244 -1.0 -1.0 12.0 138.0 29.0
245 -1.0 -1.0 19.0 163.0 39.0
246 -1.0 -1.0 6.0 76.0 30.0
247 -1.0 -1.0 7.0 214.0 98.0
248 -1.0 -1.0 11.0 269.0 44.0
249 -1.0 -1.0 9.0 375.0 72.0
250 -1.0 -1.0 4.0 213.0 83.0
251 -1.0 -1.0 9.0 63.0 15.0
252 -1.0 -1.0 5.0 125.0 27.0
253 -1.0 -1.0 16.0 62.0 21.0
254 -1.0 -1.0 5.0 255.0 17.0
255 -1.0 -1.0 10.0 180.0 74.0
256 -1.0 -1.0 18.0 193.0 96.0
257 -1.0 -1.0 13.0 56.0 69.0
258 -1.0 -1.0 19.0 292.0 90.0
259 -1.0 -1.0 7.0 216.0 82.0
260 -1.0 -1.0 15.0 135.0 66.0
261 -1.0 -1.0 12.0 148.0 56.0
262 -1.0 -1.0 11.0 310.0 97.0
263 -1.0 -1.0 10.0 71.0 74.0
264 -1.0 -1.0 7.0 276.0 34.0
265 -1.0 -1.0 15.0 319.0 79.0
266 -1.0 -1.0 4.0 265.0 48.0
267 -1.0 -1.0 11.0 232.0 29.0
268 -1.0 -1.0 18.0 246.0 75.0
269 -1.0 -1.0 10.0 373.0 58.0
270 -1.0 -1.0 14.0 94.0 27.0
271 -1.0 -1.0 15.0 107.0 76.0
272 -1.0 -1.0 7.0 298.0 96.0
273 -1.0 -1.0 16.0 329.0 88.0
274 -1.0 -1.0 8.0 145.0 75.0
275 -1.0 -1.0 13.0 178.0 69.0
276 -1.0 -1.0 10.0 338.0 89.0
277 -1.0 -1.0 9.0 397.0 29.0
278 -1.0 -1.0 15.0 202.0 74.0
279 -1.0 -1.0 4.0 240.0 20.0
280 -1.0 -1.0 6.0 222.0 57.0
281 -1.0 -1.0 16.0 196.0 24.0
282 -1.0 -1.0 19.0 30.0 15.0
283 -1.0 -1.0 14.0 260.0 66.0
284 -1.0 -1.0 5.0 245.0 63.0
285 -1.0 -1.0 10.0 154.0 48.0
286 -1.0 -1.0 19.0 210.0 80.0
287 -1.0 -1.0 19.0 272.0 95.0
288 -1.0 -1.0 11.0 182.0 49.0
289 -1.0 -1.0 12.0 352.0 40.0
290 -1.0 -1.0 18.0 194.0 73.0
291 -1.0 -1.0 18.0 36.0 76.0
292 -1.0 -1.0 11.0 394.0 29.0
293 -1.0 -1.0 15.0 260.0 87.0
294 -1.0 -1.0 17.0 39.0 19.0
295 -1.0 -1.0 8.0 339.0 83.0
296 -1.0 -1.0 20.0 109.0 49.0
297 -1.0 -1.0 20.0 194.0 65.0
298 -1.0 -1.0 14.0 327.0 16.0
299 -1.0 -1.0 9.0 96.0 27.0
300 -1.0 -1.0 19.0 59.0 73.0
301 -1.0 -1.0 10.0 385.0 41.0
302 -1.0 -1.0 7.0 225.0 91.0
303 -1.0 -1.0 6.0 380.0 17.0
304 -1.0 -1.0 17.0 361.0 62.0
305 -1.0 -1.0 18.0 241.0 45.0
306 -1.0 -1.0 7.0 359.0 89.0
307 -1.0 -1.0 20.0 387.0 20.0
308 -1.0 -1.0 19.0 292.0 85.0
309 -1.0 -1.0 10.0 122.0 53.0
310 -1.0 -1.0 12.0 270.0 17.0
311 -1.0 -1.0 18.0 157.0 21.0
312 -1.0 -1.0 11.0 163.0 91.0
313 -1.0 -1.0 13.0 41.0 46.0
314 -1.0 -1.0 4.0 169.0 83.0
315 -1.0 -1.0 6.0 22.0 28.0
316 -1.0 -1.0 6.0 313.0 94.0
317 -1.0 -1.0 4.0 225.0 88.0
318 -1.0 -1.0 12.0 336.0 69.0
319 -1.0 -1.0 13.0 139.0 41.0
320 -1.0 -1.0 16.0 149.0 78.0
321 -1.0 -1.0 18.0 216.0 35.0
322 -1.0 -1.0 8.0 130.0 62.0
323 -1.0 -1.0 12.0 251.0 71.0
324 -1.0 -1.0 14.0 303.0 78.0
325 -1.0 -1.0 5.0 199.0 31.0
326 -1.0 -1.0 15.0 117.0 89.0
327 -1.0 -1.0 17.0 379.0 99.0
328 -1.0 -1.0 6.0 372.0 54.0
329 -1.0 -1.0 10.0 147.0 44.0
330 -1.0 -1.0 7.0 282.0 21.0
331 -1.0 -1.0 14.0 224.0 91.0
332 -1.0 -1.0 6.0 53.0 33.0
333 -1.0 -1.0 17.0 222.0 81.0
334 -1.0 -1.0 13.0 156.0 33.0
335 -1.0 -1.0 11.0 81.0 71.0
336 -1.0 -1.0 9.0 336.0 36.0
337 -1.0 -1.0 14.0 17.0 29.0
338 -1.0 -1.0 4.0 58.0 97.0
339 -1.0 -1.0 18.0 224.0 32.0
340 -1.0 -1.0 5.0 182.0 73.0
341 -1.0 -1.0 15.0 337.0 76.0
342 -1.0 -1.0 16.0 43.0 70.0
343 -1.0 -1.0 8.0 266.0 50.0
344 -1.0 -1.0 15.0 41.0 81.0
345 -1.0 -1.0 8.0 264.0 50.0
346 -1.0 -1.0 13.0 307.0 95.0
347 -1.0 -1.0 11.0 44.0 44.0
348 -1.0 -1.0 14.0 377.0 18.0
349 -1.0 -1.0 16.0 243.0 96.0
350 -1.0 -1.0 6.0 51.0 53.0
351 -1.0 -1.0 16.0 323.0 50.0
352 -1.0 -1.0 16.0 157.0 55.0
353 -1.0 -1.0 14.0 248.0 15.0
354 -1.0 -1.0 14.0 123.0 89.0
355 -1.0 -1.0 5.0 66.0 15.0
356 -1.0 -1.0 12.0 125.0 88.0
357 -1.0 -1.0 10.0 114.0 99.0
358 -1.0 -1.0 17.0 26.0 63.0
359 -1.0 -1.0 12.0 284.0 69.0
360 -1.0 -1.0 8.0 226.0 33.0
361 -1.0 -1.0 7.0 58.0 63.0
362 -1.0 -1.0 9.0 125.0 99.0
363 -1.0 -1.0 10.0 119.0 29.0
364 -1.0 -1.0 11.0 18.0 51.0
365 -1.0 -1.0 8.0 187.0 51.0
366 -1.0 -1.0 17.0 278.0 100.0
367 -1.0 -1.0 8.0 202.0 26.0
368 -1.0 -1.0 20.0 63.0 93.0
369 -1.0 -1.0 5.0 246.0 87.0
370 -1.0 -1.0 19.0 125.0 75.0
371 -1.0 -1.0 17.0 129.0 97.0
372 -1.0 -1.0 19.0 224.0 15.0
373 -1.0 -1.0 10.0 67.0 84.0
374 -1.0 -1.0 14.0 318.0 98.0
375 -1.0 -1.0 6.0 186.0 47.0
376 -1.0 -1.0 19.0 245.0 64.0
377 -1.0 -1.0 12.0 48.0 43.0
378 -1.0 -1.0 19.0 91.0 42.0
379 -1.0 -1.0 12.0 164.0 25.0
380 -1.0 -1.0 11.0 313.0 71.0
381 -1.0 -1.0 15.0 352.0 66.0
382 -1.0 -1.0 15.0 147.0 98.0
383 -1.0 -1.0 8.0 174.0 87.0
384 -1.0 -1.0 4.0 326.0 71.0
385 -1.0 -1.0 7.0 200.0 87.0
386 -1.0 -1.0 9.0 124.0 54.0
387 -1.0 -1.0 13.0 240.0 68.0
388 -1.0 -1.0 15.0 242.0 77.0
389 -1.0 -1.0 11.0 169.0 71.0
390 -1.0 -1.0 16.0 313.0 47.0
391 -1.0 -1.0 13.0 400.0 47.0
392 -1.0 -1.0 7.0 22.0 49.0
393 -1.0 -1.0 15.0 171.0 86.0
394 -1.0 -1.0 7.0 52.0 36.0
395 -1.0 -1.0 9.0 283.0 57.0
396 -1.0 -1.0 13.0 362.0 94.0
397 -1.0 -1.0 5.0 339.0 51.0
398 -1.0 -1.0 17.0 355.0 79.0
399 -1.0 -1.0 17.0 87.0 93.0
400 -1.0 -1.0 6.0 191.0 20.0
401 -1.0 -1.0 19.0 147.0 86.0
402 -1.0 -1.0 16.0 264.0 65.0
403 -1.0 -1.0 19.0 364.0 51.0
404 -1.0 -1.0 20.0 392.0 64.0
405 -1.0 -1.0 10.0 168.0 47.0
406 -1.0 -1.0 17.0 331.0 30.0
407 -1.0 -1.0 20.0 399.0 48.0
408 -1.0 -1.0 9.0 139.0 47.0
409 -1.0 -1.0 16.0 296.0 74.0
410 -1.0 -1.0 4.0 206.0 65.0
411 -1.0 -1.0 19.0 342.0 97.0
412 -1.0 -1.0 15.0 310.0 43.0
413 -1.0 -1.0 12.0 166.0 21.0
414 -1.0 -1.0 19.0 167.0 42.0
415 -1.0 -1.0 6.0 27.0 86.0
416 -1.0 -1.0 10.0 374.0 33.0
417 -1.0 -1.0 8.0 258.0 100.0
418 -1.0 -1.0 7.0 337.0 51.0
419 -1.0 -1.0 9.0 104.0 21.0
420 -1.0 -1.0 8.0 311.0 17.0
421 -1.0 -1.0 13.0 159.0 87.0
422 -1.0 -1.0 18.0 213.0 36.0
423 -1.0 -1.0 10.0 20.0 60.0
424 -1.0 -1.0 20.0 372.0 15.0
425 -1.0 -1.0 8.0 267.0 62.0
426 -1.0 -1.0 12.0 108.0 74.0
427 -1.0 -1.0 18.0 17.0 74.0
428 -1.0 -1.0 18.0 106.0 60.0
429 -1.0 -1.0 15.0 149.0 62.0
430 -1.0 -1.0 4.0 324.0 66.0
431 -1.0 -1.0 19.0 208.0 100.0
432 -1.0 -1.0 12.0 349.0 41.0
433 -1.0 -1.0 12.0 99.0 25.0
434 -1.0 -1.0 14.0 303.0 100.0
435 -1.0 -1.0 17.0 74.0 53.0
436 -1.0 -1.0 18.0 122.0 31.0
437 -1.0 -1.0 18.0 152.0 40.0
438 -1.0 -1.0 18.0 349.0 22.0
439 -1.0 -1.0 20.0 269.0 85.0
440 -1.0 -1.0 12.0 346.0 93.0
441 -1.0 -1.0 5.0 250.0 26.0
442 -1.0 -1.0 14.0 234.0 91.0
443 -1.0 -1.0 7.0 272.0 59.0
444 -1.0 -1.0 17.0 39.0 54.0
445 -1.0 -1.0 10.0 390.0 61.0
446 -1.0 -1.0 8.0 320.0 38.0
447 -1.0 -1.0 12.0 20.0 71.0
448 -1.0 -1.0 4.0 84.0 50.0
449 -1.0 -1.0 16.0 290.0 61.0
450 -1.0 -1.0 12.0 216.0 15.0
451 -1.0 -1.0 6.0 194.0 86.0
452 -1.0 -1.0 13.0 395.0 92.0
453 -1.0 -1.0 18.0 270.0 43.0
454 -1.0 -1.0 12.0 233.0 15.0
455 -1.0 -1.0 19.0 369.0 81.0
456 -1.0 -1.0 12.0 210.0 23.0
457 -1.0 -1.0 17.0 67.0 96.0
458 -1.0 -1.0 14.0 29.0 37.0
459 -1.0 -1.0 4.0 365.0 23.0
460 -1.0 -1.0 20.0 83.0 15.0
461 -1.0 -1.0 19.0 109.0 81.0
462 -1.0 -1.0 19.0 316.0 95.0
463 -1.0 -1.0 12.0 399.0 21.0
464 -1.0 -1.0 13.0 302.0 53.0
465 -1.0 -1.0 17.0 43.0 46.0
466 -1.0 -1.0 14.0 382.0 75.0
467 -1.0 -1.0 5.0 47.0 90.0
468 -1.0 -1.0 17.0 138.0 82.0
469 -1.0 -1.0 14.0 244.0 99.0
470 -1.0 -1.0 16.0 279.0 70.0
471 -1.0 -1.0 10.0 66.0 29.0
472 -1.0 -1.0 19.0 269.0 35.0
473 -1.0 -1.0 14.0 122.0 93.0
474 -1.0 -1.0 14.0 332.0 80.0
475 -1.0 -1.0 7.0 282.0 24.0
476 -1.0 -1.0 19.0 228.0 89.0
477 -1.0 -1.0 15.0 359.0 44.0
478 -1.0 -1.0 13.0 107.0 62.0
479 -1.0 -1.0 14.0 192.0 88.0
480 -1.0 -1.0 5.0 250.0 97.0
481 -1.0 -1.0 8.0 112.0 68.0
482 -1.0 -1.0 13.0 332.0 26.0
483 -1.0 -1.0 18.0 43.0 90.0
484 -1.0 -1.0 8.0 310.0 93.0
485 -1.0 -1.0 16.0 377.0 62.0
486 -1.0 -1.0 11.0 234.0 91.0
487 -1.0 -1.0 19.0 162.0 75.0
488 -1.0 -1.0 15.0 181.0 74.0
489 -1.0 -1.0 6.0 261.0 28.0
490 -1.0 -1.0 9.0 70.0 52.0
491 -1.0 -1.0 19.0 213.0 94.0
492 -1.0 -1.0 13.0 32.0 26.0
493 -1.0 -1.0 9.0 352.0 96.0
494 -1.0 -1.0 13.0 342.0 74.0
495 -1.0 -1.0 20.0 17.0 30.0
496 -1.0 -1.0 11.0 363.0 39.0
497 -1.0 -1.0 20.0 170.0 69.0
498 -1.0 -1.0 13.0 48.0 16.0
499 -1.0 -1.0 13.0 299.0 80.0
500 -1.0 -1.0 19.0 42.0 24.0
501 -1.0 -1.0 16.0 86.0 37.0
502 -1.0 -1.0 14.0 214.0 24.0
503 -1.0 -1.0 18.0 359.0 82.0
504 -1.0 -1.0 13.0 30.0 86.0
505 -1.0 -1.0 15.0 316.0 51.0
506 -1.0 -1.0 15.0 313.0 66.0
507 -1.0 -1.0 18.0 135.0 34.0
508 -1.0 -1.0 7.0 100.0 78.0
509 -1.0 -1.0 16.0 153.0 73.0
510 -1.0 -1.0 20.0 290.0 59.0
511 -1.0 -1.0 17.0 192.0 18.0
512 -1.0 -1.0 20.0 210.0 65.0
513 -1.0 -1.0 19.0 62.0 45.0
514 -1.0 -1.0 9.0 103.0 84.0
515 -1.0 -1.0 8.0 183.0 49.0
516 -1.0 -1.0 19.0 44.0 16.0
517 -1.0 -1.0 18.0 155.0 39.0
518 -1.0 -1.0 13.0 82.0 83.0
519 -1.0 -1.0 5.0 357.0 83.0
520 -1.0 -1.0 11.0 137.0 39.0
521 -1.0 -1.0 10.0 186.0 43.0
522 -1.0 -1.0 6.0 226.0 73.0
523 -1.0 -1.0 10.0 187.0 20.0
524 -1.0 -1.0 6.0 162.0 51.0
525 -1.0 -1.0 5.0 133.0 18.0
526 -1.0 -1.0 4.0 67.0 85.0
527 -1.0 -1.0 18.0 337.0 92.0
528 -1.0 -1.0 17.0 364.0 66.0
529 -1.0 -1.0 16.0 297.0 62.0
530 -1.0 -1.0 13.0 318.0 26.0
531 -1.0 -1.0 17.0 396.0 96.0
532 -1.0 -1.0 10.0 46.0 88.0
533 -1.0 -1.0 16.0 281.0 39.0
534 -1.0 -1.0 8.0 197.0 34.0
535 -1.0 -1.0 20.0 214.0 47.0
536 -1.0 -1.0 5.0 211.0 68.0
537 -1.0 -1.0 20.0 134.0 46.0
538 -1.0 -1.0 18.0 303.0 65.0
539 -1.0 -1.0 10.0 55.0 43.0
540 -1.0 -1.0 14.0 256.0 51.0
541 -1.0 -1.0 4.0 169.0 96.0
542 -1.0 -1.0 17.0 223.0 96.0
543 -1.0 -1.0 14.0 31.0 40.0
544 -1.0 -1.0 19.0 356.0 77.0
545 -1.0 -1.0 11.0 82.0 56.0
546 -1.0 -1.0 5.0 323.0 87.0
547 -1.0 -1.0 17.0 245.0 71.0
548 -1.0 -1.0 16.0 139.0 23.0
549 -1.0 -1.0 20.0 83.0 38.0
550 -1.0 -1.0 18.0 43.0 67.0
551 -1.0 -1.0 8.0 335.0 74.0
552 -1.0 -1.0 18.0 227.0 64.0
553 -1.0 -1.0 19.0 126.0 88.0
554 -1.0 -1.0 13.0 175.0 40.0
555 -1.0 -1.0 12.0 181.0 75.0
556 -1.0 -1.0 5.0 16.0 91.0
557 -1.0 -1.0 8.0 101.0 70.0
558 -1.0 -1.0 6.0 25.0 61.0
559 -1.0 -1.0 4.0 155.0 79.0
560 -1.0 -1.0 5.0 251.0 54.0
561 -1.0 -1.0 14.0 21.0 44.0
562 -1.0 -1.0 12.0 45.0 93.0
563 -1.0 -1.0 6.0 36.0 63.0
564 -1.0 -1.0 7.0 185.0 76.0
565 -1.0 -1.0 5.0 366.0 95.0
566 -1.0 -1.0 4.0 334.0 48.0
567 -1.0 -1.0 9.0 76.0 95.0
568 -1.0 -1.0 14.0 30.0 50.0
569 -1.0 -1.0 9.0 321.0 40.0
570 -1.0 -1.0 17.0 339.0 52.0
571 -1.0 -1.0 18.0 143.0 48.0
572 -1.0 -1.0 10.0 392.0 94.0
573 -1.0 -1.0 5.0 267.0 22.0
574 -1.0 -1.0 18.0 229.0 78.0
575 -1.0 -1.0 18.0 43.0 82.0
576 -1.0 -1.0 6.0 261.0 83.0
577 -1.0 -1.0 9.0 344.0 62.0
578 -1.0 -1.0 19.0 158.0 100.0
579 -1.0 -1.0 15.0 323.0 43.0
580 -1.0 -1.0 14.0 351.0 36.0
581 -1.0 -1.0 19.0 84.0 99.0
582 -1.0 -1.0 17.0 39.0 69.0
583 -1.0 -1.0 8.0 237.0 44.0
584 -1.0 -1.0 14.0 204.0 58.0
585 -1.0 -1.0 14.0 217.0 33.0
586 -1.0 -1.0 4.0 54.0 42.0
587 -1.0 -1.0 20.0 168.0 58.0
588 -1.0 -1.0 20.0 294.0 26.0
589 -1.0 -1.0 9.0 51.0 41.0
590 -1.0 -1.0 13.0 198.0 81.0
591 -1.0 -1.0 7.0 325.0 17.0
592 -1.0 -1.0 5.0 213.0 84.0
593 -1.0 -1.0 5.0 92.0 75.0
594 -1.0 -1.0 16.0 40.0 20.0
595 -1.0 -1.0 11.0 289.0 38.0
596 -1.0 -1.0 12.0 226.0 17.0
597 -1.0 -1.0 15.0 81.0 45.0
598 -1.0 -1.0 8.0 367.0 18.0
599 -1.0 -1.0 14.0 233.0 74.0
784
0 1 11
1 20 6
2 22 7
2 3 10
3 4 6
5 24 12
5 6 6
6 25 5
6 7 6
7 26 7
7 8 10
8 27 9
9 29 12
10 30 12
10 11 10
11 12 10
12 31 10
12 13 7
13 14 11
14 15 8
15 32 9
15 16 11
16 33 7
17 35 5
17 18 8
18 36 12
18 19 5
19 37 6
20 43 6
20 21 5
21 44 5
21 22 11
22 45 9
23 24 10
24 47 8
24 25 12
25 48 7
25 26 11
26 49 11
26 27 10
27 28 7
28 50 8
28 29 6
30 51 5
32 33 7
33 54 7
33 34 5
34 55 7
34 35 5
35 56 11
35 36 9
36 37 11
37 38 10
38 39 5
39 57 5
39 40 12
40 41 5
41 42 9
42 58 5
43 44 8
44 60 8
44 45 7
46 62 7
47 64 5
47 48 8
48 49 8
49 65 10
50 67 5
51 70 11
51 52 11
52 71 8
53 73 8
54 55 11
55 75 5
55 56 8
56 76 10
57 78 11
59 81 5
60 83 5
61 62 12
62 84 5
62 63 5
63 64 5
65 86 9
65 66 6
66 87 7
66 67 9
67 68 12
68 88 12
68 69 11
69 89 5
69 70 6
70 90 6
70 71 9
71 91 9
71 72 7
72 92 12
72 73 12
73 74 8
75 95 6
75 76 10
76 77 10
77 96 8
78 98 10
78 79 12
79 80 5
80 99 8
81 101 8
81 82 5
82 102 7
82 83 5
83 103 7
84 106 7
85 108 9
85 86 7
86 87 12
88 110 11
88 89 8
89 111 8
89 90 7
90 112 10
90 91 5
91 113 7
91 92 7
92 114 7
93 94 12
94 95 5
97 118 8
97 98 7
98 119 5
99 100 6
100 121 7
101 122 11
101 102 7
102 103 12
103 104 11
104 105 10
105 123 10
105 106 11
106 124 8
107 108 7
109 110 12
110 111 5
111 112 10
112 128 9
112 113 6
113 129 5
113 114 12
114 130 5
114 115 7
115 131 11
115 116 8
116 132 9
117 135 9
118 119 9
119 137 8
119 120 5
120 138 12
122 140 7
123 143 7
123 124 7
124 144 10
124 125 5
126 127 9
127 147 10
128 129 10
129 151 11
129 130 9
130 152 5
130 131 6
131 132 7
132 153 8
133 155 6
133 134 11
134 135 5
135 136 8
136 156 12
137 138 8
138 158 10
138 139 11
140 160 6
140 141 11
141 161 12
141 142 10
142 162 5
143 164 6
143 144 9
144 165 5
145 167 8
145 146 10
147 169 7
147 148 10
148 149 7
149 150 9
150 170 12
151 171 11
151 152 7
153 173 7
153 154 10
154 174 10
154 155 7
155 175 8
156 178 7
156 157 10
157 179 11
158 180 10
159 182 5
160 183 5
160 161 6
161 184 5
161 162 6
162 185 5
162 163 6
163 186 11
163 164 8
164 187 12
164 165 8
165 188 7
165 166 8
166 189 10
166 167 6
167 190 10
168 169 6
170 192 7
171 194 12
172 196 9
172 173 6
173 174 8
174 197 7
174 175 8
175 198 11
175 176 9
176 199 10
176 177 11
177 200 8
177 178 8
178 201 7
178 179 8
179 202 7
180 205 8
180 181 10
181 182 8
183 206 7
183 184 9
184 207 7
184 185 5
185 186 12
186 187 5
187 208 9
187 188 9
188 209 9
188 189 11
189 190 5
190 210 8
191 214 10
192 193 12
193 194 6
194 216 9
194 195 10
195 217 7
195 196 8
196 218 5
197 220 7
197 198 7
198 221 12
198 199 8
199 222 7
199 200 10
200 201 5
201 223 12
201 202 7
202 224 5
202 203 11
203 225 5
203 204 9
204 205 6
205 226 6
206 207 6
208 230 10
208 209 6
209 231 10
210 211 9
211 212 11
212 233 9
212 213 12
213 234 11
213 214 6
214 235 7
214 215 5
216 217 9
217 237 11
217 218 9
218 238 5
218 219 5
219 239 12
219 220 12
220 240 5
220 221 10
221 241 5
221 222 9
222 242 6
223 224 12
224 244 7
224 225 6
225 245 12
226 227 8
227 246 12
228 247 6
228 229 6
229 230 11
230 248 5
230 231 9
231 249 12
231 232 5
232 250 9
233 252 9
233 234 8
234 253 9
234 235 8
235 254 12
236 256 6
237 238 11
238 257 6
238 239 7
239 240 10
240 258 7
240 241 6
241 259 7
241 242 11
242 260 12
242 243 8
243 261 12
244 245 9
245 262 12
246 263 10
247 267 11
248 249 8
249 268 10
249 250 5
250 269 7
250 251 9
251 270 9
252 272 12
252 253 8
253 273 5
253 254 8
254 274 11
255 276 11
255 256 5
257 278 6
258 259 11
259 280 12
259 260 6
260 281 9
260 261 8
261 282 10
263 264 6
264 287 12
265 288 7
265 266 12
266 267 12
268 291 5
268 269 7
269 270 11
270 292 10
270 271 6
271 293 6
271 272 9
272 294 10
272 273 9
273 274 10
274 295 9
274 275 7
275 296 12
275 276 5
277 278 9
278 299 7
278 279 10
280 281 5
281 300 8
281 282 7
282 301 10
282 283 10
283 302 9
283 284 7
284 303 12
285 304 5
285 286 7
286 305 5
287 306 6
289 290 5
290 309 8
290 291 11
292 311 12
292 293 7
293 312 12
293 294 5
294 313 8
295 315 7
295 296 12
297 317 9
297 298 8
298 318 10
299 320 10
300 301 11
301 323 9
301 302 12
302 303 10
303 324 10
304 326 10
304 305 12
305 327 9
306 329 11
307 331 9
307 308 9
308 332 9
309 333 9
310 311 6
311 312 8
312 335 11
312 313 7
313 314 8
314 336 10
314 315 7
315 337 11
316 317 9
317 339 11
317 318 8
318 340 6
318 319 11
319 341 9
319 320 12
320 342 10
321 344 11
321 322 7
324 346 8
324 325 9
325 326 6
326 347 8
326 327 12
327 348 11
327 328 11
328 349 6
328 329 6
329 350 10
330 351 11
330 331 11
331 332 8
332 352 7
333 354 6
333 334 11
334 355 5
335 357 8
336 337 6
337 338 9
338 358 12
339 340 6
340 341 8
341 342 9
342 360 5
342 343 12
343 361 5
343 344 7
345 363 5
345 346 7
346 364 8
347 348 11
348 366 8
348 349 12
349 350 9
350 367 11
351 368 10
352 370 6
352 353 6
353 371 7
353 354 9
354 372 12
354 355 12
355 373 5
355 356 5
356 374 6
357 375 10
358 378 12
358 359 11
360 381 7
360 361 10
361 382 7
362 386 12
362 363 9
363 364 7
364 387 10
364 365 12
366 389 5
368 369 5
369 391 10
369 370 6
370 392 12
370 371 8
371 393 8
371 372 6
372 394 6
372 373 11
373 374 10
374 395 8
375 397 8
375 376 5
376 398 10
376 377 6
377 399 8
378 401 9
379 403 8
379 380 6
380 381 9
381 382 5
382 383 10
383 384 12
384 404 10
384 385 7
385 405 5
385 386 10
386 406 5
388 408 7
388 389 11
389 390 8
391 410 8
391 392 8
392 411 6
392 393 12
393 412 11
393 394 9
395 413 7
395 396 10
396 414 6
396 397 11
397 415 6
397 398 8
398 416 11
398 399 7
399 400 8
400 401 7
401 417 9
401 402 9
402 418 11
404 423 9
404 405 12
405 406 7
406 424 6
406 407 10
407 425 6
408 427 11
409 429 10
410 411 9
411 412 12
413 432 8
413 414 10
414 415 10
415 416 9
416 433 6
417 418 7
418 435 10
419 437 8
419 420 5
420 421 6
421 438 12
421 422 9
422 439 12
422 423 8
423 440 8
424 441 6
424 425 12
426 443 5
426 427 10
428 445 8
428 429 7
430 431 12
431 432 6
433 450 5
433 434 10
434 451 11
435 452 7
436 454 5
436 437 10
438 456 10
438 439 7
439 440 9
441 458 9
442 459 8
442 443 12
443 460 6
444 462 10
444 445 11
445 463 5
446 465 7
447 467 12
448 469 7
448 449 8
449 470 11
449 450 8
450 471 5
450 451 10
451 472 6
452 473 8
452 453 8
453 474 6
453 454 8
455 476 6
455 456 8
456 477 8
457 458 6
459 480 11
459 460 6
460 481 6
460 461 10
461 482 9
461 462 6
462 483 7
462 463 6
463 484 12
463 464 11
464 485 7
465 486 12
466 467 10
467 468 8
468 487 10
469 470 5
470 489 9
470 471 7
471 490 9
471 472 12
472 491 10
473 474 6
474 494 7
475 476 5
476 477 8
477 495 11
478 497 7
479 500 8
479 480 6
480 501 8
480 481 5
481 502 10
481 482 8
482 503 7
482 483 8
483 484 10
484 485 10
486 504 5
487 508 9
487 488 10
488 509 12
489 490 6
490 491 9
491 511 6
491 492 11
492 512 8
492 493 10
493 513 10
494 515 6
495 517 11
495 496 9
496 518 7
496 497 6
497 519 9
497 498 10
498 520 9
498 499 6
499 521 11
499 500 11
500 522 7
500 501 5
501 502 5
502 503 5
503 523 10
504 526 9
504 505 5
505 506 7
506 507 5
507 508 9
508 509 11
509 527 9
509 510 12
510 528 10
511 531 8
511 512 12
512 532 7
512 513 11
513 533 6
513 514 5
514 515 12
515 534 6
515 516 9
516 535 12
517 536 5
517 518 10
518 537 8
518 519 10
519 520 9
520 538 10
520 521 5
521 522 7
523 539 10
524 540 7
524 525 12
527 545 12
527 528 10
528 546 9
528 529 12
529 547 5
530 548 6
530 531 8
531 549 9
531 532 11
532 550 7
532 533 5
533 551 5
534 552 5
534 535 11
535 553 8
536 555 9
536 537 11
538 556 12
539 557 10
540 558 8
541 542 11
542 560 10
542 543 6
543 561 6
543 544 8
544 545 6
545 562 8
545 546 10
546 547 12
547 563 5
548 565 12
548 549 6
549 566 5
549 550 6
550 551 12
552 568 12
552 553 10
553 569 10
553 554 10
555 571 8
557 575 8
558 576 9
559 578 7
560 580 12
560 561 9
561 581 7
562 582 10
563 564 11
564 583 8
564 565 5
565 584 11
565 566 5
566 585 11
567 587 12
567 568 10
568 569 10
569 588 6
570 589 11
570 571 9
571 590 5
572 592 9
573 574 6
574 595 5
575 597 12
576 599 7
576 577 10
578 579 9
579 580 9
580 581 6
583 584 6
584 585 10
586 587 10
589 590 9
590 591 11
591 592 8
592 593 6
593 594 12
595 596 6
596 597 9
597 598 10
598 599 6
10 0.05 0.05 0.05
