726
0 -1.0 -1.0 9.0 155.0 68.0
1 -1.0 -1.0 13.0 346.0 21.0
2 -1.0 -1.0 12.0 43.0 92.0
3 -1.0 -1.0 12.0 178.0 73.0
4 -1.0 -1.0 8.0 383.0 90.0
5 -1.0 -1.0 16.0 123.0 49.0
6 -1.0 -1.0 8.0 111.0 64.0
7 -1.0 -1.0 20.0 80.0 85.0
8 -1.0 -1.0 14.0 354.0 22.0
9 -1.0 -1.0 4.0 231.0 29.0
10 -1.0 -1.0 4.0 198.0 78.0
11 -1.0 -1.0 7.0 360.0 63.0
12 -1.0 -1.0 15.0 285.0 50.0
13 -1.0 -1.0 8.0 152.0 99.0
14 -1.0 -1.0 11.0 400.0 73.0
15 -1.0 -1.0 10.0 389.0 70.0
16 -1.0 -1.0 19.0 393.0 95.0
17 -1.0 -1.0 4.0 161.0 55.0
18 -1.0 -1.0 6.0 327.0 20.0
19 -1.0 -1.0 19.0 206.0 78.0
20 -1.0 -1.0 11.0 218.0 65.0
21 -1.0 -1.0 10.0 316.0 41.0
22 -1.0 -1.0 11.0 69.0 33.0
23 -1.0 -1.0 11.0 15.0 48.0
24 -1.0 -1.0 17.0 339.0 55.0
25 -1.0 -1.0 17.0 380.0 79.0
26 -1.0 -1.0 6.0 332.0 43.0
27 -1.0 -1.0 13.0 22.0 29.0
28 -1.0 -1.0 15.0 204.0 52.0
29 -1.0 -1.0 9.0 351.0 99.0
30 -1.0 -1.0 13.0 301.0 82.0
31 -1.0 -1.0 9.0 205.0 99.0
32 -1.0 -1.0 6.0 39.0 48.0
33 -1.0 -1.0 16.0 180.0 85.0
34 -1.0 -1.0 18.0 341.0 40.0
35 -1.0 -1.0 11.0 175.0 94.0
36 -1.0 -1.0 16.0 213.0 35.0
37 -1.0 -1.0 13.0 291.0 29.0
38 -1.0 -1.0 12.0 166.0 71.0
39 -1.0 -1.0 15.0 303.0 67.0
40 -1.0 -1.0 8.0 28.0 20.0
41 -1.0 -1.0 13.0 298.0 20.0
42 -1.0 -1.0 11.0 400.0 84.0
43 -1.0 -1.0 16.0 48.0 47.0
44 -1.0 -1.0 9.0 240.0 37.0
45 -1.0 -1.0 19.0 183.0 85.0
46 -1.0 -1.0 19.0 336.0 57.0
47 -1.0 -1.0 10.0 138.0 19.0
48 -1.0 -1.0 9.0 217.0 16.0
49 -1.0 -1.0 10.0 89.0 88.0
50 -1.0 -1.0 17.0 342.0 37.0
51 -1.0 -1.0 13.0 153.0 81.0
52 -1.0 -1.0 7.0 301.0 29.0
53 -1.0 -1.0 10.0 93.0 86.0
54 -1.0 -1.0 17.0 186.0 43.0
55 -1.0 -1.0 10.0 71.0 79.0
56 -1.0 -1.0 14.0 142.0 80.0
57 -1.0 -1.0 11.0 335.0 53.0
58 -1.0 -1.0 15.0 221.0 100.0
59 -1.0 -1.0 6.0 22.0 61.0
60 -1.0 -1.0 20.0 68.0 23.0
61 -1.0 -1.0 9.0 86.0 54.0
62 -1.0 -1.0 20.0 396.0 71.0
63 -1.0 -1.0 17.0 142.0 83.0
64 -1.0 -1.0 14.0 119.0 98.0
65 -1.0 -1.0 15.0 311.0 36.0
66 -1.0 -1.0 12.0 104.0 36.0
67 -1.0 -1.0 12.0 310.0 46.0
68 -1.0 -1.0 10.0 381.0 42.0
69 -1.0 -1.0 11.0 68.0 65.0
70 -1.0 -1.0 4.0 208.0 28.0
71 -1.0 -1.0 11.0 223.0 94.0
72 -1.0 -1.0 12.0 308.0 65.0
73 -1.0 -1.0 5.0 72.0 61.0
74 -1.0 -1.0 19.0 109.0 79.0
75 -1.0 -1.0 4.0 161.0 45.0
76 -1.0 -1.0 5.0 163.0 85.0
77 -1.0 -1.0 11.0 356.0 57.0
78 -1.0 -1.0 9.0 351.0 39.0
79 -1.0 -1.0 11.0 55.0 65.0
80 -1.0 -1.0 14.0 107.0 20.0
81 -1.0 -1.0 14.0 359.0 64.0
82 -1.0 -1.0 4.0 124.0 69.0
83 -1.0 -1.0 12.0 99.0 59.0
84 -1.0 -1.0 4.0 325.0 43.0
85 -1.0 -1.0 6.0 294.0 97.0
86 -1.0 -1.0 6.0 157.0 82.0
87 -1.0 -1.0 9.0 374.0 43.0
88 -1.0 -1.0 4.0 96.0 27.0
89 -1.0 -1.0 4.0 396.0 89.0
90 -1.0 -1.0 19.0 189.0 88.0
91 -1.0 -1.0 19.0 202.0 39.0
92 -1.0 -1.0 4.0 355.0 45.0
93 -1.0 -1.0 20.0 62.0 49.0
94 -1.0 -1.0 15.0 291.0 26.0
95 -1.0 -1.0 4.0 146.0 49.0
96 -1.0 -1.0 16.0 226.0 36.0
97 -1.0 -1.0 16.0 377.0 88.0
98 -1.0 -1.0 11.0 173.0 49.0
99 -1.0 -1.0 15.0 289.0 51.0
100 -1.0 -1.0 7.0 223.0 36.0
101 -1.0 -1.0 4.0 231.0 52.0
102 -1.0 -1.0 16.0 370.0 41.0
103 -1.0 -1.0 15.0 62.0 47.0
104 -1.0 -1.0 16.0 156.0 72.0
105 -1.0 -1.0 16.0 104.0 16.0
106 -1.0 -1.0 6.0 76.0 47.0
107 -1.0 -1.0 5.0 322.0 71.0
108 -1.0 -1.0 14.0 215.0 62.0
109 -1.0 -1.0 19.0 239.0 54.0
110 -1.0 -1.0 6.0 48.0 41.0
111 -1.0 -1.0 10.0 368.0 99.0
112 -1.0 -1.0 19.0 305.0 76.0
113 -1.0 -1.0 9.0 121.0 70.0
114 -1.0 -1.0 15.0 202.0 41.0
115 -1.0 -1.0 16.0 332.0 47.0
116 -1.0 -1.0 8.0 398.0 81.0
117 -1.0 -1.0 6.0 30.0 65.0
118 -1.0 -1.0 18.0 161.0 19.0
119 -1.0 -1.0 9.0 253.0 25.0
120 -1.0 -1.0 13.0 301.0 28.0
121 -1.0 -1.0 19.0 258.0 57.0
122 -1.0 -1.0 11.0 123.0 41.0
123 -1.0 -1.0 7.0 257.0 81.0
124 -1.0 -1.0 4.0 40.0 90.0
125 -1.0 -1.0 8.0 335.0 66.0
126 -1.0 -1.0 8.0 385.0 36.0
127 -1.0 -1.0 8.0 105.0 82.0
128 -1.0 -1.0 16.0 262.0 26.0
129 -1.0 -1.0 18.0 144.0 84.0
130 -1.0 -1.0 18.0 74.0 60.0
131 -1.0 -1.0 18.0 344.0 39.0
132 -1.0 -1.0 13.0 282.0 89.0
133 -1.0 -1.0 5.0 98.0 63.0
134 -1.0 -1.0 15.0 202.0 91.0
135 -1.0 -1.0 19.0 248.0 62.0
136 -1.0 -1.0 15.0 89.0 27.0
137 -1.0 -1.0 16.0 141.0 49.0
138 -1.0 -1.0 4.0 160.0 75.0
139 -1.0 -1.0 13.0 284.0 95.0
140 -1.0 -1.0 19.0 364.0 55.0
141 -1.0 -1.0 18.0 36.0 76.0
142 -1.0 -1.0 11.0 328.0 84.0
143 -1.0 -1.0 13.0 77.0 69.0
144 -1.0 -1.0 6.0 132.0 86.0
145 -1.0 -1.0 20.0 349.0 55.0
146 -1.0 -1.0 16.0 48.0 22.0
147 -1.0 -1.0 13.0 93.0 68.0
148 -1.0 -1.0 14.0 344.0 43.0
149 -1.0 -1.0 6.0 272.0 35.0
150 -1.0 -1.0 14.0 75.0 53.0
151 -1.0 -1.0 6.0 340.0 33.0
152 -1.0 -1.0 13.0 250.0 34.0
153 -1.0 -1.0 14.0 364.0 82.0
154 -1.0 -1.0 11.0 131.0 48.0
155 -1.0 -1.0 11.0 143.0 94.0
156 -1.0 -1.0 20.0 393.0 37.0
157 -1.0 -1.0 17.0 87.0 52.0
158 -1.0 -1.0 19.0 63.0 79.0
159 -1.0 -1.0 15.0 227.0 93.0
160 -1.0 -1.0 13.0 15.0 49.0
161 -1.0 -1.0 12.0 316.0 56.0
162 -1.0 -1.0 9.0 204.0 96.0
163 -1.0 -1.0 12.0 199.0 31.0
164 -1.0 -1.0 13.0 268.0 70.0
165 -1.0 -1.0 8.0 339.0 39.0
166 -1.0 -1.0 4.0 211.0 24.0
167 -1.0 -1.0 11.0 210.0 56.0
168 -1.0 -1.0 8.0 360.0 65.0
169 -1.0 -1.0 11.0 21.0 37.0
170 -1.0 -1.0 4.0 183.0 17.0
171 -1.0 -1.0 11.0 54.0 28.0
172 -1.0 -1.0 10.0 309.0 92.0
173 -1.0 -1.0 4.0 285.0 17.0
174 -1.0 -1.0 13.0 63.0 16.0
175 -1.0 -1.0 19.0 333.0 70.0
176 -1.0 -1.0 7.0 300.0 54.0
177 -1.0 -1.0 9.0 46.0 73.0
178 -1.0 -1.0 14.0 255.0 60.0
179 -1.0 -1.0 20.0 349.0 97.0
180 -1.0 -1.0 16.0 123.0 86.0
181 -1.0 -1.0 9.0 199.0 87.0
182 -1.0 -1.0 4.0 282.0 31.0
183 -1.0 -1.0 16.0 384.0 17.0
184 -1.0 -1.0 18.0 202.0 84.0
185 -1.0 -1.0 10.0 390.0 26.0
186 -1.0 -1.0 15.0 33.0 41.0
187 -1.0 -1.0 11.0 149.0 55.0
188 -1.0 -1.0 17.0 305.0 45.0
189 -1.0 -1.0 8.0 55.0 100.0
190 -1.0 -1.0 14.0 369.0 84.0
191 -1.0 -1.0 13.0 254.0 15.0
192 -1.0 -1.0 11.0 120.0 15.0
193 -1.0 -1.0 4.0 65.0 62.0
194 -1.0 -1.0 7.0 92.0 83.0
195 -1.0 -1.0 16.0 236.0 74.0
196 -1.0 -1.0 20.0 92.0 65.0
197 -1.0 -1.0 6.0 147.0 22.0
198 -1.0 -1.0 13.0 149.0 28.0
199 -1.0 -1.0 16.0 393.0 60.0
200 -1.0 -1.0 19.0 33.0 60.0
201 -1.0 -1.0 7.0 98.0 51.0
202 -1.0 -1.0 16.0 381.0 25.0
203 -1.0 -1.0 15.0 15.0 42.0
204 -1.0 -1.0 17.0 115.0 98.0
205 -1.0 -1.0 6.0 190.0 100.0
206 -1.0 -1.0 17.0 321.0 37.0
207 -1.0 -1.0 13.0 115.0 16.0
208 -1.0 -1.0 7.0 84.0 41.0
209 -1.0 -1.0 17.0 312.0 42.0
210 -1.0 -1.0 11.0 191.0 98.0
211 -1.0 -1.0 18.0 340.0 23.0
212 -1.0 -1.0 7.0 331.0 94.0
213 -1.0 -1.0 11.0 218.0 94.0
214 -1.0 -1.0 19.0 227.0 33.0
215 -1.0 -1.0 17.0 170.0 70.0
216 -1.0 -1.0 11.0 183.0 32.0
217 -1.0 -1.0 12.0 74.0 83.0
218 -1.0 -1.0 18.0 283.0 60.0
219 -1.0 -1.0 8.0 230.0 21.0
220 -1.0 -1.0 6.0 221.0 85.0
221 -1.0 -1.0 6.0 212.0 21.0
222 -1.0 -1.0 15.0 79.0 47.0
223 -1.0 -1.0 10.0 194.0 80.0
224 -1.0 -1.0 17.0 93.0 42.0
225 -1.0 -1.0 9.0 122.0 97.0
226 -1.0 -1.0 9.0 385.0 36.0
227 -1.0 -1.0 16.0 230.0 87.0
228 -1.0 -1.0 11.0 348.0 40.0
229 -1.0 -1.0 11.0 256.0 97.0
230 -1.0 -1.0 6.0 100.0 57.0
231 -1.0 -1.0 7.0 300.0 45.0
232 -1.0 -1.0 5.0 59.0 69.0
233 -1.0 -1.0 17.0 127.0 92.0
234 -1.0 -1.0 17.0 360.0 23.0
235 -1.0 -1.0 16.0 382.0 47.0
236 -1.0 -1.0 20.0 383.0 35.0
237 -1.0 -1.0 17.0 47.0 91.0
238 -1.0 -1.0 9.0 345.0 42.0
239 -1.0 -1.0 17.0 52.0 90.0
240 -1.0 -1.0 16.0 312.0 28.0
241 -1.0 -1.0 17.0 390.0 32.0
242 -1.0 -1.0 6.0 155.0 64.0
243 -1.0 -1.0 19.0 204.0 56.0
244 -1.0 -1.0 19.0 29.0 54.0
245 -1.0 -1.0 16.0 253.0 97.0
246 -1.0 -1.0 4.0 151.0 85.0
247 -1.0 -1.0 15.0 124.0 44.0
248 -1.0 -1.0 16.0 142.0 50.0
249 -1.0 -1.0 18.0 310.0 99.0
250 -1.0 -1.0 17.0 241.0 74.0
251 -1.0 -1.0 7.0 246.0 45.0
252 -1.0 -1.0 9.0 119.0 78.0
253 -1.0 -1.0 12.0 235.0 68.0
254 -1.0 -1.0 15.0 220.0 45.0
255 -1.0 -1.0 6.0 365.0 62.0
256 -1.0 -1.0 17.0 278.0 16.0
257 -1.0 -1.0 4.0 236.0 92.0
258 -1.0 -1.0 6.0 372.0 51.0
259 -1.0 -1.0 16.0 191.0 59.0
260 -1.0 -1.0 4.0 76.0 97.0
261 -1.0 -1.0 8.0 109.0 80.0
262 -1.0 -1.0 11.0 133.0 29.0
263 -1.0 -1.0 18.0 285.0 50.0
264 -1.0 -1.0 16.0 294.0 89.0
265 -1.0 -1.0 4.0 19.0 88.0
266 -1.0 -1.0 13.0 157.0 84.0
267 -1.0 -1.0 17.0 190.0 81.0
268 -1.0 -1.0 4.0 38.0 82.0
269 -1.0 -1.0 14.0 227.0 24.0
270 -1.0 -1.0 11.0 174.0 98.0
271 -1.0 -1.0 16.0 20.0 28.0
272 -1.0 -1.0 5.0 287.0 48.0
273 -1.0 -1.0 13.0 28.0 77.0
274 -1.0 -1.0 10.0 68.0 43.0
275 -1.0 -1.0 4.0 242.0 70.0
276 -1.0 -1.0 8.0 311.0 86.0
277 -1.0 -1.0 13.0 207.0 40.0
278 -1.0 -1.0 18.0 99.0 24.0
279 -1.0 -1.0 18.0 18.0 73.0
280 -1.0 -1.0 11.0 356.0 51.0
281 -1.0 -1.0 20.0 274.0 77.0
282 -1.0 -1.0 8.0 159.0 31.0
283 -1.0 -1.0 4.0 338.0 91.0
284 -1.0 -1.0 15.0 251.0 55.0
285 -1.0 -1.0 9.0 61.0 67.0
286 -1.0 -1.0 13.0 281.0 23.0
287 -1.0 -1.0 10.0 50.0 95.0
288 -1.0 -1.0 15.0 71.0 61.0
289 -1.0 -1.0 12.0 70.0 80.0
290 -1.0 -1.0 12.0 77.0 93.0
291 -1.0 -1.0 16.0 231.0 46.0
292 -1.0 -1.0 19.0 32.0 74.0
293 -1.0 -1.0 14.0 353.0 54.0
294 -1.0 -1.0 12.0 321.0 78.0
295 -1.0 -1.0 9.0 275.0 56.0
296 -1.0 -1.0 7.0 313.0 33.0
297 -1.0 -1.0 6.0 342.0 60.0
298 -1.0 -1.0 9.0 255.0 40.0
299 -1.0 -1.0 14.0 67.0 16.0
300 -1.0 -1.0 7.0 77.0 79.0
301 -1.0 -1.0 14.0 395.0 70.0
302 -1.0 -1.0 19.0 120.0 53.0
303 -1.0 -1.0 10.0 350.0 77.0
304 -1.0 -1.0 4.0 376.0 48.0
305 -1.0 -1.0 10.0 333.0 94.0
306 -1.0 -1.0 16.0 108.0 90.0
307 -1.0 -1.0 12.0 375.0 88.0
308 -1.0 -1.0 13.0 25.0 30.0
309 -1.0 -1.0 17.0 329.0 32.0
310 -1.0 -1.0 7.0 112.0 21.0
311 -1.0 -1.0 16.0 221.0 62.0
312 -1.0 -1.0 13.0 88.0 34.0
313 -1.0 -1.0 19.0 296.0 57.0
314 -1.0 -1.0 15.0 282.0 36.0
315 -1.0 -1.0 11.0 216.0 60.0
316 -1.0 -1.0 5.0 261.0 19.0
317 -1.0 -1.0 8.0 248.0 53.0
318 -1.0 -1.0 19.0 196.0 33.0
319 -1.0 -1.0 10.0 371.0 20.0
320 -1.0 -1.0 6.0 290.0 24.0
321 -1.0 -1.0 8.0 207.0 83.0
322 -1.0 -1.0 15.0 146.0 26.0
323 -1.0 -1.0 19.0 36.0 50.0
324 -1.0 -1.0 5.0 230.0 64.0
325 -1.0 -1.0 12.0 329.0 68.0
326 -1.0 -1.0 15.0 153.0 23.0
327 -1.0 -1.0 20.0 316.0 81.0
328 -1.0 -1.0 18.0 159.0 77.0
329 -1.0 -1.0 10.0 243.0 58.0
330 -1.0 -1.0 17.0 326.0 74.0
331 -1.0 -1.0 19.0 217.0 45.0
332 -1.0 -1.0 6.0 152.0 97.0
333 -1.0 -1.0 6.0 283.0 51.0
334 -1.0 -1.0 19.0 332.0 54.0
335 -1.0 -1.0 9.0 16.0 70.0
336 -1.0 -1.0 9.0 192.0 68.0
337 -1.0 -1.0 12.0 321.0 19.0
338 -1.0 -1.0 11.0 161.0 39.0
339 -1.0 -1.0 15.0 256.0 16.0
340 -1.0 -1.0 17.0 27.0 48.0
341 -1.0 -1.0 5.0 292.0 59.0
342 -1.0 -1.0 12.0 161.0 42.0
343 -1.0 -1.0 18.0 290.0 59.0
344 -1.0 -1.0 10.0 235.0 65.0
345 -1.0 -1.0 6.0 142.0 38.0
346 -1.0 -1.0 16.0 158.0 72.0
347 -1.0 -1.0 9.0 58.0 44.0
348 -1.0 -1.0 18.0 332.0 51.0
349 -1.0 -1.0 17.0 21.0 97.0
350 -1.0 -1.0 4.0 87.0 18.0
351 -1.0 -1.0 9.0 376.0 83.0
352 -1.0 -1.0 5.0 275.0 85.0
353 -1.0 -1.0 16.0 215.0 40.0
354 -1.0 -1.0 19.0 304.0 70.0
355 -1.0 -1.0 8.0 119.0 86.0
356 -1.0 -1.0 9.0 359.0 90.0
357 -1.0 -1.0 17.0 166.0 75.0
358 -1.0 -1.0 9.0 66.0 49.0
359 -1.0 -1.0 15.0 153.0 22.0
360 -1.0 -1.0 14.0 198.0 53.0
361 -1.0 -1.0 8.0 192.0 58.0
362 -1.0 -1.0 16.0 387.0 63.0
363 -1.0 -1.0 4.0 316.0 95.0
364 -1.0 -1.0 17.0 193.0 87.0
365 -1.0 -1.0 11.0 355.0 20.0
366 -1.0 -1.0 18.0 234.0 36.0
367 -1.0 -1.0 16.0 289.0 64.0
368 -1.0 -1.0 11.0 137.0 23.0
369 -1.0 -1.0 8.0 18.0 96.0
370 -1.0 -1.0 6.0 56.0 43.0
371 -1.0 -1.0 11.0 196.0 28.0
372 -1.0 -1.0 20.0 180.0 64.0
373 -1.0 -1.0 12.0 191.0 18.0
374 -1.0 -1.0 17.0 40.0 100.0
375 -1.0 -1.0 10.0 58.0 34.0
376 -1.0 -1.0 6.0 215.0 17.0
377 -1.0 -1.0 8.0 375.0 31.0
378 -1.0 -1.0 13.0 334.0 30.0
379 -1.0 -1.0 7.0 72.0 77.0
380 -1.0 -1.0 8.0 32.0 17.0
381 -1.0 -1.0 13.0 82.0 48.0
382 -1.0 -1.0 14.0 90.0 65.0
383 -1.0 -1.0 16.0 90.0 51.0
384 -1.0 -1.0 18.0 111.0 82.0
385 -1.0 -1.0 7.0 143.0 96.0
386 -1.0 -1.0 18.0 17.0 25.0
387 -1.0 -1.0 11.0 47.0 44.0
388 -1.0 -1.0 11.0 328.0 67.0
389 -1.0 -1.0 16.0 339.0 19.0
390 -1.0 -1.0 9.0 195.0 77.0
391 -1.0 -1.0 14.0 264.0 90.0
392 -1.0 -1.0 15.0 192.0 77.0
393 -1.0 -1.0 5.0 236.0 40.0
394 -1.0 -1.0 15.0 28.0 40.0
395 -1.0 -1.0 20.0 125.0 93.0
396 -1.0 -1.0 15.0 88.0 45.0
397 -1.0 -1.0 4.0 81.0 47.0
398 -1.0 -1.0 9.0 208.0 87.0
399 -1.0 -1.0 11.0 339.0 24.0
400 -1.0 -1.0 5.0 292.0 70.0
401 -1.0 -1.0 13.0 168.0 68.0
402 -1.0 -1.0 18.0 322.0 94.0
403 -1.0 -1.0 15.0 61.0 67.0
404 -1.0 -1.0 8.0 47.0 72.0
405 -1.0 -1.0 10.0 189.0 55.0
406 -1.0 -1.0 11.0 170.0 52.0
407 -1.0 -1.0 12.0 136.0 49.0
408 -1.0 -1.0 6.0 59.0 34.0
409 -1.0 -1.0 17.0 27.0 35.0
410 -1.0 -1.0 4.0 190.0 29.0
411 -1.0 -1.0 16.0 177.0 40.0
412 -1.0 -1.0 19.0 138.0 79.0
413 -1.0 -1.0 15.0 229.0 52.0
414 -1.0 -1.0 15.0 251.0 24.0
415 -1.0 -1.0 4.0 244.0 26.0
416 -1.0 -1.0 17.0 306.0 94.0
417 -1.0 -1.0 20.0 29.0 20.0
418 -1.0 -1.0 13.0 31.0 21.0
419 -1.0 -1.0 18.0 44.0 36.0
420 -1.0 -1.0 19.0 288.0 94.0
421 -1.0 -1.0 11.0 123.0 38.0
422 -1.0 -1.0 8.0 167.0 87.0
423 -1.0 -1.0 10.0 97.0 91.0
424 -1.0 -1.0 8.0 64.0 40.0
425 -1.0 -1.0 8.0 118.0 72.0
426 -1.0 -1.0 6.0 374.0 54.0
427 -1.0 -1.0 17.0 209.0 73.0
428 -1.0 -1.0 13.0 73.0 78.0
429 -1.0 -1.0 7.0 291.0 26.0
430 -1.0 -1.0 9.0 69.0 85.0
431 -1.0 -1.0 18.0 341.0 93.0
432 -1.0 -1.0 11.0 195.0 94.0
433 -1.0 -1.0 5.0 228.0 69.0
434 -1.0 -1.0 5.0 60.0 25.0
435 -1.0 -1.0 13.0 330.0 36.0
436 -1.0 -1.0 19.0 226.0 63.0
437 -1.0 -1.0 10.0 34.0 17.0
438 -1.0 -1.0 19.0 61.0 49.0
439 -1.0 -1.0 18.0 34.0 79.0
440 -1.0 -1.0 13.0 299.0 41.0
441 -1.0 -1.0 4.0 127.0 27.0
442 -1.0 -1.0 7.0 30.0 26.0
443 -1.0 -1.0 16.0 71.0 95.0
444 -1.0 -1.0 17.0 155.0 62.0
445 -1.0 -1.0 20.0 200.0 55.0
446 -1.0 -1.0 18.0 75.0 68.0
447 -1.0 -1.0 14.0 227.0 64.0
448 -1.0 -1.0 8.0 179.0 75.0
449 -1.0 -1.0 7.0 279.0 75.0
450 -1.0 -1.0 8.0 180.0 96.0
451 -1.0 -1.0 18.0 224.0 67.0
452 -1.0 -1.0 9.0 25.0 92.0
453 -1.0 -1.0 20.0 169.0 31.0
454 -1.0 -1.0 9.0 37.0 67.0
455 -1.0 -1.0 4.0 50.0 96.0
456 -1.0 -1.0 10.0 250.0 60.0
457 -1.0 -1.0 7.0 163.0 48.0
458 -1.0 -1.0 18.0 144.0 22.0
459 -1.0 -1.0 14.0 39.0 19.0
460 -1.0 -1.0 17.0 139.0 25.0
461 -1.0 -1.0 19.0 194.0 26.0
462 -1.0 -1.0 5.0 16.0 48.0
463 -1.0 -1.0 20.0 126.0 60.0
464 -1.0 -1.0 13.0 272.0 90.0
465 -1.0 -1.0 9.0 388.0 37.0
466 -1.0 -1.0 10.0 76.0 28.0
467 -1.0 -1.0 10.0 158.0 100.0
468 -1.0 -1.0 5.0 306.0 35.0
469 -1.0 -1.0 9.0 119.0 64.0
470 -1.0 -1.0 7.0 397.0 29.0
471 -1.0 -1.0 9.0 77.0 90.0
472 -1.0 -1.0 9.0 31.0 93.0
473 -1.0 -1.0 4.0 365.0 63.0
474 -1.0 -1.0 13.0 196.0 25.0
475 -1.0 -1.0 18.0 231.0 65.0
476 -1.0 -1.0 15.0 148.0 83.0
477 -1.0 -1.0 5.0 320.0 94.0
478 -1.0 -1.0 13.0 366.0 74.0
479 -1.0 -1.0 13.0 320.0 23.0
480 -1.0 -1.0 16.0 165.0 59.0
481 -1.0 -1.0 11.0 185.0 92.0
482 -1.0 -1.0 13.0 219.0 34.0
483 -1.0 -1.0 5.0 194.0 58.0
484 -1.0 -1.0 10.0 288.0 23.0
485 -1.0 -1.0 13.0 250.0 100.0
486 -1.0 -1.0 12.0 196.0 24.0
487 -1.0 -1.0 12.0 373.0 61.0
488 -1.0 -1.0 13.0 65.0 75.0
489 -1.0 -1.0 9.0 31.0 84.0
490 -1.0 -1.0 8.0 114.0 91.0
491 -1.0 -1.0 4.0 378.0 95.0
492 -1.0 -1.0 7.0 309.0 89.0
493 -1.0 -1.0 7.0 104.0 35.0
494 -1.0 -1.0 12.0 331.0 87.0
495 -1.0 -1.0 10.0 168.0 18.0
496 -1.0 -1.0 19.0 337.0 51.0
497 -1.0 -1.0 18.0 248.0 42.0
498 -1.0 -1.0 8.0 202.0 75.0
499 -1.0 -1.0 14.0 163.0 83.0
500 -1.0 -1.0 4.0 319.0 47.0
501 -1.0 -1.0 9.0 134.0 20.0
502 -1.0 -1.0 17.0 179.0 43.0
503 -1.0 -1.0 5.0 369.0 38.0
504 -1.0 -1.0 18.0 309.0 51.0
505 -1.0 -1.0 11.0 70.0 80.0
506 -1.0 -1.0 10.0 387.0 27.0
507 -1.0 -1.0 19.0 59.0 52.0
508 -1.0 -1.0 15.0 131.0 57.0
509 -1.0 -1.0 9.0 170.0 93.0
510 -1.0 -1.0 9.0 64.0 100.0
511 -1.0 -1.0 5.0 68.0 55.0
512 -1.0 -1.0 4.0 48.0 77.0
513 -1.0 -1.0 5.0 85.0 60.0
514 -1.0 -1.0 5.0 73.0 34.0
515 -1.0 -1.0 19.0 134.0 33.0
516 -1.0 -1.0 17.0 145.0 23.0
517 -1.0 -1.0 11.0 111.0 98.0
518 -1.0 -1.0 14.0 311.0 34.0
519 -1.0 -1.0 4.0 36.0 43.0
520 -1.0 -1.0 15.0 212.0 73.0
521 -1.0 -1.0 19.0 384.0 81.0
522 -1.0 -1.0 6.0 104.0 87.0
523 -1.0 -1.0 14.0 136.0 26.0
524 -1.0 -1.0 6.0 388.0 89.0
525 -1.0 -1.0 17.0 97.0 88.0
526 -1.0 -1.0 4.0 291.0 88.0
527 -1.0 -1.0 13.0 102.0 31.0
528 -1.0 -1.0 20.0 120.0 39.0
529 -1.0 -1.0 13.0 314.0 16.0
530 -1.0 -1.0 12.0 186.0 78.0
531 -1.0 -1.0 4.0 227.0 45.0
532 -1.0 -1.0 18.0 240.0 62.0
533 -1.0 -1.0 8.0 400.0 88.0
534 -1.0 -1.0 7.0 371.0 29.0
535 -1.0 -1.0 5.0 236.0 50.0
536 -1.0 -1.0 20.0 300.0 64.0
537 -1.0 -1.0 7.0 222.0 68.0
538 -1.0 -1.0 6.0 340.0 21.0
539 -1.0 -1.0 16.0 106.0 81.0
540 -1.0 -1.0 15.0 363.0 18.0
541 -1.0 -1.0 19.0 126.0 90.0
542 -1.0 -1.0 5.0 292.0 78.0
543 -1.0 -1.0 13.0 149.0 23.0
544 -1.0 -1.0 15.0 86.0 33.0
545 -1.0 -1.0 5.0 361.0 85.0
546 -1.0 -1.0 13.0 217.0 46.0
547 -1.0 -1.0 16.0 238.0 27.0
548 -1.0 -1.0 15.0 357.0 95.0
549 -1.0 -1.0 16.0 74.0 39.0
550 -1.0 -1.0 5.0 60.0 39.0
551 -1.0 -1.0 15.0 159.0 76.0
552 -1.0 -1.0 20.0 210.0 21.0
553 -1.0 -1.0 18.0 298.0 70.0
554 -1.0 -1.0 9.0 105.0 29.0
555 -1.0 -1.0 11.0 363.0 78.0
556 -1.0 -1.0 18.0 386.0 71.0
557 -1.0 -1.0 11.0 244.0 87.0
558 -1.0 -1.0 12.0 243.0 19.0
559 -1.0 -1.0 7.0 74.0 92.0
560 -1.0 -1.0 5.0 118.0 64.0
561 -1.0 -1.0 9.0 319.0 30.0
562 -1.0 -1.0 11.0 207.0 56.0
563 -1.0 -1.0 18.0 359.0 52.0
564 -1.0 -1.0 12.0 334.0 71.0
565 -1.0 -1.0 17.0 397.0 37.0
566 -1.0 -1.0 9.0 201.0 27.0
567 -1.0 -1.0 14.0 48.0 77.0
568 -1.0 -1.0 14.0 33.0 90.0
569 -1.0 -1.0 11.0 305.0 51.0
570 -1.0 -1.0 11.0 220.0 35.0
571 -1.0 -1.0 19.0 116.0 55.0
572 -1.0 -1.0 8.0 389.0 29.0
573 -1.0 -1.0 7.0 378.0 61.0
574 -1.0 -1.0 8.0 228.0 74.0
575 -1.0 -1.0 19.0 241.0 79.0
576 -1.0 -1.0 19.0 313.0 53.0
577 -1.0 -1.0 7.0 138.0 77.0
578 -1.0 -1.0 13.0 173.0 98.0
579 -1.0 -1.0 5.0 122.0 42.0
580 -1.0 -1.0 7.0 107.0 60.0
581 -1.0 -1.0 18.0 73.0 35.0
582 -1.0 -1.0 8.0 67.0 78.0
583 -1.0 -1.0 10.0 202.0 17.0
584 -1.0 -1.0 13.0 125.0 44.0
585 -1.0 -1.0 19.0 76.0 96.0
586 -1.0 -1.0 12.0 300.0 41.0
587 -1.0 -1.0 10.0 370.0 34.0
588 -1.0 -1.0 12.0 152.0 27.0
589 -1.0 -1.0 10.0 344.0 31.0
590 -1.0 -1.0 15.0 230.0 27.0
591 -1.0 -1.0 18.0 304.0 23.0
592 -1.0 -1.0 15.0 155.0 25.0
593 -1.0 -1.0 5.0 243.0 95.0
594 -1.0 -1.0 7.0 258.0 23.0
595 -1.0 -1.0 20.0 86.0 70.0
596 -1.0 -1.0 20.0 178.0 70.0
597 -1.0 -1.0 11.0 336.0 69.0
598 -1.0 -1.0 8.0 169.0 79.0
599 -1.0 -1.0 9.0 369.0 37.0
600 -1.0 -1.0 15.0 225.0 22.0
601 -1.0 -1.0 9.0 370.0 23.0
602 -1.0 -1.0 6.0 344.0 78.0
603 -1.0 -1.0 4.0 173.0 41.0
604 -1.0 -1.0 15.0 364.0 79.0
605 -1.0 -1.0 12.0 260.0 79.0
606 -1.0 -1.0 7.0 331.0 47.0
607 -1.0 -1.0 20.0 20.0 46.0
608 -1.0 -1.0 12.0 253.0 42.0
609 -1.0 -1.0 19.0 207.0 54.0
610 -1.0 -1.0 9.0 364.0 78.0
611 -1.0 -1.0 19.0 30.0 35.0
612 -1.0 -1.0 13.0 296.0 18.0
613 -1.0 -1.0 16.0 168.0 46.0
614 -1.0 -1.0 12.0 147.0 93.0
615 -1.0 -1.0 10.0 198.0 86.0
616 -1.0 -1.0 12.0 180.0 85.0
617 -1.0 -1.0 18.0 267.0 92.0
618 -1.0 -1.0 10.0 101.0 33.0
619 -1.0 -1.0 13.0 221.0 17.0
620 -1.0 -1.0 13.0 298.0 54.0
621 -1.0 -1.0 11.0 64.0 91.0
622 -1.0 -1.0 12.0 21.0 100.0
623 -1.0 -1.0 8.0 144.0 86.0
624 -1.0 -1.0 13.0 313.0 99.0
625 -1.0 -1.0 10.0 41.0 64.0
626 -1.0 -1.0 12.0 60.0 37.0
627 -1.0 -1.0 12.0 306.0 30.0
628 -1.0 -1.0 16.0 78.0 77.0
629 -1.0 -1.0 15.0 49.0 49.0
630 -1.0 -1.0 13.0 321.0 83.0
631 -1.0 -1.0 13.0 342.0 64.0
632 -1.0 -1.0 8.0 255.0 55.0
633 -1.0 -1.0 7.0 95.0 77.0
634 -1.0 -1.0 9.0 316.0 15.0
635 -1.0 -1.0 12.0 288.0 40.0
636 -1.0 -1.0 6.0 197.0 37.0
637 -1.0 -1.0 16.0 351.0 90.0
638 -1.0 -1.0 9.0 343.0 86.0
639 -1.0 -1.0 10.0 28.0 36.0
640 -1.0 -1.0 6.0 167.0 27.0
641 -1.0 -1.0 15.0 273.0 64.0
642 -1.0 -1.0 11.0 18.0 28.0
643 -1.0 -1.0 6.0 173.0 33.0
644 -1.0 -1.0 7.0 310.0 61.0
645 -1.0 -1.0 8.0 147.0 75.0
646 -1.0 -1.0 9.0 356.0 30.0
647 -1.0 -1.0 17.0 285.0 65.0
648 -1.0 -1.0 18.0 156.0 87.0
649 -1.0 -1.0 5.0 58.0 35.0
650 -1.0 -1.0 19.0 73.0 36.0
651 -1.0 -1.0 9.0 296.0 29.0
652 -1.0 -1.0 14.0 357.0 41.0
653 -1.0 -1.0 14.0 267.0 53.0
654 -1.0 -1.0 10.0 321.0 82.0
655 -1.0 -1.0 14.0 193.0 84.0
656 -1.0 -1.0 12.0 281.0 69.0
657 -1.0 -1.0 16.0 168.0 34.0
658 -1.0 -1.0 5.0 37.0 84.0
659 -1.0 -1.0 17.0 245.0 92.0
660 -1.0 -1.0 20.0 299.0 88.0
661 -1.0 -1.0 16.0 274.0 56.0
662 -1.0 -1.0 18.0 156.0 86.0
663 -1.0 -1.0 5.0 302.0 20.0
664 -1.0 -1.0 17.0 177.0 55.0
665 -1.0 -1.0 17.0 135.0 28.0
666 -1.0 -1.0 11.0 216.0 52.0
667 -1.0 -1.0 6.0 319.0 32.0
668 -1.0 -1.0 18.0 117.0 87.0
669 -1.0 -1.0 14.0 36.0 42.0
670 -1.0 -1.0 12.0 63.0 39.0
671 -1.0 -1.0 13.0 279.0 15.0
672 -1.0 -1.0 20.0 318.0 86.0
673 -1.0 -1.0 13.0 210.0 38.0
674 -1.0 -1.0 15.0 79.0 38.0
675 -1.0 -1.0 12.0 199.0 16.0
676 -1.0 -1.0 17.0 31.0 25.0
677 -1.0 -1.0 10.0 86.0 82.0
678 -1.0 -1.0 10.0 155.0 53.0
679 -1.0 -1.0 10.0 261.0 21.0
680 -1.0 -1.0 16.0 238.0 60.0
681 -1.0 -1.0 8.0 312.0 73.0
682 -1.0 -1.0 16.0 137.0 16.0
683 -1.0 -1.0 5.0 378.0 31.0
684 -1.0 -1.0 19.0 144.0 87.0
685 -1.0 -1.0 7.0 153.0 93.0
686 -1.0 -1.0 9.0 89.0 37.0
687 -1.0 -1.0 18.0 328.0 80.0
688 -1.0 -1.0 6.0 59.0 25.0
689 -1.0 -1.0 15.0 37.0 20.0
690 -1.0 -1.0 13.0 116.0 54.0
691 -1.0 -1.0 6.0 346.0 35.0
692 -1.0 -1.0 6.0 359.0 82.0
693 -1.0 -1.0 7.0 111.0 48.0
694 -1.0 -1.0 7.0 253.0 57.0
695 -1.0 -1.0 20.0 97.0 44.0
696 -1.0 -1.0 8.0 233.0 15.0
697 -1.0 -1.0 13.0 262.0 33.0
698 -1.0 -1.0 6.0 168.0 65.0
699 -1.0 -1.0 14.0 290.0 23.0
700 -1.0 -1.0 6.0 138.0 91.0
701 -1.0 -1.0 6.0 115.0 19.0
702 -1.0 -1.0 6.0 300.0 61.0
703 -1.0 -1.0 5.0 118.0 39.0
704 -1.0 -1.0 12.0 40.0 73.0
705 -1.0 -1.0 5.0 104.0 85.0
706 -1.0 -1.0 15.0 143.0 33.0
707 -1.0 -1.0 9.0 30.0 17.0
708 -1.0 -1.0 11.0 152.0 20.0
709 -1.0 -1.0 17.0 46.0 41.0
710 -1.0 -1.0 4.0 277.0 35.0
711 -1.0 -1.0 9.0 61.0 88.0
712 -1.0 -1.0 19.0 127.0 32.0
713 -1.0 -1.0 10.0 152.0 42.0
714 -1.0 -1.0 5.0 205.0 100.0
715 -1.0 -1.0 16.0 69.0 98.0
716 -1.0 -1.0 20.0 291.0 43.0
717 -1.0 -1.0 20.0 254.0 59.0
718 -1.0 -1.0 15.0 215.0 20.0
719 -1.0 -1.0 9.0 362.0 69.0
720 -1.0 -1.0 11.0 132.0 50.0
721 -1.0 -1.0 15.0 250.0 99.0
722 -1.0 -1.0 18.0 363.0 67.0
723 -1.0 -1.0 4.0 115.0 73.0
724 -1.0 -1.0 13.0 71.0 16.0
725 -1.0 -1.0 14.0 183.0 58.0
931
0 23 8
1 2 6
2 3 8
3 4 5
4 24 8
4 5 12
5 25 11
6 27 12
7 8 12
8 30 12
9 32 6
9 10 7
11 12 7
12 33 5
12 13 10
14 15 7
15 16 5
16 17 12
17 35 12
17 18 9
18 19 10
19 36 10
19 20 6
21 38 8
22 41 5
22 23 11
23 42 6
24 25 8
25 47 11
25 26 6
26 48 9
26 27 7
27 49 7
27 28 11
28 29 8
30 31 12
31 32 10
32 50 9
33 53 12
34 55 6
35 56 11
36 58 12
37 60 8
37 38 8
38 61 6
38 39 10
39 62 12
40 63 9
40 41 5
41 64 11
41 42 6
42 43 6
43 44 7
44 45 5
45 65 5
45 46 6
46 66 5
47 68 12
47 48 8
48 69 12
48 49 7
50 74 12
50 51 8
51 75 10
51 52 5
53 54 10
54 77 12
54 55 10
55 78 10
56 81 9
56 57 10
57 82 5
57 58 9
58 59 8
59 83 5
59 60 9
60 84 9
60 61 5
61 85 10
61 62 5
63 64 10
64 86 9
65 89 8
65 66 8
66 67 7
67 90 11
67 68 5
68 69 11
69 91 8
70 93 7
71 72 6
72 73 11
73 95 10
73 74 10
74 96 9
74 75 11
75 97 10
76 98 12
77 100 8
77 78 8
79 101 9
79 80 7
80 102 5
80 81 10
81 103 12
81 82 12
83 84 11
84 105 12
84 85 5
85 106 5
86 87 5
88 109 10
88 89 12
89 110 7
91 113 11
91 92 5
92 114 7
92 93 12
93 115 11
93 94 11
95 96 8
96 97 6
97 118 8
98 120 12
98 99 7
99 121 5
99 100 5
100 122 11
101 102 8
102 103 6
104 126 10
105 106 11
106 128 7
107 129 7
108 132 11
108 109 10
109 133 7
109 110 8
110 111 9
111 134 9
112 113 9
113 136 10
113 114 9
114 115 8
116 137 5
116 117 7
117 138 6
118 141 11
118 119 10
119 120 5
120 142 12
120 121 8
121 143 11
121 122 8
122 144 12
122 123 12
123 124 7
125 126 9
126 146 12
126 127 6
127 147 8
128 149 9
129 151 6
129 130 5
130 131 6
131 132 11
132 152 11
132 133 8
134 135 5
135 153 5
136 155 9
137 138 10
138 157 9
138 139 9
139 140 12
140 158 7
140 141 11
141 159 7
142 143 6
143 160 6
143 144 9
144 161 12
145 164 5
146 147 7
147 167 12
147 148 12
148 168 8
148 149 8
149 150 11
150 169 6
151 170 6
152 173 8
153 176 8
153 154 7
154 155 11
156 177 12
158 159 12
159 179 9
160 182 8
160 161 5
162 163 9
163 164 9
164 165 9
165 183 12
165 166 9
166 184 5
167 186 5
167 168 11
169 188 8
170 189 5
170 171 8
171 190 10
171 172 11
172 191 7
172 173 8
173 174 5
174 192 7
175 193 7
175 176 8
176 194 6
177 178 6
178 197 8
179 180 10
180 181 11
181 202 10
181 182 12
182 203 7
183 206 9
183 184 12
184 207 11
184 185 10
185 208 8
185 186 9
186 209 8
187 211 7
187 188 7
188 212 11
189 213 5
189 190 12
190 214 6
190 191 10
193 194 11
194 216 6
194 195 12
195 217 10
195 196 8
197 198 8
198 199 12
199 219 12
199 200 11
200 201 9
201 220 10
202 223 11
202 203 11
203 204 10
204 224 6
205 206 5
206 227 7
206 207 9
207 208 10
208 209 11
209 210 7
210 228 11
210 211 9
211 229 8
211 212 6
212 230 7
213 231 5
213 214 9
214 232 10
215 235 10
216 237 10
216 217 6
218 239 9
220 242 7
220 221 7
221 243 10
221 222 7
222 244 11
222 223 11
223 245 12
224 247 5
224 225 12
225 226 6
227 250 9
228 229 8
229 230 8
230 253 12
231 254 12
231 232 7
232 255 7
232 233 11
233 256 12
233 234 5
234 257 11
235 236 5
236 237 8
237 259 12
238 261 5
239 240 12
240 241 8
241 263 12
242 265 5
242 243 10
243 266 11
243 244 7
244 267 8
244 245 7
245 246 5
246 247 9
248 268 9
248 249 7
249 269 11
249 250 8
250 251 8
251 270 12
251 252 11
252 271 11
253 273 5
254 255 7
255 274 9
255 256 5
256 275 5
256 257 11
257 258 10
258 276 12
259 260 11
260 279 12
260 261 8
261 280 11
261 262 10
263 283 8
264 285 5
264 265 7
265 266 6
266 286 11
266 267 7
268 269 9
269 290 9
270 271 5
271 292 12
272 294 8
272 273 12
273 295 9
274 275 6
275 296 6
276 297 12
276 277 10
277 298 10
277 278 9
278 299 12
279 280 5
280 301 7
281 282 5
282 283 10
283 303 7
283 284 10
284 285 9
285 304 7
286 305 10
287 307 6
288 308 5
288 289 7
290 310 8
290 291 5
292 312 8
293 294 9
294 314 12
294 295 7
295 315 9
297 317 8
297 298 12
298 318 9
298 299 6
299 319 8
299 300 9
301 320 10
301 302 10
302 321 7
304 324 9
305 326 10
305 306 6
306 327 5
306 307 5
307 328 9
308 331 6
309 333 5
309 310 6
310 334 7
311 312 5
312 336 11
312 313 8
313 337 10
314 339 8
314 315 6
315 340 12
316 342 10
317 318 12
318 344 12
318 319 9
319 345 6
320 348 8
320 321 6
321 322 5
322 349 6
322 323 10
323 350 12
324 353 9
324 325 11
325 354 9
325 326 10
326 327 11
327 355 9
327 328 5
328 356 12
328 329 7
329 330 7
330 331 9
331 357 7
331 332 6
332 333 11
333 358 12
333 334 9
334 359 11
334 335 5
335 360 9
336 362 11
336 337 9
337 363 7
337 338 12
338 364 6
338 339 7
339 340 6
340 365 12
341 342 9
342 366 8
342 343 7
343 367 10
344 345 12
345 370 11
345 346 11
346 347 12
347 348 8
348 371 12
349 373 9
349 350 12
350 374 6
350 351 8
351 375 5
351 352 9
352 376 6
352 353 5
353 377 7
353 354 11
354 378 12
355 356 8
356 379 10
357 382 5
358 384 10
358 359 10
359 360 11
360 385 7
360 361 12
361 386 12
361 362 6
362 387 6
362 363 7
363 388 8
363 364 8
364 389 7
365 390 11
366 367 10
367 368 12
368 392 7
368 369 6
370 393 6
371 372 6
372 396 10
372 373 8
373 397 8
373 374 10
374 375 11
375 376 10
376 377 6
377 378 8
378 398 9
379 380 12
380 400 5
380 381 11
381 401 10
381 382 12
382 402 6
382 383 12
383 384 5
385 404 9
385 386 5
386 387 8
387 405 8
387 388 9
388 389 11
391 407 9
392 409 11
393 411 11
393 394 12
394 412 6
394 395 5
396 397 8
397 414 8
398 415 10
398 399 6
399 416 11
400 418 5
400 401 11
401 419 6
401 402 10
402 420 12
403 423 12
403 404 6
404 424 7
405 425 9
406 428 7
407 430 9
407 408 12
408 431 11
409 433 7
410 434 12
410 411 6
411 435 8
411 412 7
412 436 11
413 438 10
415 441 11
415 416 8
416 417 6
417 442 6
418 419 11
419 444 11
419 420 12
420 445 10
420 421 5
421 422 5
422 446 10
422 423 12
423 447 5
423 424 7
424 448 6
425 450 10
425 426 12
426 427 8
427 451 12
427 428 12
428 429 9
430 452 11
430 431 12
431 453 7
431 432 11
432 454 5
432 433 12
433 455 11
434 457 7
434 435 6
435 458 7
435 436 7
436 459 5
436 437 12
437 460 6
437 438 7
439 463 9
440 441 9
442 443 8
443 465 7
444 466 5
444 445 7
445 467 12
446 469 5
446 447 5
447 470 8
447 448 9
448 471 11
448 449 12
449 450 11
450 472 9
451 473 6
452 476 12
452 453 12
453 454 12
454 477 9
454 455 11
455 478 10
455 456 11
456 479 12
456 457 6
457 480 8
457 458 7
458 481 9
458 459 12
459 460 5
460 482 12
461 485 12
461 462 7
462 486 8
462 463 6
463 487 10
463 464 9
464 488 8
466 467 11
467 468 6
468 493 7
468 469 8
469 494 7
469 470 9
470 495 5
470 471 6
471 496 9
473 499 10
473 474 12
474 500 12
474 475 8
476 501 9
477 503 10
477 478 8
478 504 7
478 479 9
479 480 10
480 481 12
481 505 6
482 483 11
483 506 11
483 484 7
484 507 9
484 485 10
485 508 7
485 486 12
486 509 11
486 487 8
487 510 9
487 488 11
488 511 6
488 489 5
489 512 12
489 490 8
491 514 8
492 515 5
493 494 12
494 518 11
494 495 5
495 496 11
496 519 7
496 497 6
497 520 10
498 499 8
499 521 7
499 500 12
500 522 12
501 523 7
501 502 7
502 503 7
503 524 9
503 504 11
504 525 6
506 507 6
507 530 5
507 508 12
508 531 5
508 509 7
509 532 5
509 510 9
510 533 10
510 511 8
511 534 5
511 512 11
513 536 5
513 514 9
514 537 12
515 539 7
515 516 12
516 517 6
517 540 11
518 541 8
519 520 12
520 543 10
521 522 5
522 545 8
523 547 8
524 549 5
524 525 5
525 526 8
526 550 11
526 527 9
528 551 5
528 529 7
530 553 9
530 531 12
531 554 6
531 532 11
532 555 7
532 533 6
533 534 12
535 557 8
535 536 6
536 537 11
537 538 11
538 558 5
538 539 9
539 559 5
540 560 5
541 542 11
542 561 5
544 563 10
545 565 9
545 546 7
546 566 6
547 567 12
547 548 10
548 549 12
549 568 12
551 571 12
552 553 9
553 573 7
553 554 10
554 574 10
554 555 9
555 575 9
556 557 10
558 580 8
558 559 9
559 581 12
561 583 10
562 563 7
563 586 7
563 564 12
564 565 6
565 566 5
567 587 5
568 588 12
569 570 8
570 590 11
570 571 9
571 572 5
572 591 6
573 574 6
574 593 9
574 575 6
575 594 9
575 576 12
576 577 11
578 597 12
578 579 11
579 598 12
579 580 11
580 581 8
581 599 8
581 582 6
582 600 8
583 602 11
583 584 11
584 603 10
584 585 12
585 604 6
587 607 6
588 609 6
589 611 8
591 613 6
591 592 10
593 614 12
593 594 9
595 616 10
595 596 5
596 617 7
596 597 7
597 598 7
598 618 7
599 600 5
600 620 10
601 622 10
602 623 10
602 603 11
603 624 9
603 604 10
604 625 12
605 627 9
605 606 8
606 628 10
607 630 12
607 608 5
608 609 9
609 631 12
609 610 10
610 611 7
611 632 9
612 613 7
613 635 10
615 638 10
615 616 11
616 639 10
616 617 11
618 619 7
619 641 8
620 621 7
621 642 7
621 622 7
623 644 11
623 624 5
624 645 6
624 625 5
625 646 11
626 648 12
626 627 5
627 628 12
628 629 7
629 649 7
630 650 10
631 652 12
632 653 10
632 633 6
633 634 11
634 654 10
635 656 5
635 636 10
636 657 12
637 660 10
638 662 5
638 639 11
639 663 7
640 665 5
643 670 10
643 644 10
644 671 8
644 645 5
645 672 5
645 646 5
646 647 5
647 673 10
647 648 6
648 674 10
649 677 9
650 678 11
650 651 12
651 652 8
652 679 8
653 680 8
654 681 12
654 655 12
655 656 8
656 682 9
656 657 7
657 683 7
657 658 5
658 684 9
658 659 5
659 685 7
659 660 8
660 686 9
660 661 11
661 687 5
661 662 9
662 688 8
662 663 6
663 689 9
663 664 8
664 690 12
664 665 6
665 666 7
666 691 10
667 693 12
667 668 5
668 694 9
669 696 11
669 670 10
670 697 12
670 671 12
671 672 11
672 698 12
673 700 8
673 674 12
674 701 7
674 675 9
675 702 9
675 676 6
676 703 11
676 677 9
677 704 6
678 705 11
680 708 11
681 709 6
682 710 8
682 683 12
683 711 8
683 684 10
684 685 6
685 686 7
686 712 9
686 687 10
687 713 7
687 688 6
688 689 5
689 714 11
689 690 11
690 715 9
691 717 12
691 692 12
692 718 5
692 693 10
693 719 7
693 694 6
694 720 9
694 695 10
695 696 6
696 697 5
697 721 12
698 699 5
699 722 5
699 700 5
700 723 10
700 701 5
701 702 8
702 724 11
702 703 6
703 704 9
704 725 12
705 706 11
707 708 12
710 711 8
712 713 9
714 715 7
715 716 7
716 717 8
717 718 9
718 719 10
719 720 7
722 723 8
10 0.05 0.05 0.05
