600
0 -1.0 -1.0 20.0 281.0 82.0
1 -1.0 -1.0 4.0 255.0 43.0
2 -1.0 -1.0 15.0 286.0 40.0
3 -1.0 -1.0 5.0 151.0 39.0
4 -1.0 -1.0 8.0 290.0 57.0
5 -1.0 -1.0 4.0 30.0 90.0
6 -1.0 -1.0 20.0 271.0 63.0
7 -1.0 -1.0 12.0 274.0 68.0
8 -1.0 -1.0 12.0 53.0 78.0
9 -1.0 -1.0 6.0 96.0 27.0
10 -1.0 -1.0 13.0 123.0 69.0
11 -1.0 -1.0 10.0 207.0 33.0
12 -1.0 -1.0 13.0 35.0 22.0
13 -1.0 -1.0 5.0 110.0 68.0
14 -1.0 -1.0 16.0 271.0 47.0
15 -1.0 -1.0 9.0 380.0 24.0
16 -1.0 -1.0 10.0 285.0 74.0
17 -1.0 -1.0 8.0 45.0 49.0
18 -1.0 -1.0 8.0 232.0 69.0
19 -1.0 -1.0 6.0 149.0 75.0
20 -1.0 -1.0 18.0 92.0 46.0
21 -1.0 -1.0 12.0 67.0 86.0
22 -1.0 -1.0 19.0 286.0 20.0
23 -1.0 -1.0 7.0 126.0 85.0
24 -1.0 -1.0 4.0 365.0 94.0
25 -1.0 -1.0 5.0 231.0 78.0
26 -1.0 -1.0 10.0 71.0 16.0
27 -1.0 -1.0 15.0 71.0 45.0
28 -1.0 -1.0 20.0 204.0 26.0
29 -1.0 -1.0 10.0 231.0 38.0
30 -1.0 -1.0 9.0 371.0 37.0
31 -1.0 -1.0 10.0 399.0 76.0
32 -1.0 -1.0 18.0 22.0 62.0
33 -1.0 -1.0 19.0 356.0 97.0
34 -1.0 -1.0 15.0 391.0 83.0
35 -1.0 -1.0 11.0 285.0 73.0
36 -1.0 -1.0 16.0 389.0 51.0
37 -1.0 -1.0 4.0 262.0 51.0
38 -1.0 -1.0 13.0 293.0 33.0
39 -1.0 -1.0 19.0 118.0 43.0
40 -1.0 -1.0 18.0 177.0 44.0
41 -1.0 -1.0 12.0 169.0 69.0
42 -1.0 -1.0 11.0 183.0 57.0
43 -1.0 -1.0 10.0 278.0 60.0
44 -1.0 -1.0 11.0 93.0 24.0
45 -1.0 -1.0 17.0 131.0 23.0
46 -1.0 -1.0 20.0 69.0 85.0
47 -1.0 -1.0 12.0 136.0 67.0
48 -1.0 -1.0 14.0 346.0 54.0
49 -1.0 -1.0 18.0 255.0 45.0
50 -1.0 -1.0 17.0 328.0 56.0
51 -1.0 -1.0 4.0 132.0 23.0
52 -1.0 -1.0 8.0 219.0 64.0
53 -1.0 -1.0 11.0 58.0 98.0
54 -1.0 -1.0 7.0 116.0 41.0
55 -1.0 -1.0 11.0 347.0 79.0
56 -1.0 -1.0 12.0 135.0 47.0
57 -1.0 -1.0 4.0 68.0 29.0
58 -1.0 -1.0 7.0 359.0 54.0
59 -1.0 -1.0 17.0 45.0 81.0
60 -1.0 -1.0 8.0 151.0 75.0
61 -1.0 -1.0 18.0 18.0 32.0
62 -1.0 -1.0 5.0 31.0 80.0
63 -1.0 -1.0 7.0 368.0 58.0
64 -1.0 -1.0 18.0 215.0 80.0
65 -1.0 -1.0 4.0 279.0 87.0
66 -1.0 -1.0 20.0 380.0 39.0
67 -1.0 -1.0 4.0 378.0 97.0
68 -1.0 -1.0 11.0 326.0 43.0
69 -1.0 -1.0 9.0 136.0 59.0
70 -1.0 -1.0 8.0 293.0 72.0
71 -1.0 -1.0 17.0 298.0 81.0
72 -1.0 -1.0 16.0 342.0 56.0
73 -1.0 -1.0 9.0 53.0 95.0
74 -1.0 -1.0 13.0 199.0 53.0
75 -1.0 -1.0 10.0 56.0 46.0
76 -1.0 -1.0 20.0 251.0 94.0
77 -1.0 -1.0 5.0 321.0 62.0
78 -1.0 -1.0 20.0 106.0 71.0
79 -1.0 -1.0 4.0 85.0 74.0
80 -1.0 -1.0 17.0 72.0 94.0
81 -1.0 -1.0 14.0 179.0 69.0
82 -1.0 -1.0 13.0 118.0 20.0
83 -1.0 -1.0 18.0 94.0 100.0
84 -1.0 -1.0 6.0 288.0 49.0
85 -1.0 -1.0 17.0 148.0 43.0
86 -1.0 -1.0 5.0 113.0 90.0
87 -1.0 -1.0 7.0 44.0 18.0
88 -1.0 -1.0 10.0 348.0 61.0
89 -1.0 -1.0 20.0 211.0 76.0
90 -1.0 -1.0 11.0 214.0 20.0
91 -1.0 -1.0 8.0 359.0 87.0
92 -1.0 -1.0 20.0 37.0 65.0
93 -1.0 -1.0 6.0 399.0 65.0
94 -1.0 -1.0 15.0 53.0 40.0
95 -1.0 -1.0 19.0 110.0 27.0
96 -1.0 -1.0 19.0 307.0 47.0
97 -1.0 -1.0 8.0 154.0 37.0
98 -1.0 -1.0 11.0 160.0 40.0
99 -1.0 -1.0 12.0 172.0 83.0
100 -1.0 -1.0 18.0 34.0 72.0
101 -1.0 -1.0 5.0 291.0 76.0
102 -1.0 -1.0 19.0 183.0 68.0
103 -1.0 -1.0 16.0 148.0 90.0
104 -1.0 -1.0 4.0 165.0 77.0
105 -1.0 -1.0 12.0 181.0 46.0
106 -1.0 -1.0 17.0 327.0 40.0
107 -1.0 -1.0 13.0 323.0 79.0
108 -1.0 -1.0 13.0 91.0 16.0
109 -1.0 -1.0 6.0 269.0 36.0
110 -1.0 -1.0 14.0 361.0 93.0
111 -1.0 -1.0 5.0 31.0 43.0
112 -1.0 -1.0 13.0 15.0 68.0
113 -1.0 -1.0 9.0 370.0 79.0
114 -1.0 -1.0 19.0 217.0 29.0
115 -1.0 -1.0 10.0 77.0 64.0
116 -1.0 -1.0 8.0 105.0 86.0
117 -1.0 -1.0 4.0 45.0 78.0
118 -1.0 -1.0 15.0 299.0 57.0
119 -1.0 -1.0 20.0 383.0 78.0
120 -1.0 -1.0 11.0 131.0 74.0
121 -1.0 -1.0 16.0 111.0 95.0
122 -1.0 -1.0 11.0 242.0 68.0
123 -1.0 -1.0 7.0 268.0 43.0
124 -1.0 -1.0 17.0 321.0 68.0
125 -1.0 -1.0 8.0 271.0 42.0
126 -1.0 -1.0 9.0 362.0 45.0
127 -1.0 -1.0 13.0 116.0 43.0
128 -1.0 -1.0 17.0 135.0 27.0
129 -1.0 -1.0 11.0 153.0 90.0
130 -1.0 -1.0 6.0 114.0 15.0
131 -1.0 -1.0 18.0 283.0 36.0
132 -1.0 -1.0 19.0 233.0 87.0
133 -1.0 -1.0 19.0 238.0 39.0
134 -1.0 -1.0 13.0 117.0 80.0
135 -1.0 -1.0 9.0 135.0 59.0
136 -1.0 -1.0 14.0 112.0 99.0
137 -1.0 -1.0 18.0 338.0 84.0
138 -1.0 -1.0 14.0 356.0 93.0
139 -1.0 -1.0 11.0 16.0 44.0
140 -1.0 -1.0 15.0 218.0 18.0
141 -1.0 -1.0 7.0 265.0 83.0
142 -1.0 -1.0 14.0 182.0 20.0
143 -1.0 -1.0 6.0 137.0 65.0
144 -1.0 -1.0 12.0 94.0 19.0
145 -1.0 -1.0 17.0 59.0 63.0
146 -1.0 -1.0 11.0 132.0 24.0
147 -1.0 -1.0 17.0 244.0 40.0
148 -1.0 -1.0 8.0 119.0 84.0
149 -1.0 -1.0 19.0 37.0 64.0
150 -1.0 -1.0 7.0 105.0 50.0
151 -1.0 -1.0 13.0 308.0 68.0
152 -1.0 -1.0 13.0 383.0 74.0
153 -1.0 -1.0 4.0 185.0 83.0
154 -1.0 -1.0 9.0 166.0 86.0
155 -1.0 -1.0 12.0 301.0 57.0
156 -1.0 -1.0 19.0 261.0 58.0
157 -1.0 -1.0 7.0 61.0 32.0
158 -1.0 -1.0 11.0 291.0 64.0
159 -1.0 -1.0 10.0 339.0 56.0
160 -1.0 -1.0 20.0 292.0 22.0
161 -1.0 -1.0 11.0 294.0 63.0
162 -1.0 -1.0 9.0 200.0 45.0
163 -1.0 -1.0 12.0 337.0 42.0
164 -1.0 -1.0 19.0 200.0 23.0
165 -1.0 -1.0 8.0 218.0 53.0
166 -1.0 -1.0 17.0 216.0 22.0
167 -1.0 -1.0 10.0 172.0 82.0
168 -1.0 -1.0 10.0 242.0 35.0
169 -1.0 -1.0 8.0 322.0 61.0
170 -1.0 -1.0 19.0 396.0 19.0
171 -1.0 -1.0 15.0 72.0 99.0
172 -1.0 -1.0 11.0 353.0 47.0
173 -1.0 -1.0 5.0 370.0 55.0
174 -1.0 -1.0 9.0 246.0 62.0
175 -1.0 -1.0 17.0 98.0 34.0
176 -1.0 -1.0 11.0 89.0 61.0
177 -1.0 -1.0 12.0 169.0 69.0
178 -1.0 -1.0 12.0 62.0 93.0
179 -1.0 -1.0 4.0 372.0 71.0
180 -1.0 -1.0 4.0 227.0 15.0
181 -1.0 -1.0 10.0 399.0 22.0
182 -1.0 -1.0 13.0 77.0 90.0
183 -1.0 -1.0 18.0 355.0 32.0
184 -1.0 -1.0 16.0 53.0 41.0
185 -1.0 -1.0 10.0 66.0 92.0
186 -1.0 -1.0 14.0 304.0 92.0
187 -1.0 -1.0 7.0 310.0 64.0
188 -1.0 -1.0 8.0 349.0 31.0
189 -1.0 -1.0 20.0 101.0 65.0
190 -1.0 -1.0 8.0 48.0 55.0
191 -1.0 -1.0 6.0 70.0 69.0
192 -1.0 -1.0 17.0 15.0 93.0
193 -1.0 -1.0 4.0 236.0 62.0
194 -1.0 -1.0 13.0 292.0 46.0
195 -1.0 -1.0 20.0 334.0 20.0
196 -1.0 -1.0 9.0 277.0 71.0
197 -1.0 -1.0 9.0 347.0 38.0
198 -1.0 -1.0 8.0 111.0 46.0
199 -1.0 -1.0 7.0 258.0 79.0
200 -1.0 -1.0 7.0 317.0 28.0
201 -1.0 -1.0 10.0 370.0 82.0
202 -1.0 -1.0 18.0 161.0 30.0
203 -1.0 -1.0 5.0 204.0 74.0
204 -1.0 -1.0 13.0 283.0 39.0
205 -1.0 -1.0 16.0 233.0 57.0
206 -1.0 -1.0 11.0 242.0 30.0
207 -1.0 -1.0 4.0 279.0 56.0
208 -1.0 -1.0 10.0 276.0 88.0
209 -1.0 -1.0 20.0 178.0 92.0
210 -1.0 -1.0 19.0 167.0 86.0
211 -1.0 -1.0 11.0 89.0 22.0
212 -1.0 -1.0 12.0 42.0 86.0
213 -1.0 -1.0 7.0 130.0 87.0
214 -1.0 -1.0 8.0 33.0 85.0
215 -1.0 -1.0 7.0 368.0 18.0
216 -1.0 -1.0 20.0 222.0 42.0
217 -1.0 -1.0 19.0 175.0 60.0
218 -1.0 -1.0 18.0 367.0 70.0
219 -1.0 -1.0 14.0 101.0 74.0
220 -1.0 -1.0 13.0 75.0 32.0
221 -1.0 -1.0 19.0 228.0 35.0
222 -1.0 -1.0 16.0 234.0 40.0
223 -1.0 -1.0 11.0 37.0 58.0
224 -1.0 -1.0 5.0 380.0 83.0
225 -1.0 -1.0 6.0 238.0 72.0
226 -1.0 -1.0 19.0 304.0 85.0
227 -1.0 -1.0 6.0 41.0 33.0
228 -1.0 -1.0 20.0 70.0 37.0
229 -1.0 -1.0 12.0 165.0 86.0
230 -1.0 -1.0 16.0 178.0 68.0
231 -1.0 -1.0 9.0 188.0 59.0
232 -1.0 -1.0 12.0 212.0 18.0
233 -1.0 -1.0 9.0 126.0 75.0
234 -1.0 -1.0 10.0 302.0 39.0
235 -1.0 -1.0 8.0 88.0 62.0
236 -1.0 -1.0 15.0 141.0 79.0
237 -1.0 -1.0 16.0 123.0 45.0
238 -1.0 -1.0 10.0 108.0 20.0
239 -1.0 -1.0 5.0 333.0 21.0
240 -1.0 -1.0 15.0 247.0 69.0
241 -1.0 -1.0 18.0 361.0 87.0
242 -1.0 -1.0 19.0 191.0 19.0
243 -1.0 -1.0 9.0 37.0 65.0
244 -1.0 -1.0 15.0 133.0 28.0
245 -1.0 -1.0 8.0 173.0 34.0
246 -1.0 -1.0 10.0 45.0 34.0
247 -1.0 -1.0 5.0 359.0 96.0
248 -1.0 -1.0 6.0 54.0 58.0
249 -1.0 -1.0 12.0 74.0 42.0
250 -1.0 -1.0 17.0 25.0 96.0
251 -1.0 -1.0 19.0 277.0 71.0
252 -1.0 -1.0 7.0 182.0 30.0
253 -1.0 -1.0 7.0 285.0 16.0
254 -1.0 -1.0 13.0 324.0 28.0
255 -1.0 -1.0 9.0 184.0 17.0
256 -1.0 -1.0 10.0 108.0 45.0
257 -1.0 -1.0 10.0 317.0 73.0
258 -1.0 -1.0 10.0 181.0 19.0
259 -1.0 -1.0 9.0 128.0 65.0
260 -1.0 -1.0 6.0 370.0 97.0
261 -1.0 -1.0 16.0 27.0 99.0
262 -1.0 -1.0 10.0 337.0 41.0
263 -1.0 -1.0 9.0 221.0 52.0
264 -1.0 -1.0 8.0 317.0 68.0
265 -1.0 -1.0 11.0 363.0 43.0
266 -1.0 -1.0 6.0 22.0 41.0
267 -1.0 -1.0 7.0 400.0 90.0
268 -1.0 -1.0 15.0 86.0 33.0
269 -1.0 -1.0 12.0 169.0 26.0
270 -1.0 -1.0 6.0 27.0 46.0
271 -1.0 -1.0 6.0 385.0 46.0
272 -1.0 -1.0 8.0 32.0 36.0
273 -1.0 -1.0 8.0 206.0 66.0
274 -1.0 -1.0 12.0 90.0 28.0
275 -1.0 -1.0 11.0 319.0 70.0
276 -1.0 -1.0 5.0 95.0 55.0
277 -1.0 -1.0 10.0 264.0 71.0
278 -1.0 -1.0 7.0 259.0 64.0
279 -1.0 -1.0 9.0 339.0 70.0
280 -1.0 -1.0 20.0 394.0 54.0
281 -1.0 -1.0 5.0 95.0 94.0
282 -1.0 -1.0 19.0 125.0 80.0
283 -1.0 -1.0 4.0 89.0 55.0
284 -1.0 -1.0 13.0 361.0 34.0
285 -1.0 -1.0 19.0 146.0 58.0
286 -1.0 -1.0 18.0 95.0 22.0
287 -1.0 -1.0 14.0 44.0 73.0
288 -1.0 -1.0 12.0 303.0 79.0
289 -1.0 -1.0 19.0 261.0 39.0
290 -1.0 -1.0 11.0 160.0 66.0
291 -1.0 -1.0 19.0 142.0 48.0
292 -1.0 -1.0 14.0 239.0 39.0
293 -1.0 -1.0 20.0 386.0 82.0
294 -1.0 -1.0 12.0 328.0 51.0
295 -1.0 -1.0 15.0 294.0 85.0
296 -1.0 -1.0 5.0 364.0 44.0
297 -1.0 -1.0 14.0 193.0 81.0
298 -1.0 -1.0 9.0 394.0 58.0
299 -1.0 -1.0 12.0 155.0 47.0
300 -1.0 -1.0 15.0 309.0 100.0
301 -1.0 -1.0 15.0 182.0 100.0
302 -1.0 -1.0 6.0 59.0 81.0
303 -1.0 -1.0 15.0 228.0 81.0
304 -1.0 -1.0 6.0 307.0 32.0
305 -1.0 -1.0 19.0 327.0 45.0
306 -1.0 -1.0 5.0 142.0 47.0
307 -1.0 -1.0 17.0 93.0 24.0
308 -1.0 -1.0 10.0 309.0 75.0
309 -1.0 -1.0 14.0 68.0 97.0
310 -1.0 -1.0 18.0 390.0 49.0
311 -1.0 -1.0 18.0 175.0 40.0
312 -1.0 -1.0 8.0 134.0 39.0
313 -1.0 -1.0 18.0 149.0 28.0
314 -1.0 -1.0 10.0 399.0 100.0
315 -1.0 -1.0 18.0 241.0 66.0
316 -1.0 -1.0 15.0 278.0 56.0
317 -1.0 -1.0 4.0 27.0 24.0
318 -1.0 -1.0 4.0 259.0 22.0
319 -1.0 -1.0 18.0 242.0 21.0
320 -1.0 -1.0 14.0 174.0 62.0
321 -1.0 -1.0 19.0 104.0 66.0
322 -1.0 -1.0 15.0 60.0 65.0
323 -1.0 -1.0 7.0 99.0 46.0
324 -1.0 -1.0 5.0 83.0 94.0
325 -1.0 -1.0 12.0 214.0 69.0
326 -1.0 -1.0 12.0 306.0 70.0
327 -1.0 -1.0 19.0 370.0 89.0
328 -1.0 -1.0 10.0 218.0 31.0
329 -1.0 -1.0 11.0 316.0 70.0
330 -1.0 -1.0 15.0 122.0 25.0
331 -1.0 -1.0 18.0 66.0 91.0
332 -1.0 -1.0 17.0 257.0 91.0
333 -1.0 -1.0 9.0 137.0 15.0
334 -1.0 -1.0 11.0 114.0 29.0
335 -1.0 -1.0 8.0 201.0 56.0
336 -1.0 -1.0 18.0 292.0 90.0
337 -1.0 -1.0 10.0 139.0 52.0
338 -1.0 -1.0 16.0 48.0 16.0
339 -1.0 -1.0 11.0 49.0 80.0
340 -1.0 -1.0 7.0 207.0 64.0
341 -1.0 -1.0 10.0 20.0 21.0
342 -1.0 -1.0 8.0 233.0 82.0
343 -1.0 -1.0 19.0 188.0 28.0
344 -1.0 -1.0 20.0 178.0 64.0
345 -1.0 -1.0 12.0 80.0 28.0
346 -1.0 -1.0 18.0 333.0 84.0
347 -1.0 -1.0 17.0 247.0 37.0
348 -1.0 -1.0 10.0 274.0 19.0
349 -1.0 -1.0 12.0 134.0 21.0
350 -1.0 -1.0 13.0 42.0 84.0
351 -1.0 -1.0 9.0 140.0 63.0
352 -1.0 -1.0 15.0 303.0 53.0
353 -1.0 -1.0 20.0 105.0 49.0
354 -1.0 -1.0 19.0 170.0 51.0
355 -1.0 -1.0 12.0 170.0 85.0
356 -1.0 -1.0 16.0 102.0 68.0
357 -1.0 -1.0 7.0 81.0 65.0
358 -1.0 -1.0 5.0 103.0 31.0
359 -1.0 -1.0 20.0 122.0 81.0
360 -1.0 -1.0 4.0 193.0 98.0
361 -1.0 -1.0 5.0 190.0 16.0
362 -1.0 -1.0 8.0 36.0 65.0
363 -1.0 -1.0 5.0 82.0 61.0
364 -1.0 -1.0 11.0 209.0 23.0
365 -1.0 -1.0 17.0 145.0 95.0
366 -1.0 -1.0 10.0 367.0 16.0
367 -1.0 -1.0 12.0 327.0 48.0
368 -1.0 -1.0 11.0 248.0 59.0
369 -1.0 -1.0 10.0 87.0 66.0
370 -1.0 -1.0 16.0 37.0 99.0
371 -1.0 -1.0 19.0 220.0 36.0
372 -1.0 -1.0 11.0 44.0 74.0
373 -1.0 -1.0 17.0 228.0 30.0
374 -1.0 -1.0 11.0 397.0 32.0
375 -1.0 -1.0 12.0 65.0 20.0
376 -1.0 -1.0 8.0 215.0 20.0
377 -1.0 -1.0 6.0 191.0 39.0
378 -1.0 -1.0 19.0 361.0 83.0
379 -1.0 -1.0 8.0 78.0 48.0
380 -1.0 -1.0 18.0 280.0 84.0
381 -1.0 -1.0 12.0 306.0 32.0
382 -1.0 -1.0 10.0 70.0 66.0
383 -1.0 -1.0 15.0 310.0 53.0
384 -1.0 -1.0 14.0 310.0 46.0
385 -1.0 -1.0 15.0 210.0 82.0
386 -1.0 -1.0 18.0 15.0 35.0
387 -1.0 -1.0 17.0 256.0 24.0
388 -1.0 -1.0 17.0 353.0 25.0
389 -1.0 -1.0 4.0 109.0 36.0
390 -1.0 -1.0 10.0 387.0 63.0
391 -1.0 -1.0 11.0 82.0 58.0
392 -1.0 -1.0 11.0 100.0 91.0
393 -1.0 -1.0 16.0 320.0 15.0
394 -1.0 -1.0 12.0 398.0 92.0
395 -1.0 -1.0 13.0 280.0 42.0
396 -1.0 -1.0 11.0 235.0 95.0
397 -1.0 -1.0 16.0 237.0 74.0
398 -1.0 -1.0 5.0 289.0 49.0
399 -1.0 -1.0 6.0 338.0 51.0
400 -1.0 -1.0 19.0 133.0 52.0
401 -1.0 -1.0 18.0 392.0 39.0
402 -1.0 -1.0 17.0 294.0 27.0
403 -1.0 -1.0 13.0 386.0 20.0
404 -1.0 -1.0 6.0 195.0 92.0
405 -1.0 -1.0 15.0 319.0 20.0
406 -1.0 -1.0 9.0 71.0 97.0
407 -1.0 -1.0 18.0 317.0 74.0
408 -1.0 -1.0 20.0 382.0 76.0
409 -1.0 -1.0 11.0 250.0 35.0
410 -1.0 -1.0 20.0 245.0 35.0
411 -1.0 -1.0 11.0 127.0 51.0
412 -1.0 -1.0 16.0 158.0 55.0
413 -1.0 -1.0 19.0 26.0 18.0
414 -1.0 -1.0 19.0 179.0 74.0
415 -1.0 -1.0 17.0 104.0 57.0
416 -1.0 -1.0 19.0 324.0 60.0
417 -1.0 -1.0 10.0 386.0 15.0
418 -1.0 -1.0 16.0 275.0 88.0
419 -1.0 -1.0 9.0 214.0 97.0
420 -1.0 -1.0 20.0 290.0 97.0
421 -1.0 -1.0 7.0 121.0 29.0
422 -1.0 -1.0 6.0 304.0 18.0
423 -1.0 -1.0 9.0 199.0 41.0
424 -1.0 -1.0 15.0 42.0 28.0
425 -1.0 -1.0 8.0 373.0 32.0
426 -1.0 -1.0 6.0 156.0 38.0
427 -1.0 -1.0 10.0 283.0 97.0
428 -1.0 -1.0 17.0 89.0 73.0
429 -1.0 -1.0 5.0 111.0 75.0
430 -1.0 -1.0 5.0 176.0 21.0
431 -1.0 -1.0 17.0 209.0 34.0
432 -1.0 -1.0 4.0 354.0 29.0
433 -1.0 -1.0 18.0 312.0 72.0
434 -1.0 -1.0 11.0 348.0 100.0
435 -1.0 -1.0 8.0 276.0 89.0
436 -1.0 -1.0 6.0 333.0 81.0
437 -1.0 -1.0 17.0 245.0 55.0
438 -1.0 -1.0 8.0 33.0 63.0
439 -1.0 -1.0 10.0 350.0 92.0
440 -1.0 -1.0 18.0 338.0 62.0
441 -1.0 -1.0 18.0 119.0 40.0
442 -1.0 -1.0 15.0 333.0 35.0
443 -1.0 -1.0 17.0 219.0 77.0
444 -1.0 -1.0 4.0 161.0 42.0
445 -1.0 -1.0 6.0 188.0 80.0
446 -1.0 -1.0 5.0 57.0 69.0
447 -1.0 -1.0 9.0 291.0 72.0
448 -1.0 -1.0 10.0 309.0 61.0
449 -1.0 -1.0 20.0 192.0 64.0
450 -1.0 -1.0 16.0 41.0 57.0
451 -1.0 -1.0 19.0 150.0 82.0
452 -1.0 -1.0 15.0 260.0 92.0
453 -1.0 -1.0 7.0 372.0 74.0
454 -1.0 -1.0 13.0 347.0 21.0
455 -1.0 -1.0 18.0 130.0 48.0
456 -1.0 -1.0 19.0 353.0 54.0
457 -1.0 -1.0 14.0 101.0 24.0
458 -1.0 -1.0 8.0 73.0 79.0
459 -1.0 -1.0 14.0 331.0 68.0
460 -1.0 -1.0 11.0 297.0 96.0
461 -1.0 -1.0 17.0 250.0 26.0
462 -1.0 -1.0 8.0 66.0 79.0
463 -1.0 -1.0 14.0 296.0 71.0
464 -1.0 -1.0 6.0 70.0 57.0
465 -1.0 -1.0 10.0 104.0 24.0
466 -1.0 -1.0 12.0 162.0 34.0
467 -1.0 -1.0 20.0 21.0 51.0
468 -1.0 -1.0 17.0 212.0 86.0
469 -1.0 -1.0 8.0 197.0 35.0
470 -1.0 -1.0 9.0 356.0 88.0
471 -1.0 -1.0 9.0 54.0 62.0
472 -1.0 -1.0 7.0 309.0 22.0
473 -1.0 -1.0 14.0 211.0 53.0
474 -1.0 -1.0 17.0 335.0 100.0
475 -1.0 -1.0 9.0 357.0 36.0
476 -1.0 -1.0 18.0 133.0 28.0
477 -1.0 -1.0 18.0 68.0 30.0
478 -1.0 -1.0 17.0 303.0 21.0
479 -1.0 -1.0 12.0 31.0 74.0
480 -1.0 -1.0 16.0 86.0 62.0
481 -1.0 -1.0 8.0 160.0 59.0
482 -1.0 -1.0 8.0 107.0 92.0
483 -1.0 -1.0 7.0 382.0 84.0
484 -1.0 -1.0 5.0 158.0 62.0
485 -1.0 -1.0 20.0 122.0 62.0
486 -1.0 -1.0 18.0 105.0 42.0
487 -1.0 -1.0 15.0 94.0 42.0
488 -1.0 -1.0 16.0 337.0 31.0
489 -1.0 -1.0 5.0 164.0 97.0
490 -1.0 -1.0 20.0 336.0 44.0
491 -1.0 -1.0 4.0 79.0 83.0
492 -1.0 -1.0 14.0 63.0 44.0
493 -1.0 -1.0 14.0 96.0 28.0
494 -1.0 -1.0 10.0 173.0 96.0
495 -1.0 -1.0 13.0 231.0 48.0
496 -1.0 -1.0 17.0 369.0 20.0
497 -1.0 -1.0 15.0 62.0 22.0
498 -1.0 -1.0 18.0 185.0 32.0
499 -1.0 -1.0 18.0 280.0 36.0
500 -1.0 -1.0 4.0 337.0 19.0
501 -1.0 -1.0 5.0 345.0 31.0
502 -1.0 -1.0 20.0 137.0 27.0
503 -1.0 -1.0 13.0 250.0 69.0
504 -1.0 -1.0 12.0 346.0 45.0
505 -1.0 -1.0 20.0 47.0 42.0
506 -1.0 -1.0 20.0 71.0 64.0
507 -1.0 -1.0 10.0 31.0 84.0
508 -1.0 -1.0 4.0 222.0 74.0
509 -1.0 -1.0 19.0 142.0 72.0
510 -1.0 -1.0 15.0 250.0 94.0
511 -1.0 -1.0 12.0 171.0 25.0
512 -1.0 -1.0 13.0 138.0 82.0
513 -1.0 -1.0 17.0 327.0 68.0
514 -1.0 -1.0 9.0 296.0 50.0
515 -1.0 -1.0 15.0 164.0 97.0
516 -1.0 -1.0 17.0 82.0 44.0
517 -1.0 -1.0 18.0 303.0 78.0
518 -1.0 -1.0 17.0 229.0 48.0
519 -1.0 -1.0 18.0 326.0 51.0
520 -1.0 -1.0 5.0 342.0 54.0
521 -1.0 -1.0 18.0 372.0 23.0
522 -1.0 -1.0 19.0 144.0 22.0
523 -1.0 -1.0 12.0 362.0 84.0
524 -1.0 -1.0 5.0 59.0 46.0
525 -1.0 -1.0 4.0 330.0 38.0
526 -1.0 -1.0 11.0 386.0 78.0
527 -1.0 -1.0 6.0 209.0 53.0
528 -1.0 -1.0 12.0 288.0 36.0
529 -1.0 -1.0 4.0 107.0 30.0
530 -1.0 -1.0 6.0 370.0 61.0
531 -1.0 -1.0 15.0 241.0 96.0
532 -1.0 -1.0 9.0 90.0 51.0
533 -1.0 -1.0 16.0 95.0 40.0
534 -1.0 -1.0 8.0 188.0 84.0
535 -1.0 -1.0 4.0 15.0 91.0
536 -1.0 -1.0 6.0 67.0 64.0
537 -1.0 -1.0 12.0 356.0 23.0
538 -1.0 -1.0 15.0 362.0 54.0
539 -1.0 -1.0 16.0 57.0 75.0
540 -1.0 -1.0 13.0 86.0 63.0
541 -1.0 -1.0 14.0 261.0 22.0
542 -1.0 -1.0 7.0 304.0 20.0
543 -1.0 -1.0 5.0 307.0 22.0
544 -1.0 -1.0 19.0 342.0 20.0
545 -1.0 -1.0 13.0 235.0 22.0
546 -1.0 -1.0 17.0 59.0 90.0
547 -1.0 -1.0 8.0 326.0 84.0
548 -1.0 -1.0 4.0 190.0 98.0
549 -1.0 -1.0 4.0 297.0 92.0
550 -1.0 -1.0 12.0 250.0 83.0
551 -1.0 -1.0 20.0 211.0 61.0
552 -1.0 -1.0 20.0 221.0 22.0
553 -1.0 -1.0 17.0 34.0 79.0
554 -1.0 -1.0 12.0 325.0 35.0
555 -1.0 -1.0 5.0 246.0 83.0
556 -1.0 -1.0 10.0 318.0 48.0
557 -1.0 -1.0 20.0 380.0 51.0
558 -1.0 -1.0 16.0 144.0 59.0
559 -1.0 -1.0 20.0 55.0 96.0
560 -1.0 -1.0 6.0 43.0 18.0
561 -1.0 -1.0 9.0 51.0 69.0
562 -1.0 -1.0 14.0 212.0 69.0
563 -1.0 -1.0 13.0 20.0 74.0
564 -1.0 -1.0 11.0 211.0 83.0
565 -1.0 -1.0 6.0 195.0 59.0
566 -1.0 -1.0 7.0 326.0 69.0
567 -1.0 -1.0 14.0 305.0 38.0
568 -1.0 -1.0 13.0 97.0 73.0
569 -1.0 -1.0 13.0 254.0 34.0
570 -1.0 -1.0 20.0 223.0 95.0
571 -1.0 -1.0 16.0 238.0 59.0
572 -1.0 -1.0 19.0 242.0 84.0
573 -1.0 -1.0 8.0 299.0 17.0
574 -1.0 -1.0 4.0 124.0 89.0
575 -1.0 -1.0 11.0 43.0 62.0
576 -1.0 -1.0 8.0 219.0 78.0
577 -1.0 -1.0 6.0 176.0 60.0
578 -1.0 -1.0 18.0 258.0 22.0
579 -1.0 -1.0 4.0 312.0 56.0
580 -1.0 -1.0 5.0 345.0 53.0
581 -1.0 -1.0 14.0 80.0 80.0
582 -1.0 -1.0 17.0 236.0 84.0
583 -1.0 -1.0 4.0 94.0 72.0
584 -1.0 -1.0 6.0 340.0 72.0
585 -1.0 -1.0 18.0 363.0 73.0
586 -1.0 -1.0 16.0 391.0 46.0
587 -1.0 -1.0 12.0 329.0 33.0
588 -1.0 -1.0 19.0 74.0 20.0
589 -1.0 -1.0 12.0 398.0 86.0
590 -1.0 -1.0 18.0 291.0 55.0
591 -1.0 -1.0 7.0 138.0 99.0
592 -1.0 -1.0 20.0 347.0 56.0
593 -1.0 -1.0 18.0 392.0 49.0
594 -1.0 -1.0 11.0 392.0 30.0
595 -1.0 -1.0 15.0 237.0 73.0
596 -1.0 -1.0 14.0 72.0 69.0
597 -1.0 -1.0 5.0 224.0 71.0
598 -1.0 -1.0 16.0 80.0 98.0
599 -1.0 -1.0 9.0 342.0 100.0
782
0 24 10
0 1 9
1 2 5
2 25 11
3 27 6
3 4 10
4 28 5
4 5 8
5 29 5
5 6 11
6 7 7
7 30 12
7 8 9
8 31 10
8 9 5
9 10 7
10 32 11
10 11 5
12 13 7
13 35 12
14 37 7
14 15 11
15 38 5
15 16 6
16 39 8
16 17 7
17 40 8
17 18 12
18 41 8
18 19 6
19 42 8
19 20 8
20 43 9
21 44 11
21 22 5
22 45 12
22 23 7
23 46 7
23 24 6
25 48 12
25 26 7
26 27 10
27 49 9
27 28 12
28 50 5
28 29 9
29 51 8
30 31 7
32 53 8
33 55 12
33 34 12
35 57 12
35 36 10
36 58 8
37 59 7
37 38 10
38 39 10
39 40 9
40 60 5
40 41 5
41 61 10
41 42 7
42 62 7
42 43 9
43 63 8
44 45 10
45 64 10
45 46 11
46 65 7
47 48 9
49 67 5
49 50 5
50 68 10
50 51 12
51 69 6
51 52 12
52 70 10
53 54 12
54 72 7
54 55 12
55 73 8
56 74 7
56 57 5
57 75 5
57 58 6
58 76 9
60 79 9
60 61 8
61 80 5
61 62 5
62 81 6
62 63 9
63 82 9
64 65 10
65 66 6
66 85 9
67 88 9
67 68 6
68 69 7
69 70 11
70 89 11
71 91 5
72 93 8
72 73 8
73 94 10
74 95 12
74 75 12
75 96 7
75 76 8
77 99 8
77 78 5
78 100 7
78 79 8
79 101 8
79 80 7
80 102 6
80 81 8
81 103 7
81 82 7
82 104 11
82 83 5
83 105 7
84 106 5
85 109 11
86 110 7
86 87 6
87 111 10
87 88 5
88 112 12
89 114 5
89 90 5
90 91 9
91 115 12
92 116 5
92 93 11
93 117 9
93 94 5
94 118 8
95 119 8
95 96 6
96 120 12
97 122 10
97 98 12
98 123 12
98 99 7
99 100 5
100 124 8
100 101 10
101 125 9
101 102 11
102 126 6
102 103 11
103 104 11
104 127 11
104 105 7
105 128 5
106 107 12
107 129 8
107 108 6
108 130 12
108 109 8
110 111 9
111 131 5
111 112 9
112 132 10
113 114 12
114 134 9
116 136 5
116 117 6
117 118 9
118 137 12
119 139 9
119 120 10
120 140 9
120 121 11
121 122 5
122 141 9
122 123 6
124 143 5
124 125 8
125 126 8
127 145 7
127 128 11
128 146 9
129 148 10
129 130 9
130 149 11
131 151 9
131 132 5
132 133 5
134 153 11
135 156 9
135 136 7
136 157 10
137 138 6
138 159 10
138 139 11
139 140 9
141 160 5
142 143 9
143 161 10
144 163 9
144 145 5
145 146 10
147 164 5
147 148 9
148 165 12
148 149 6
150 167 6
150 151 5
151 168 10
152 170 5
152 153 11
153 154 11
154 171 7
154 155 7
155 156 9
156 157 5
157 172 8
157 158 12
158 173 8
159 175 7
160 178 9
162 163 8
163 180 10
164 165 8
166 183 9
167 185 7
167 168 9
168 186 11
169 170 7
170 187 10
172 173 6
173 174 8
174 175 9
175 176 8
176 190 7
177 192 9
177 178 8
179 195 12
180 197 10
180 181 11
181 182 12
182 198 7
183 202 6
183 184 6
184 203 11
184 185 7
185 204 8
185 186 6
186 205 7
187 206 5
188 209 12
188 189 9
190 214 9
190 191 10
191 192 12
192 215 5
193 217 5
193 194 6
195 196 11
196 197 7
197 218 11
198 220 9
199 221 10
199 200 12
200 222 12
200 201 12
201 223 5
201 202 7
202 203 6
203 204 6
204 205 9
205 224 5
206 207 6
207 225 10
207 208 7
208 209 9
210 211 9
211 227 12
211 212 12
212 213 11
213 214 11
214 228 11
215 216 9
216 217 8
217 230 9
218 234 8
218 219 5
219 235 10
219 220 10
221 236 5
221 222 5
222 223 9
223 237 5
225 241 8
226 244 8
227 246 12
228 247 8
228 229 8
229 248 10
230 250 7
231 252 11
231 232 5
232 253 12
232 233 11
233 234 11
234 254 10
234 235 6
235 255 10
237 258 9
238 260 5
239 261 8
240 263 8
240 241 9
241 264 10
241 242 11
242 243 7
243 265 12
243 244 9
244 266 5
244 245 8
245 246 5
246 267 12
247 270 8
247 248 6
248 271 12
248 249 5
250 273 8
250 251 9
251 274 12
251 252 5
252 275 8
252 253 5
254 255 10
255 276 10
255 256 9
256 277 11
257 278 5
257 258 9
258 279 11
258 259 8
259 280 12
259 260 10
261 262 8
262 263 5
263 283 7
263 264 7
264 284 5
265 285 11
265 266 9
267 287 10
267 268 8
268 288 10
268 269 10
269 289 12
269 270 11
270 271 6
271 290 11
272 273 9
273 292 6
273 274 8
274 293 11
274 275 11
276 295 11
276 277 7
277 296 12
278 279 11
279 298 7
279 280 11
281 300 6
281 282 5
283 284 10
284 302 6
286 304 10
286 287 7
287 305 5
287 288 6
288 306 10
288 289 7
289 307 6
290 308 10
290 291 5
291 309 5
292 311 9
292 293 8
294 314 11
294 295 7
295 315 6
295 296 11
297 316 10
298 318 6
299 320 10
299 300 9
301 322 7
302 303 7
303 324 8
304 327 11
304 305 5
305 328 12
305 306 12
306 329 7
306 307 6
308 331 8
308 309 8
309 310 10
310 311 9
311 332 8
312 334 7
312 313 11
313 335 5
314 315 9
315 337 6
316 339 8
316 317 9
317 318 5
318 340 9
318 319 10
319 341 7
319 320 5
320 342 11
321 344 9
322 323 11
323 346 11
324 325 12
325 347 8
325 326 11
326 348 12
326 327 12
327 349 10
327 328 5
328 329 8
330 331 12
331 350 10
332 333 8
333 334 6
334 352 6
334 335 9
335 336 7
336 353 7
337 354 8
337 338 9
338 355 12
340 357 5
340 341 6
341 358 9
341 342 6
342 359 8
342 343 11
343 360 6
343 344 7
344 361 8
344 345 7
345 362 10
346 364 10
347 367 12
347 348 10
348 349 7
349 368 12
350 351 12
352 372 11
354 355 12
355 374 8
356 376 8
356 357 7
357 377 10
357 358 8
358 378 5
358 359 11
359 379 8
359 360 10
360 361 5
361 380 6
361 362 7
362 381 7
362 363 8
363 382 12
363 364 12
364 383 11
364 365 9
365 384 6
365 366 8
366 385 6
366 367 5
367 386 7
368 387 5
369 390 9
370 391 9
371 393 11
371 372 12
372 394 10
372 373 9
373 395 6
375 376 7
376 399 12
376 377 7
377 400 12
377 378 5
378 379 7
379 401 9
380 403 7
380 381 9
381 404 9
381 382 7
382 405 8
382 383 9
383 384 9
384 406 12
384 385 9
385 386 9
386 407 7
387 408 8
387 388 7
388 409 12
389 411 8
389 390 9
390 412 9
391 414 6
391 392 12
392 415 6
392 393 12
393 394 11
394 416 5
394 395 9
395 396 7
396 417 5
396 397 7
397 418 5
397 398 12
398 419 11
399 400 7
401 402 8
402 422 8
402 403 7
403 423 12
403 404 12
404 405 7
407 426 12
408 428 12
408 409 12
409 429 9
409 410 8
410 430 5
410 411 12
411 431 6
411 412 8
413 432 6
413 414 7
414 433 5
414 415 5
415 434 6
416 435 5
417 418 7
418 419 11
419 437 5
419 420 6
421 439 11
422 440 10
422 423 7
424 442 6
425 444 6
425 426 11
426 427 10
427 428 9
428 445 11
428 429 9
429 430 12
430 446 5
430 431 10
431 447 5
432 433 8
433 450 7
433 434 7
434 451 10
435 452 8
435 436 5
436 453 10
437 455 7
438 457 11
438 439 11
439 458 11
440 459 6
441 462 10
441 442 5
442 463 12
442 443 8
443 464 12
443 444 9
444 465 12
446 468 6
446 447 5
447 469 5
447 448 12
448 470 9
448 449 6
449 471 8
450 451 11
451 473 6
452 475 6
452 453 6
453 476 9
454 455 8
455 477 7
456 478 6
457 480 5
457 458 6
459 482 11
459 460 9
460 483 6
460 461 5
461 462 10
462 463 6
463 464 6
464 484 12
464 465 7
465 485 9
465 466 9
466 486 11
467 488 7
467 468 11
468 469 8
469 489 6
469 470 11
470 490 9
470 471 11
471 491 5
471 472 6
472 492 12
473 474 8
474 475 6
475 494 11
475 476 11
477 497 6
478 499 12
478 479 11
479 480 11
480 500 8
481 502 5
481 482 6
482 503 7
482 483 5
484 507 5
484 485 7
485 508 8
485 486 8
486 509 10
487 488 8
489 512 8
489 490 10
490 513 5
490 491 5
491 514 9
491 492 9
492 515 11
492 493 10
493 516 10
494 518 6
495 519 6
495 496 6
496 520 5
496 497 9
497 498 7
498 521 11
500 522 10
500 501 9
501 523 8
501 502 12
502 524 11
502 503 12
503 525 11
504 527 12
504 505 7
505 506 12
506 528 5
506 507 6
507 529 9
507 508 7
508 509 6
509 510 11
510 530 9
511 512 6
512 513 7
513 514 6
514 532 7
514 515 11
515 533 10
515 516 9
516 534 10
516 517 6
517 535 9
518 537 12
519 520 12
520 539 6
521 540 12
522 523 5
523 524 11
524 542 6
524 525 8
525 526 8
526 527 7
528 529 9
529 544 6
530 547 6
530 531 12
531 548 8
532 533 5
533 553 6
533 534 10
534 554 5
534 535 9
535 555 10
535 536 6
536 556 10
536 537 7
537 538 9
538 557 11
541 561 12
542 564 5
543 568 11
544 570 8
544 545 5
545 546 12
546 547 5
547 571 11
547 548 5
548 572 5
548 549 6
549 550 9
550 551 9
551 573 6
551 552 8
553 575 11
553 554 8
554 576 7
554 555 11
555 577 8
555 556 7
557 558 9
558 578 9
559 580 9
560 582 10
560 561 10
561 583 7
561 562 11
562 584 6
562 563 6
563 585 9
563 564 9
564 586 10
564 565 12
565 566 12
566 567 7
567 587 11
567 568 10
568 588 6
568 569 12
569 570 11
570 589 9
571 590 7
571 572 5
572 591 6
574 593 7
574 575 9
575 576 10
576 594 10
576 577 7
578 597 5
578 579 12
579 580 7
580 598 11
580 581 12
581 599 12
582 583 8
583 584 6
584 585 6
585 586 9
587 588 12
590 591 5
591 592 5
595 596 12
596 597 11
598 599 9
10 0.05 0.05 0.05
