600
0 -1.0 -1.0 15.0 354.0 38.0
1 -1.0 -1.0 13.0 325.0 61.0
2 -1.0 -1.0 5.0 24.0 68.0
3 -1.0 -1.0 13.0 234.0 17.0
4 -1.0 -1.0 18.0 110.0 40.0
5 -1.0 -1.0 11.0 297.0 41.0
6 -1.0 -1.0 15.0 157.0 16.0
7 -1.0 -1.0 5.0 397.0 91.0
8 -1.0 -1.0 8.0 159.0 34.0
9 -1.0 -1.0 5.0 61.0 79.0
10 -1.0 -1.0 5.0 220.0 52.0
11 -1.0 -1.0 7.0 212.0 39.0
12 -1.0 -1.0 6.0 96.0 28.0
13 -1.0 -1.0 10.0 77.0 67.0
14 -1.0 -1.0 12.0 135.0 55.0
15 -1.0 -1.0 16.0 77.0 88.0
16 -1.0 -1.0 9.0 355.0 18.0
17 -1.0 -1.0 11.0 56.0 42.0
18 -1.0 -1.0 14.0 219.0 28.0
19 -1.0 -1.0 9.0 169.0 26.0
20 -1.0 -1.0 20.0 368.0 48.0
21 -1.0 -1.0 14.0 375.0 37.0
22 -1.0 -1.0 12.0 355.0 61.0
23 -1.0 -1.0 8.0 163.0 92.0
24 -1.0 -1.0 8.0 79.0 77.0
25 -1.0 -1.0 11.0 44.0 33.0
26 -1.0 -1.0 15.0 384.0 91.0
27 -1.0 -1.0 18.0 100.0 24.0
28 -1.0 -1.0 10.0 146.0 23.0
29 -1.0 -1.0 10.0 348.0 71.0
30 -1.0 -1.0 17.0 41.0 82.0
31 -1.0 -1.0 19.0 135.0 70.0
32 -1.0 -1.0 14.0 73.0 24.0
33 -1.0 -1.0 20.0 68.0 26.0
34 -1.0 -1.0 13.0 292.0 71.0
35 -1.0 -1.0 14.0 83.0 54.0
36 -1.0 -1.0 20.0 297.0 44.0
37 -1.0 -1.0 9.0 306.0 43.0
38 -1.0 -1.0 9.0 188.0 55.0
39 -1.0 -1.0 5.0 306.0 92.0
40 -1.0 -1.0 13.0 248.0 61.0
41 -1.0 -1.0 9.0 332.0 76.0
42 -1.0 -1.0 12.0 358.0 46.0
43 -1.0 -1.0 8.0 148.0 62.0
44 -1.0 -1.0 17.0 187.0 16.0
45 -1.0 -1.0 15.0 395.0 26.0
46 -1.0 -1.0 19.0 348.0 59.0
47 -1.0 -1.0 6.0 368.0 47.0
48 -1.0 -1.0 20.0 149.0 92.0
49 -1.0 -1.0 4.0 20.0 93.0
50 -1.0 -1.0 16.0 18.0 39.0
51 -1.0 -1.0 19.0 73.0 79.0
52 -1.0 -1.0 18.0 316.0 81.0
53 -1.0 -1.0 10.0 56.0 51.0
54 -1.0 -1.0 12.0 43.0 56.0
55 -1.0 -1.0 17.0 70.0 78.0
56 -1.0 -1.0 12.0 179.0 22.0
57 -1.0 -1.0 14.0 270.0 91.0
58 -1.0 -1.0 4.0 211.0 82.0
59 -1.0 -1.0 17.0 311.0 27.0
60 -1.0 -1.0 6.0 60.0 58.0
61 -1.0 -1.0 20.0 53.0 33.0
62 -1.0 -1.0 6.0 273.0 87.0
63 -1.0 -1.0 4.0 391.0 50.0
64 -1.0 -1.0 10.0 201.0 96.0
65 -1.0 -1.0 4.0 303.0 47.0
66 -1.0 -1.0 13.0 114.0 35.0
67 -1.0 -1.0 6.0 285.0 23.0
68 -1.0 -1.0 9.0 119.0 77.0
69 -1.0 -1.0 7.0 364.0 28.0
70 -1.0 -1.0 7.0 168.0 43.0
71 -1.0 -1.0 12.0 254.0 77.0
72 -1.0 -1.0 17.0 292.0 33.0
73 -1.0 -1.0 15.0 57.0 82.0
74 -1.0 -1.0 4.0 184.0 39.0
75 -1.0 -1.0 18.0 77.0 79.0
76 -1.0 -1.0 4.0 301.0 42.0
77 -1.0 -1.0 20.0 180.0 91.0
78 -1.0 -1.0 8.0 98.0 62.0
79 -1.0 -1.0 6.0 81.0 44.0
80 -1.0 -1.0 7.0 187.0 92.0
81 -1.0 -1.0 8.0 172.0 83.0
82 -1.0 -1.0 9.0 343.0 69.0
83 -1.0 -1.0 20.0 51.0 69.0
84 -1.0 -1.0 19.0 391.0 100.0
85 -1.0 -1.0 20.0 215.0 59.0
86 -1.0 -1.0 12.0 359.0 54.0
87 -1.0 -1.0 6.0 43.0 18.0
88 -1.0 -1.0 20.0 165.0 81.0
89 -1.0 -1.0 7.0 97.0 16.0
90 -1.0 -1.0 10.0 187.0 75.0
91 -1.0 -1.0 8.0 242.0 54.0
92 -1.0 -1.0 4.0 260.0 23.0
93 -1.0 -1.0 19.0 141.0 52.0
94 -1.0 -1.0 20.0 154.0 29.0
95 -1.0 -1.0 15.0 145.0 32.0
96 -1.0 -1.0 9.0 158.0 21.0
97 -1.0 -1.0 7.0 312.0 73.0
98 -1.0 -1.0 9.0 114.0 96.0
99 -1.0 -1.0 10.0 254.0 67.0
100 -1.0 -1.0 8.0 275.0 79.0
101 -1.0 -1.0 20.0 238.0 69.0
102 -1.0 -1.0 18.0 302.0 26.0
103 -1.0 -1.0 14.0 203.0 37.0
104 -1.0 -1.0 15.0 258.0 20.0
105 -1.0 -1.0 12.0 25.0 43.0
106 -1.0 -1.0 5.0 366.0 70.0
107 -1.0 -1.0 15.0 324.0 43.0
108 -1.0 -1.0 4.0 285.0 70.0
109 -1.0 -1.0 14.0 395.0 26.0
110 -1.0 -1.0 17.0 45.0 53.0
111 -1.0 -1.0 11.0 116.0 33.0
112 -1.0 -1.0 19.0 215.0 81.0
113 -1.0 -1.0 12.0 150.0 61.0
114 -1.0 -1.0 20.0 180.0 21.0
115 -1.0 -1.0 10.0 52.0 87.0
116 -1.0 -1.0 9.0 313.0 59.0
117 -1.0 -1.0 11.0 383.0 92.0
118 -1.0 -1.0 5.0 295.0 81.0
119 -1.0 -1.0 15.0 59.0 19.0
120 -1.0 -1.0 10.0 282.0 78.0
121 -1.0 -1.0 20.0 43.0 49.0
122 -1.0 -1.0 7.0 325.0 45.0
123 -1.0 -1.0 17.0 136.0 28.0
124 -1.0 -1.0 4.0 31.0 40.0
125 -1.0 -1.0 20.0 143.0 31.0
126 -1.0 -1.0 13.0 139.0 87.0
127 -1.0 -1.0 9.0 172.0 22.0
128 -1.0 -1.0 18.0 170.0 70.0
129 -1.0 -1.0 18.0 237.0 17.0
130 -1.0 -1.0 9.0 98.0 92.0
131 -1.0 -1.0 8.0 295.0 24.0
132 -1.0 -1.0 15.0 201.0 75.0
133 -1.0 -1.0 12.0 166.0 48.0
134 -1.0 -1.0 13.0 88.0 54.0
135 -1.0 -1.0 15.0 367.0 71.0
136 -1.0 -1.0 11.0 283.0 72.0
137 -1.0 -1.0 13.0 276.0 25.0
138 -1.0 -1.0 5.0 253.0 64.0
139 -1.0 -1.0 7.0 171.0 87.0
140 -1.0 -1.0 6.0 91.0 24.0
141 -1.0 -1.0 6.0 262.0 80.0
142 -1.0 -1.0 18.0 81.0 81.0
143 -1.0 -1.0 19.0 189.0 72.0
144 -1.0 -1.0 6.0 208.0 40.0
145 -1.0 -1.0 19.0 78.0 25.0
146 -1.0 -1.0 18.0 274.0 52.0
147 -1.0 -1.0 13.0 321.0 40.0
148 -1.0 -1.0 15.0 77.0 69.0
149 -1.0 -1.0 12.0 393.0 86.0
150 -1.0 -1.0 18.0 71.0 84.0
151 -1.0 -1.0 8.0 29.0 17.0
152 -1.0 -1.0 15.0 140.0 37.0
153 -1.0 -1.0 12.0 277.0 66.0
154 -1.0 -1.0 17.0 172.0 49.0
155 -1.0 -1.0 7.0 76.0 35.0
156 -1.0 -1.0 11.0 296.0 17.0
157 -1.0 -1.0 19.0 61.0 30.0
158 -1.0 -1.0 4.0 336.0 92.0
159 -1.0 -1.0 11.0 98.0 89.0
160 -1.0 -1.0 18.0 318.0 60.0
161 -1.0 -1.0 16.0 173.0 94.0
162 -1.0 -1.0 11.0 349.0 18.0
163 -1.0 -1.0 19.0 146.0 84.0
164 -1.0 -1.0 19.0 287.0 66.0
165 -1.0 -1.0 13.0 371.0 82.0
166 -1.0 -1.0 16.0 54.0 79.0
167 -1.0 -1.0 5.0 296.0 32.0
168 -1.0 -1.0 6.0 180.0 79.0
169 -1.0 -1.0 16.0 98.0 67.0
170 -1.0 -1.0 10.0 137.0 44.0
171 -1.0 -1.0 6.0 132.0 50.0
172 -1.0 -1.0 4.0 30.0 25.0
173 -1.0 -1.0 10.0 110.0 68.0
174 -1.0 -1.0 13.0 266.0 24.0
175 -1.0 -1.0 13.0 379.0 77.0
176 -1.0 -1.0 17.0 295.0 60.0
177 -1.0 -1.0 6.0 169.0 95.0
178 -1.0 -1.0 12.0 87.0 25.0
179 -1.0 -1.0 10.0 253.0 19.0
180 -1.0 -1.0 9.0 154.0 71.0
181 -1.0 -1.0 14.0 207.0 24.0
182 -1.0 -1.0 7.0 176.0 77.0
183 -1.0 -1.0 13.0 137.0 98.0
184 -1.0 -1.0 12.0 373.0 69.0
185 -1.0 -1.0 14.0 333.0 51.0
186 -1.0 -1.0 11.0 239.0 78.0
187 -1.0 -1.0 4.0 67.0 27.0
188 -1.0 -1.0 16.0 197.0 86.0
189 -1.0 -1.0 13.0 259.0 15.0
190 -1.0 -1.0 7.0 385.0 57.0
191 -1.0 -1.0 17.0 87.0 96.0
192 -1.0 -1.0 16.0 301.0 47.0
193 -1.0 -1.0 19.0 267.0 27.0
194 -1.0 -1.0 14.0 111.0 83.0
195 -1.0 -1.0 14.0 63.0 30.0
196 -1.0 -1.0 5.0 344.0 45.0
197 -1.0 -1.0 10.0 397.0 18.0
198 -1.0 -1.0 18.0 314.0 72.0
199 -1.0 -1.0 20.0 94.0 20.0
200 -1.0 -1.0 17.0 366.0 95.0
201 -1.0 -1.0 8.0 306.0 82.0
202 -1.0 -1.0 18.0 182.0 86.0
203 -1.0 -1.0 19.0 181.0 66.0
204 -1.0 -1.0 6.0 372.0 41.0
205 -1.0 -1.0 11.0 165.0 85.0
206 -1.0 -1.0 15.0 109.0 52.0
207 -1.0 -1.0 7.0 73.0 39.0
208 -1.0 -1.0 4.0 347.0 81.0
209 -1.0 -1.0 11.0 318.0 27.0
210 -1.0 -1.0 11.0 93.0 68.0
211 -1.0 -1.0 17.0 89.0 57.0
212 -1.0 -1.0 16.0 233.0 45.0
213 -1.0 -1.0 7.0 20.0 80.0
214 -1.0 -1.0 13.0 254.0 27.0
215 -1.0 -1.0 13.0 196.0 25.0
216 -1.0 -1.0 8.0 313.0 28.0
217 -1.0 -1.0 4.0 226.0 99.0
218 -1.0 -1.0 14.0 334.0 42.0
219 -1.0 -1.0 15.0 284.0 76.0
220 -1.0 -1.0 20.0 346.0 64.0
221 -1.0 -1.0 7.0 219.0 34.0
222 -1.0 -1.0 10.0 180.0 24.0
223 -1.0 -1.0 5.0 341.0 20.0
224 -1.0 -1.0 17.0 92.0 77.0
225 -1.0 -1.0 8.0 60.0 35.0
226 -1.0 -1.0 20.0 262.0 21.0
227 -1.0 -1.0 16.0 72.0 57.0
228 -1.0 -1.0 9.0 178.0 32.0
229 -1.0 -1.0 15.0 281.0 65.0
230 -1.0 -1.0 14.0 87.0 63.0
231 -1.0 -1.0 11.0 137.0 37.0
232 -1.0 -1.0 20.0 136.0 39.0
233 -1.0 -1.0 6.0 337.0 49.0
234 -1.0 -1.0 12.0 132.0 87.0
235 -1.0 -1.0 12.0 326.0 31.0
236 -1.0 -1.0 13.0 115.0 47.0
237 -1.0 -1.0 4.0 244.0 78.0
238 -1.0 -1.0 19.0 367.0 83.0
239 -1.0 -1.0 11.0 175.0 26.0
240 -1.0 -1.0 14.0 34.0 99.0
241 -1.0 -1.0 19.0 207.0 81.0
242 -1.0 -1.0 7.0 158.0 83.0
243 -1.0 -1.0 10.0 200.0 73.0
244 -1.0 -1.0 18.0 296.0 92.0
245 -1.0 -1.0 11.0 160.0 22.0
246 -1.0 -1.0 10.0 340.0 50.0
247 -1.0 -1.0 13.0 150.0 78.0
248 -1.0 -1.0 16.0 139.0 83.0
249 -1.0 -1.0 8.0 158.0 59.0
250 -1.0 -1.0 7.0 23.0 43.0
251 -1.0 -1.0 20.0 318.0 93.0
252 -1.0 -1.0 6.0 73.0 28.0
253 -1.0 -1.0 5.0 22.0 87.0
254 -1.0 -1.0 5.0 395.0 66.0
255 -1.0 -1.0 16.0 353.0 56.0
256 -1.0 -1.0 8.0 81.0 90.0
257 -1.0 -1.0 10.0 345.0 15.0
258 -1.0 -1.0 10.0 95.0 41.0
259 -1.0 -1.0 14.0 123.0 15.0
260 -1.0 -1.0 15.0 159.0 53.0
261 -1.0 -1.0 8.0 38.0 44.0
262 -1.0 -1.0 5.0 111.0 25.0
263 -1.0 -1.0 6.0 105.0 45.0
264 -1.0 -1.0 17.0 247.0 15.0
265 -1.0 -1.0 5.0 142.0 73.0
266 -1.0 -1.0 5.0 383.0 15.0
267 -1.0 -1.0 15.0 346.0 43.0
268 -1.0 -1.0 18.0 142.0 35.0
269 -1.0 -1.0 10.0 184.0 67.0
270 -1.0 -1.0 10.0 264.0 95.0
271 -1.0 -1.0 18.0 226.0 79.0
272 -1.0 -1.0 18.0 134.0 53.0
273 -1.0 -1.0 15.0 175.0 87.0
274 -1.0 -1.0 5.0 52.0 37.0
275 -1.0 -1.0 20.0 360.0 47.0
276 -1.0 -1.0 12.0 264.0 62.0
277 -1.0 -1.0 7.0 249.0 62.0
278 -1.0 -1.0 13.0 203.0 25.0
279 -1.0 -1.0 9.0 63.0 41.0
280 -1.0 -1.0 16.0 373.0 22.0
281 -1.0 -1.0 7.0 94.0 59.0
282 -1.0 -1.0 18.0 33.0 51.0
283 -1.0 -1.0 4.0 386.0 69.0
284 -1.0 -1.0 12.0 212.0 40.0
285 -1.0 -1.0 18.0 72.0 71.0
286 -1.0 -1.0 12.0 162.0 47.0
287 -1.0 -1.0 19.0 99.0 98.0
288 -1.0 -1.0 12.0 190.0 66.0
289 -1.0 -1.0 12.0 121.0 85.0
290 -1.0 -1.0 9.0 253.0 19.0
291 -1.0 -1.0 8.0 129.0 46.0
292 -1.0 -1.0 19.0 193.0 64.0
293 -1.0 -1.0 19.0 384.0 81.0
294 -1.0 -1.0 4.0 102.0 34.0
295 -1.0 -1.0 6.0 248.0 30.0
296 -1.0 -1.0 6.0 293.0 74.0
297 -1.0 -1.0 9.0 329.0 66.0
298 -1.0 -1.0 7.0 382.0 78.0
299 -1.0 -1.0 15.0 219.0 27.0
300 -1.0 -1.0 13.0 56.0 49.0
301 -1.0 -1.0 15.0 18.0 93.0
302 -1.0 -1.0 14.0 380.0 55.0
303 -1.0 -1.0 19.0 150.0 26.0
304 -1.0 -1.0 18.0 44.0 48.0
305 -1.0 -1.0 6.0 213.0 36.0
306 -1.0 -1.0 4.0 59.0 20.0
307 -1.0 -1.0 5.0 35.0 96.0
308 -1.0 -1.0 20.0 382.0 43.0
309 -1.0 -1.0 15.0 166.0 24.0
310 -1.0 -1.0 15.0 382.0 70.0
311 -1.0 -1.0 5.0 197.0 96.0
312 -1.0 -1.0 14.0 390.0 80.0
313 -1.0 -1.0 19.0 215.0 51.0
314 -1.0 -1.0 12.0 380.0 83.0
315 -1.0 -1.0 15.0 218.0 99.0
316 -1.0 -1.0 13.0 296.0 52.0
317 -1.0 -1.0 11.0 355.0 93.0
318 -1.0 -1.0 15.0 140.0 65.0
319 -1.0 -1.0 15.0 95.0 85.0
320 -1.0 -1.0 16.0 399.0 17.0
321 -1.0 -1.0 11.0 339.0 64.0
322 -1.0 -1.0 8.0 182.0 65.0
323 -1.0 -1.0 8.0 314.0 60.0
324 -1.0 -1.0 9.0 47.0 64.0
325 -1.0 -1.0 10.0 330.0 36.0
326 -1.0 -1.0 7.0 339.0 20.0
327 -1.0 -1.0 12.0 397.0 50.0
328 -1.0 -1.0 8.0 262.0 72.0
329 -1.0 -1.0 13.0 201.0 69.0
330 -1.0 -1.0 6.0 76.0 55.0
331 -1.0 -1.0 7.0 205.0 16.0
332 -1.0 -1.0 11.0 191.0 89.0
333 -1.0 -1.0 7.0 87.0 21.0
334 -1.0 -1.0 14.0 67.0 76.0
335 -1.0 -1.0 14.0 298.0 61.0
336 -1.0 -1.0 7.0 355.0 16.0
337 -1.0 -1.0 5.0 22.0 40.0
338 -1.0 -1.0 7.0 123.0 77.0
339 -1.0 -1.0 13.0 328.0 47.0
340 -1.0 -1.0 17.0 126.0 38.0
341 -1.0 -1.0 5.0 364.0 35.0
342 -1.0 -1.0 4.0 203.0 26.0
343 -1.0 -1.0 13.0 304.0 61.0
344 -1.0 -1.0 10.0 64.0 29.0
345 -1.0 -1.0 13.0 295.0 86.0
346 -1.0 -1.0 20.0 398.0 80.0
347 -1.0 -1.0 12.0 132.0 68.0
348 -1.0 -1.0 5.0 296.0 44.0
349 -1.0 -1.0 12.0 188.0 39.0
350 -1.0 -1.0 10.0 65.0 64.0
351 -1.0 -1.0 6.0 274.0 100.0
352 -1.0 -1.0 17.0 284.0 45.0
353 -1.0 -1.0 15.0 214.0 68.0
354 -1.0 -1.0 20.0 328.0 98.0
355 -1.0 -1.0 13.0 238.0 64.0
356 -1.0 -1.0 6.0 236.0 27.0
357 -1.0 -1.0 8.0 272.0 84.0
358 -1.0 -1.0 4.0 306.0 38.0
359 -1.0 -1.0 8.0 171.0 45.0
360 -1.0 -1.0 8.0 66.0 72.0
361 -1.0 -1.0 9.0 249.0 17.0
362 -1.0 -1.0 5.0 45.0 57.0
363 -1.0 -1.0 14.0 116.0 41.0
364 -1.0 -1.0 5.0 71.0 69.0
365 -1.0 -1.0 6.0 389.0 36.0
366 -1.0 -1.0 19.0 374.0 67.0
367 -1.0 -1.0 16.0 297.0 57.0
368 -1.0 -1.0 11.0 18.0 83.0
369 -1.0 -1.0 16.0 55.0 79.0
370 -1.0 -1.0 13.0 361.0 59.0
371 -1.0 -1.0 12.0 79.0 40.0
372 -1.0 -1.0 12.0 45.0 92.0
373 -1.0 -1.0 14.0 303.0 51.0
374 -1.0 -1.0 15.0 222.0 99.0
375 -1.0 -1.0 19.0 156.0 81.0
376 -1.0 -1.0 19.0 174.0 50.0
377 -1.0 -1.0 8.0 209.0 96.0
378 -1.0 -1.0 18.0 113.0 51.0
379 -1.0 -1.0 11.0 83.0 33.0
380 -1.0 -1.0 13.0 219.0 69.0
381 -1.0 -1.0 15.0 390.0 92.0
382 -1.0 -1.0 13.0 97.0 89.0
383 -1.0 -1.0 10.0 101.0 64.0
384 -1.0 -1.0 16.0 55.0 41.0
385 -1.0 -1.0 5.0 353.0 53.0
386 -1.0 -1.0 6.0 138.0 83.0
387 -1.0 -1.0 16.0 126.0 32.0
388 -1.0 -1.0 20.0 198.0 29.0
389 -1.0 -1.0 4.0 215.0 79.0
390 -1.0 -1.0 15.0 206.0 22.0
391 -1.0 -1.0 18.0 281.0 95.0
392 -1.0 -1.0 20.0 217.0 48.0
393 -1.0 -1.0 18.0 378.0 64.0
394 -1.0 -1.0 20.0 15.0 55.0
395 -1.0 -1.0 20.0 40.0 52.0
396 -1.0 -1.0 11.0 360.0 38.0
397 -1.0 -1.0 16.0 16.0 21.0
398 -1.0 -1.0 20.0 95.0 72.0
399 -1.0 -1.0 9.0 146.0 79.0
400 -1.0 -1.0 20.0 291.0 38.0
401 -1.0 -1.0 5.0 148.0 16.0
402 -1.0 -1.0 12.0 65.0 79.0
403 -1.0 -1.0 20.0 311.0 84.0
404 -1.0 -1.0 14.0 310.0 20.0
405 -1.0 -1.0 20.0 121.0 63.0
406 -1.0 -1.0 6.0 185.0 55.0
407 -1.0 -1.0 15.0 247.0 17.0
408 -1.0 -1.0 14.0 331.0 79.0
409 -1.0 -1.0 16.0 279.0 41.0
410 -1.0 -1.0 13.0 79.0 32.0
411 -1.0 -1.0 20.0 131.0 38.0
412 -1.0 -1.0 16.0 318.0 80.0
413 -1.0 -1.0 18.0 113.0 47.0
414 -1.0 -1.0 19.0 248.0 93.0
415 -1.0 -1.0 15.0 306.0 70.0
416 -1.0 -1.0 20.0 231.0 90.0
417 -1.0 -1.0 9.0 128.0 30.0
418 -1.0 -1.0 13.0 274.0 100.0
419 -1.0 -1.0 7.0 247.0 75.0
420 -1.0 -1.0 18.0 86.0 42.0
421 -1.0 -1.0 4.0 116.0 54.0
422 -1.0 -1.0 8.0 400.0 36.0
423 -1.0 -1.0 13.0 275.0 78.0
424 -1.0 -1.0 16.0 98.0 88.0
425 -1.0 -1.0 8.0 393.0 22.0
426 -1.0 -1.0 7.0 199.0 33.0
427 -1.0 -1.0 15.0 298.0 41.0
428 -1.0 -1.0 12.0 150.0 89.0
429 -1.0 -1.0 15.0 267.0 80.0
430 -1.0 -1.0 14.0 27.0 44.0
431 -1.0 -1.0 11.0 316.0 98.0
432 -1.0 -1.0 6.0 102.0 41.0
433 -1.0 -1.0 16.0 73.0 78.0
434 -1.0 -1.0 8.0 112.0 62.0
435 -1.0 -1.0 15.0 361.0 68.0
436 -1.0 -1.0 20.0 308.0 78.0
437 -1.0 -1.0 9.0 298.0 32.0
438 -1.0 -1.0 8.0 307.0 100.0
439 -1.0 -1.0 7.0 44.0 26.0
440 -1.0 -1.0 18.0 267.0 15.0
441 -1.0 -1.0 19.0 374.0 58.0
442 -1.0 -1.0 11.0 392.0 44.0
443 -1.0 -1.0 18.0 36.0 57.0
444 -1.0 -1.0 6.0 203.0 59.0
445 -1.0 -1.0 8.0 161.0 98.0
446 -1.0 -1.0 6.0 255.0 84.0
447 -1.0 -1.0 16.0 78.0 35.0
448 -1.0 -1.0 8.0 290.0 74.0
449 -1.0 -1.0 9.0 196.0 21.0
450 -1.0 -1.0 14.0 34.0 23.0
451 -1.0 -1.0 18.0 98.0 68.0
452 -1.0 -1.0 14.0 79.0 72.0
453 -1.0 -1.0 20.0 87.0 22.0
454 -1.0 -1.0 5.0 16.0 79.0
455 -1.0 -1.0 15.0 166.0 54.0
456 -1.0 -1.0 12.0 18.0 98.0
457 -1.0 -1.0 13.0 156.0 47.0
458 -1.0 -1.0 11.0 139.0 85.0
459 -1.0 -1.0 5.0 40.0 39.0
460 -1.0 -1.0 7.0 130.0 46.0
461 -1.0 -1.0 12.0 198.0 99.0
462 -1.0 -1.0 4.0 57.0 94.0
463 -1.0 -1.0 4.0 357.0 47.0
464 -1.0 -1.0 19.0 309.0 100.0
465 -1.0 -1.0 18.0 397.0 27.0
466 -1.0 -1.0 16.0 26.0 83.0
467 -1.0 -1.0 11.0 228.0 88.0
468 -1.0 -1.0 9.0 75.0 52.0
469 -1.0 -1.0 14.0 62.0 24.0
470 -1.0 -1.0 20.0 400.0 83.0
471 -1.0 -1.0 13.0 179.0 97.0
472 -1.0 -1.0 12.0 323.0 76.0
473 -1.0 -1.0 11.0 392.0 43.0
474 -1.0 -1.0 10.0 360.0 85.0
475 -1.0 -1.0 8.0 393.0 67.0
476 -1.0 -1.0 14.0 69.0 92.0
477 -1.0 -1.0 14.0 369.0 57.0
478 -1.0 -1.0 4.0 176.0 84.0
479 -1.0 -1.0 13.0 24.0 92.0
480 -1.0 -1.0 18.0 279.0 40.0
481 -1.0 -1.0 17.0 398.0 45.0
482 -1.0 -1.0 11.0 344.0 69.0
483 -1.0 -1.0 12.0 389.0 15.0
484 -1.0 -1.0 5.0 290.0 54.0
485 -1.0 -1.0 6.0 390.0 67.0
486 -1.0 -1.0 12.0 342.0 45.0
487 -1.0 -1.0 18.0 260.0 69.0
488 -1.0 -1.0 6.0 356.0 86.0
489 -1.0 -1.0 18.0 382.0 75.0
490 -1.0 -1.0 13.0 162.0 32.0
491 -1.0 -1.0 7.0 210.0 74.0
492 -1.0 -1.0 19.0 113.0 99.0
493 -1.0 -1.0 16.0 151.0 91.0
494 -1.0 -1.0 16.0 151.0 37.0
495 -1.0 -1.0 11.0 162.0 73.0
496 -1.0 -1.0 11.0 300.0 63.0
497 -1.0 -1.0 4.0 326.0 75.0
498 -1.0 -1.0 18.0 390.0 53.0
499 -1.0 -1.0 8.0 21.0 63.0
500 -1.0 -1.0 5.0 50.0 80.0
501 -1.0 -1.0 18.0 350.0 53.0
502 -1.0 -1.0 20.0 207.0 83.0
503 -1.0 -1.0 9.0 184.0 29.0
504 -1.0 -1.0 16.0 355.0 99.0
505 -1.0 -1.0 7.0 145.0 73.0
506 -1.0 -1.0 7.0 186.0 96.0
507 -1.0 -1.0 14.0 90.0 82.0
508 -1.0 -1.0 18.0 247.0 86.0
509 -1.0 -1.0 15.0 99.0 74.0
510 -1.0 -1.0 9.0 269.0 87.0
511 -1.0 -1.0 12.0 58.0 89.0
512 -1.0 -1.0 14.0 392.0 16.0
513 -1.0 -1.0 10.0 394.0 26.0
514 -1.0 -1.0 8.0 372.0 32.0
515 -1.0 -1.0 14.0 19.0 100.0
516 -1.0 -1.0 8.0 82.0 60.0
517 -1.0 -1.0 16.0 199.0 99.0
518 -1.0 -1.0 8.0 173.0 15.0
519 -1.0 -1.0 20.0 136.0 93.0
520 -1.0 -1.0 20.0 306.0 54.0
521 -1.0 -1.0 20.0 155.0 64.0
522 -1.0 -1.0 5.0 144.0 19.0
523 -1.0 -1.0 11.0 389.0 23.0
524 -1.0 -1.0 8.0 220.0 45.0
525 -1.0 -1.0 4.0 342.0 73.0
526 -1.0 -1.0 9.0 315.0 67.0
527 -1.0 -1.0 14.0 124.0 74.0
528 -1.0 -1.0 16.0 260.0 100.0
529 -1.0 -1.0 9.0 253.0 60.0
530 -1.0 -1.0 20.0 330.0 44.0
531 -1.0 -1.0 5.0 152.0 79.0
532 -1.0 -1.0 18.0 44.0 41.0
533 -1.0 -1.0 5.0 152.0 23.0
534 -1.0 -1.0 4.0 18.0 57.0
535 -1.0 -1.0 5.0 328.0 59.0
536 -1.0 -1.0 17.0 204.0 19.0
537 -1.0 -1.0 12.0 65.0 64.0
538 -1.0 -1.0 18.0 360.0 96.0
539 -1.0 -1.0 8.0 184.0 81.0
540 -1.0 -1.0 10.0 86.0 22.0
541 -1.0 -1.0 18.0 382.0 90.0
542 -1.0 -1.0 7.0 184.0 21.0
543 -1.0 -1.0 7.0 264.0 97.0
544 -1.0 -1.0 9.0 190.0 49.0
545 -1.0 -1.0 9.0 235.0 96.0
546 -1.0 -1.0 5.0 149.0 18.0
547 -1.0 -1.0 9.0 207.0 50.0
548 -1.0 -1.0 5.0 270.0 32.0
549 -1.0 -1.0 15.0 197.0 79.0
550 -1.0 -1.0 4.0 319.0 59.0
551 -1.0 -1.0 14.0 26.0 84.0
552 -1.0 -1.0 4.0 23.0 35.0
553 -1.0 -1.0 18.0 341.0 92.0
554 -1.0 -1.0 19.0 63.0 42.0
555 -1.0 -1.0 7.0 268.0 42.0
556 -1.0 -1.0 17.0 153.0 46.0
557 -1.0 -1.0 6.0 279.0 92.0
558 -1.0 -1.0 6.0 196.0 49.0
559 -1.0 -1.0 19.0 288.0 69.0
560 -1.0 -1.0 15.0 388.0 41.0
561 -1.0 -1.0 9.0 234.0 36.0
562 -1.0 -1.0 13.0 278.0 84.0
563 -1.0 -1.0 13.0 58.0 48.0
564 -1.0 -1.0 11.0 308.0 87.0
565 -1.0 -1.0 19.0 291.0 84.0
566 -1.0 -1.0 6.0 186.0 25.0
567 -1.0 -1.0 10.0 251.0 39.0
568 -1.0 -1.0 7.0 202.0 84.0
569 -1.0 -1.0 8.0 138.0 58.0
570 -1.0 -1.0 16.0 85.0 38.0
571 -1.0 -1.0 15.0 398.0 87.0
572 -1.0 -1.0 16.0 304.0 98.0
573 -1.0 -1.0 16.0 160.0 44.0
574 -1.0 -1.0 6.0 163.0 71.0
575 -1.0 -1.0 8.0 396.0 42.0
576 -1.0 -1.0 11.0 343.0 54.0
577 -1.0 -1.0 17.0 197.0 95.0
578 -1.0 -1.0 5.0 158.0 70.0
579 -1.0 -1.0 6.0 135.0 56.0
580 -1.0 -1.0 20.0 277.0 68.0
581 -1.0 -1.0 11.0 294.0 61.0
582 -1.0 -1.0 10.0 324.0 97.0
583 -1.0 -1.0 9.0 219.0 15.0
584 -1.0 -1.0 17.0 129.0 59.0
585 -1.0 -1.0 12.0 314.0 98.0
586 -1.0 -1.0 15.0 38.0 80.0
587 -1.0 -1.0 14.0 195.0 98.0
588 -1.0 -1.0 9.0 300.0 81.0
589 -1.0 -1.0 6.0 275.0 20.0
590 -1.0 -1.0 7.0 117.0 32.0
591 -1.0 -1.0 13.0 27.0 39.0
592 -1.0 -1.0 13.0 307.0 32.0
593 -1.0 -1.0 12.0 48.0 84.0
594 -1.0 -1.0 5.0 341.0 86.0
595 -1.0 -1.0 4.0 114.0 70.0
596 -1.0 -1.0 10.0 158.0 57.0
597 -1.0 -1.0 18.0 331.0 18.0
598 -1.0 -1.0 10.0 394.0 17.0
599 -1.0 -1.0 14.0 229.0 34.0
758
0 1 9
1 24 8
1 2 7
2 25 7
2 3 7
3 26 11
3 4 6
4 27 8
4 5 9
5 28 11
5 6 5
7 8 10
8 9 9
9 30 11
10 32 11
10 11 10
12 34 11
12 13 5
13 35 7
14 36 9
14 15 7
15 16 10
16 37 12
17 40 9
17 18 7
18 41 12
18 19 11
19 42 7
19 20 12
20 43 6
20 21 5
21 22 10
22 44 10
22 23 7
24 46 12
24 25 8
25 47 11
25 26 8
26 48 12
26 27 9
27 28 11
28 49 6
29 51 11
30 54 8
30 31 7
31 32 9
32 55 6
33 34 8
34 56 7
34 35 8
36 58 7
37 38 8
38 60 11
38 39 11
39 61 6
39 40 6
40 62 8
40 41 12
41 63 8
41 42 11
42 64 11
42 43 11
44 65 5
45 67 5
45 46 6
46 68 11
46 47 11
47 69 6
47 48 6
48 70 7
49 72 10
49 50 10
50 73 7
50 51 7
51 52 7
52 74 9
52 53 9
53 75 9
53 54 11
55 77 7
56 80 11
57 58 11
58 82 6
58 59 5
59 83 10
60 61 7
61 84 6
61 62 6
62 85 5
62 63 10
63 86 12
63 64 9
65 89 5
65 66 11
66 90 8
67 91 10
67 68 8
68 92 9
68 69 7
69 93 8
69 70 7
70 94 11
70 71 8
71 95 11
71 72 12
72 73 9
73 96 10
74 98 8
74 75 8
75 99 8
76 77 5
77 78 9
78 101 7
78 79 11
79 102 6
79 80 6
80 103 5
80 81 6
81 104 10
82 106 9
82 83 6
84 85 8
85 108 7
85 86 6
87 88 9
88 109 6
88 89 8
89 90 7
90 110 10
91 111 11
91 92 8
92 112 11
92 93 5
93 94 8
94 95 9
95 113 8
96 115 11
96 97 9
97 116 7
97 98 10
98 117 12
98 99 9
99 100 10
100 118 5
101 102 8
102 120 11
102 103 10
103 121 5
103 104 11
104 122 8
104 105 5
105 123 10
105 106 10
106 124 5
107 127 7
108 128 7
110 132 11
111 133 7
111 112 10
113 135 8
113 114 6
114 115 6
115 136 10
115 116 11
116 117 10
117 137 9
119 139 6
120 141 8
120 121 9
121 122 12
122 142 11
122 123 10
123 143 8
123 124 6
124 144 10
124 125 12
125 145 7
125 126 6
126 127 12
127 146 8
129 149 7
129 130 10
131 150 7
131 132 12
133 151 7
134 153 6
136 156 8
138 159 10
138 139 11
139 160 9
139 140 12
140 161 8
140 141 11
141 162 11
142 163 6
142 143 5
143 144 8
144 145 6
146 165 10
146 147 6
148 167 9
148 149 6
149 168 9
150 169 11
151 170 9
151 152 6
152 153 10
153 154 10
154 171 7
155 156 8
157 158 6
158 173 5
158 159 6
159 174 9
159 160 5
160 175 11
160 161 6
161 176 6
161 162 10
162 177 8
163 178 8
164 181 10
164 165 9
166 167 11
167 183 5
167 168 6
168 184 8
169 186 6
170 188 5
172 192 7
173 195 7
173 174 9
174 196 5
174 175 7
175 197 5
175 176 5
176 177 7
177 198 8
178 179 12
180 201 11
180 181 9
182 203 6
183 204 5
183 184 9
185 205 8
185 186 11
186 187 6
187 206 9
188 207 6
188 189 11
189 208 8
189 190 6
191 192 10
192 211 8
192 193 7
193 212 10
193 194 10
194 213 12
194 195 12
195 196 5
196 214 10
196 197 11
198 199 5
199 216 11
200 219 5
200 201 9
202 203 8
203 221 7
204 223 5
207 226 5
207 208 9
209 210 10
210 228 11
211 229 8
211 212 10
212 213 8
214 231 7
215 233 6
216 217 7
217 218 12
218 219 6
219 235 7
220 237 8
221 239 8
221 222 8
222 240 8
222 223 9
223 241 7
223 224 6
224 242 5
225 244 12
227 247 7
228 249 6
230 231 6
231 232 9
232 251 10
232 233 10
233 234 9
235 236 7
236 254 5
236 237 10
237 238 8
238 255 12
238 239 9
239 240 10
240 256 7
240 241 9
241 257 12
241 242 9
242 258 6
242 243 10
243 259 5
244 260 8
244 245 6
246 263 10
246 247 7
247 264 12
247 248 5
248 249 12
249 265 6
250 268 5
252 253 5
253 271 11
254 273 5
255 275 6
256 277 7
256 257 7
257 258 5
258 278 11
258 259 7
260 280 11
261 282 10
261 262 5
262 263 11
263 264 9
264 283 10
265 284 8
266 285 10
266 267 11
267 286 9
267 268 7
268 287 11
268 269 11
270 288 6
271 272 9
272 291 10
273 274 6
274 293 11
274 275 8
275 294 12
275 276 7
276 277 5
278 296 6
279 298 11
279 280 5
280 281 9
281 299 6
282 300 12
283 303 9
284 304 6
285 306 11
285 286 8
286 307 7
286 287 5
287 308 12
288 311 6
288 289 5
289 312 6
289 290 7
290 313 10
291 315 12
291 292 5
293 317 11
293 294 9
294 318 5
295 321 8
295 296 6
296 322 7
296 297 12
297 298 11
299 323 11
300 301 5
301 324 6
301 302 11
302 325 10
302 303 6
304 305 9
305 327 8
305 306 11
306 307 5
307 328 7
307 308 5
308 329 7
309 331 12
309 310 6
310 311 7
311 332 12
311 312 8
312 333 7
312 313 9
313 334 10
313 314 9
314 335 10
314 315 6
315 336 6
316 338 10
316 317 12
317 339 9
317 318 6
318 340 6
318 319 11
319 341 12
319 320 8
320 342 12
320 321 5
321 322 6
324 346 10
324 325 8
326 348 5
327 350 12
328 352 9
328 329 8
329 330 10
330 353 9
330 331 5
332 354 10
332 333 12
333 334 5
334 355 8
334 335 7
335 356 11
335 336 5
336 357 7
336 337 12
337 358 6
337 338 6
338 359 9
338 339 9
339 340 6
340 360 10
340 341 8
341 361 9
341 342 10
343 344 6
344 364 11
345 367 8
345 346 12
346 368 7
347 370 6
347 348 5
348 349 7
349 371 11
349 350 6
350 372 8
350 351 9
351 352 8
352 373 11
353 374 5
354 376 5
355 378 9
355 356 11
356 379 10
356 357 5
357 358 12
358 380 9
358 359 9
359 381 6
360 361 7
362 383 7
362 363 6
363 384 10
364 386 9
364 365 11
365 387 12
365 366 8
367 368 6
368 369 11
369 370 10
370 388 8
371 372 10
374 375 11
376 392 9
376 377 12
377 378 11
378 393 11
378 379 11
380 395 10
380 381 6
381 396 9
382 383 5
383 398 7
383 384 9
384 399 6
384 385 6
385 386 7
386 400 5
386 387 10
387 401 6
388 406 12
389 409 9
390 411 6
391 414 7
391 392 7
392 415 5
394 417 6
394 395 6
395 396 7
396 418 5
397 419 10
398 421 12
398 399 5
399 422 10
400 424 11
400 401 11
401 402 11
402 425 7
403 404 9
404 426 7
404 405 6
405 427 10
405 406 9
406 428 9
406 407 12
408 430 10
408 409 10
409 410 12
410 431 6
410 411 8
411 432 12
411 412 11
412 433 12
412 413 10
413 434 5
413 414 5
414 435 5
414 415 5
415 436 8
416 417 6
417 437 6
419 440 11
419 420 7
421 441 8
421 422 6
422 442 10
422 423 5
423 443 10
423 424 6
426 427 8
427 428 12
428 444 12
429 430 7
430 446 5
431 432 7
432 433 6
433 448 5
433 434 12
434 449 10
434 435 9
435 450 11
435 436 10
436 451 11
437 452 7
437 438 10
439 440 9
440 453 9
441 456 8
441 442 12
442 457 8
442 443 6
444 463 8
444 445 10
445 464 10
446 447 12
447 466 9
448 469 12
448 449 10
449 450 11
450 470 9
450 451 12
451 471 12
452 472 10
453 475 5
453 454 6
454 476 5
454 455 12
455 477 10
455 456 5
456 457 11
458 459 8
459 479 11
459 460 10
461 480 6
462 463 10
463 482 7
463 464 7
464 465 12
466 483 10
466 467 7
467 484 6
467 468 8
468 485 7
468 469 11
469 486 8
470 487 9
470 471 5
472 473 8
473 491 12
474 493 11
474 475 9
475 476 12
476 494 7
476 477 7
477 495 9
478 497 7
479 499 12
480 500 10
480 481 11
481 501 7
483 505 12
483 484 9
484 485 8
485 506 12
485 486 6
487 508 7
488 489 12
489 509 8
489 490 5
490 510 10
491 512 7
491 492 10
492 513 8
492 493 9
493 514 5
494 515 11
494 495 6
495 516 5
496 518 9
496 497 9
497 519 12
497 498 9
498 499 8
499 520 10
500 522 10
500 501 11
501 523 10
502 526 12
502 503 9
503 504 12
504 505 11
505 527 5
506 529 7
507 508 6
508 531 6
509 532 7
509 510 7
510 511 8
511 533 10
511 512 6
512 513 5
513 534 8
513 514 6
515 535 9
515 516 10
516 536 9
516 517 8
517 537 11
517 518 7
518 538 9
518 519 6
520 539 7
520 521 8
521 540 9
522 541 7
522 523 12
523 542 7
523 524 11
524 525 5
525 543 10
525 526 9
527 546 6
527 528 9
528 547 8
528 529 8
529 548 11
529 530 12
530 549 11
531 550 8
534 554 5
535 555 12
535 536 5
536 556 12
536 537 8
537 538 11
538 557 6
539 559 7
539 540 5
540 560 11
541 561 11
541 542 9
542 562 10
544 564 6
544 545 5
545 546 11
546 547 6
547 565 6
547 548 8
548 549 12
550 566 9
550 551 10
551 567 12
551 552 12
552 568 8
553 569 6
554 572 9
555 556 7
557 576 8
557 558 7
559 578 12
559 560 6
560 579 10
561 580 9
561 562 5
562 581 5
562 563 12
564 583 6
565 585 6
566 588 11
566 567 12
567 589 12
567 568 10
568 590 7
569 592 12
569 570 5
570 571 12
571 593 11
571 572 7
572 573 5
573 574 5
574 594 7
575 596 12
575 576 11
576 597 10
577 598 6
577 578 5
578 599 7
578 579 6
580 581 5
582 583 9
584 585 8
586 587 12
587 588 12
588 589 12
589 590 5
590 591 8
591 592 6
595 596 7
596 597 7
598 599 8
10 0.05 0.05 0.05
