726
0 -1.0 -1.0 18.0 296.0 36.0
1 -1.0 -1.0 20.0 110.0 50.0
2 -1.0 -1.0 13.0 396.0 84.0
3 -1.0 -1.0 7.0 43.0 49.0
4 -1.0 -1.0 5.0 330.0 57.0
5 -1.0 -1.0 20.0 296.0 58.0
6 -1.0 -1.0 16.0 264.0 15.0
7 -1.0 -1.0 20.0 270.0 59.0
8 -1.0 -1.0 20.0 201.0 74.0
9 -1.0 -1.0 10.0 35.0 92.0
10 -1.0 -1.0 13.0 71.0 31.0
11 -1.0 -1.0 16.0 309.0 74.0
12 -1.0 -1.0 9.0 137.0 84.0
13 -1.0 -1.0 10.0 153.0 47.0
14 -1.0 -1.0 8.0 102.0 16.0
15 -1.0 -1.0 6.0 383.0 95.0
16 -1.0 -1.0 13.0 389.0 69.0
17 -1.0 -1.0 4.0 185.0 44.0
18 -1.0 -1.0 14.0 145.0 43.0
19 -1.0 -1.0 13.0 135.0 15.0
20 -1.0 -1.0 6.0 360.0 76.0
21 -1.0 -1.0 14.0 278.0 70.0
22 -1.0 -1.0 13.0 73.0 70.0
23 -1.0 -1.0 19.0 233.0 93.0
24 -1.0 -1.0 5.0 111.0 19.0
25 -1.0 -1.0 10.0 306.0 80.0
26 -1.0 -1.0 15.0 396.0 46.0
27 -1.0 -1.0 4.0 157.0 42.0
28 -1.0 -1.0 18.0 135.0 15.0
29 -1.0 -1.0 19.0 173.0 49.0
30 -1.0 -1.0 12.0 301.0 77.0
31 -1.0 -1.0 18.0 199.0 70.0
32 -1.0 -1.0 20.0 309.0 50.0
33 -1.0 -1.0 20.0 251.0 86.0
34 -1.0 -1.0 6.0 118.0 35.0
35 -1.0 -1.0 4.0 16.0 66.0
36 -1.0 -1.0 17.0 348.0 37.0
37 -1.0 -1.0 6.0 266.0 19.0
38 -1.0 -1.0 4.0 320.0 44.0
39 -1.0 -1.0 4.0 207.0 29.0
40 -1.0 -1.0 10.0 286.0 26.0
41 -1.0 -1.0 11.0 317.0 19.0
42 -1.0 -1.0 17.0 376.0 46.0
43 -1.0 -1.0 19.0 218.0 47.0
44 -1.0 -1.0 13.0 371.0 38.0
45 -1.0 -1.0 10.0 56.0 61.0
46 -1.0 -1.0 13.0 311.0 51.0
47 -1.0 -1.0 8.0 386.0 71.0
48 -1.0 -1.0 10.0 135.0 88.0
49 -1.0 -1.0 14.0 210.0 85.0
50 -1.0 -1.0 9.0 155.0 42.0
51 -1.0 -1.0 5.0 243.0 57.0
52 -1.0 -1.0 11.0 338.0 77.0
53 -1.0 -1.0 4.0 374.0 99.0
54 -1.0 -1.0 8.0 387.0 64.0
55 -1.0 -1.0 13.0 169.0 34.0
56 -1.0 -1.0 13.0 196.0 27.0
57 -1.0 -1.0 10.0 109.0 38.0
58 -1.0 -1.0 18.0 80.0 53.0
59 -1.0 -1.0 16.0 90.0 82.0
60 -1.0 -1.0 19.0 139.0 100.0
61 -1.0 -1.0 8.0 67.0 95.0
62 -1.0 -1.0 4.0 137.0 21.0
63 -1.0 -1.0 18.0 353.0 31.0
64 -1.0 -1.0 16.0 398.0 39.0
65 -1.0 -1.0 11.0 19.0 44.0
66 -1.0 -1.0 19.0 88.0 55.0
67 -1.0 -1.0 16.0 36.0 89.0
68 -1.0 -1.0 6.0 255.0 25.0
69 -1.0 -1.0 6.0 79.0 58.0
70 -1.0 -1.0 10.0 178.0 53.0
71 -1.0 -1.0 13.0 123.0 98.0
72 -1.0 -1.0 10.0 54.0 32.0
73 -1.0 -1.0 4.0 324.0 29.0
74 -1.0 -1.0 20.0 297.0 82.0
75 -1.0 -1.0 6.0 135.0 28.0
76 -1.0 -1.0 5.0 42.0 58.0
77 -1.0 -1.0 20.0 20.0 18.0
78 -1.0 -1.0 11.0 49.0 97.0
79 -1.0 -1.0 14.0 330.0 79.0
80 -1.0 -1.0 13.0 149.0 23.0
81 -1.0 -1.0 18.0 286.0 39.0
82 -1.0 -1.0 5.0 218.0 41.0
83 -1.0 -1.0 14.0 217.0 54.0
84 -1.0 -1.0 13.0 215.0 99.0
85 -1.0 -1.0 6.0 224.0 53.0
86 -1.0 -1.0 13.0 267.0 27.0
87 -1.0 -1.0 8.0 188.0 70.0
88 -1.0 -1.0 16.0 245.0 52.0
89 -1.0 -1.0 10.0 176.0 34.0
90 -1.0 -1.0 19.0 18.0 52.0
91 -1.0 -1.0 17.0 136.0 81.0
92 -1.0 -1.0 8.0 331.0 82.0
93 -1.0 -1.0 6.0 359.0 41.0
94 -1.0 -1.0 14.0 94.0 41.0
95 -1.0 -1.0 6.0 49.0 92.0
96 -1.0 -1.0 19.0 199.0 44.0
97 -1.0 -1.0 19.0 294.0 40.0
98 -1.0 -1.0 10.0 236.0 17.0
99 -1.0 -1.0 14.0 64.0 89.0
100 -1.0 -1.0 5.0 43.0 64.0
101 -1.0 -1.0 9.0 158.0 55.0
102 -1.0 -1.0 11.0 245.0 42.0
103 -1.0 -1.0 7.0 226.0 26.0
104 -1.0 -1.0 4.0 318.0 40.0
105 -1.0 -1.0 9.0 321.0 35.0
106 -1.0 -1.0 16.0 107.0 18.0
107 -1.0 -1.0 7.0 295.0 62.0
108 -1.0 -1.0 18.0 39.0 97.0
109 -1.0 -1.0 6.0 371.0 84.0
110 -1.0 -1.0 18.0 292.0 99.0
111 -1.0 -1.0 4.0 247.0 35.0
112 -1.0 -1.0 7.0 163.0 44.0
113 -1.0 -1.0 5.0 90.0 87.0
114 -1.0 -1.0 8.0 48.0 92.0
115 -1.0 -1.0 14.0 113.0 81.0
116 -1.0 -1.0 8.0 212.0 35.0
117 -1.0 -1.0 11.0 171.0 31.0
118 -1.0 -1.0 20.0 74.0 21.0
119 -1.0 -1.0 16.0 259.0 80.0
120 -1.0 -1.0 9.0 174.0 47.0
121 -1.0 -1.0 10.0 335.0 19.0
122 -1.0 -1.0 15.0 326.0 88.0
123 -1.0 -1.0 11.0 39.0 29.0
124 -1.0 -1.0 14.0 248.0 78.0
125 -1.0 -1.0 10.0 375.0 98.0
126 -1.0 -1.0 17.0 155.0 56.0
127 -1.0 -1.0 11.0 187.0 53.0
128 -1.0 -1.0 4.0 140.0 91.0
129 -1.0 -1.0 10.0 247.0 89.0
130 -1.0 -1.0 4.0 252.0 83.0
131 -1.0 -1.0 7.0 34.0 80.0
132 -1.0 -1.0 17.0 169.0 22.0
133 -1.0 -1.0 19.0 382.0 60.0
134 -1.0 -1.0 13.0 353.0 68.0
135 -1.0 -1.0 18.0 19.0 36.0
136 -1.0 -1.0 7.0 177.0 33.0
137 -1.0 -1.0 17.0 36.0 32.0
138 -1.0 -1.0 12.0 337.0 50.0
139 -1.0 -1.0 18.0 41.0 66.0
140 -1.0 -1.0 16.0 348.0 74.0
141 -1.0 -1.0 4.0 98.0 65.0
142 -1.0 -1.0 10.0 331.0 58.0
143 -1.0 -1.0 10.0 313.0 58.0
144 -1.0 -1.0 12.0 197.0 94.0
145 -1.0 -1.0 19.0 88.0 61.0
146 -1.0 -1.0 6.0 136.0 65.0
147 -1.0 -1.0 11.0 342.0 52.0
148 -1.0 -1.0 19.0 312.0 76.0
149 -1.0 -1.0 9.0 25.0 32.0
150 -1.0 -1.0 18.0 54.0 88.0
151 -1.0 -1.0 17.0 132.0 33.0
152 -1.0 -1.0 10.0 374.0 71.0
153 -1.0 -1.0 4.0 253.0 93.0
154 -1.0 -1.0 16.0 23.0 30.0
155 -1.0 -1.0 11.0 176.0 95.0
156 -1.0 -1.0 10.0 177.0 22.0
157 -1.0 -1.0 10.0 318.0 57.0
158 -1.0 -1.0 16.0 200.0 18.0
159 -1.0 -1.0 19.0 72.0 65.0
160 -1.0 -1.0 18.0 202.0 84.0
161 -1.0 -1.0 17.0 255.0 47.0
162 -1.0 -1.0 13.0 163.0 18.0
163 -1.0 -1.0 7.0 17.0 77.0
164 -1.0 -1.0 19.0 116.0 79.0
165 -1.0 -1.0 4.0 327.0 92.0
166 -1.0 -1.0 10.0 379.0 25.0
167 -1.0 -1.0 13.0 58.0 19.0
168 -1.0 -1.0 5.0 155.0 38.0
169 -1.0 -1.0 17.0 136.0 32.0
170 -1.0 -1.0 11.0 255.0 21.0
171 -1.0 -1.0 6.0 312.0 50.0
172 -1.0 -1.0 9.0 240.0 66.0
173 -1.0 -1.0 7.0 75.0 28.0
174 -1.0 -1.0 16.0 211.0 67.0
175 -1.0 -1.0 6.0 146.0 78.0
176 -1.0 -1.0 11.0 290.0 59.0
177 -1.0 -1.0 18.0 183.0 34.0
178 -1.0 -1.0 15.0 56.0 19.0
179 -1.0 -1.0 10.0 152.0 48.0
180 -1.0 -1.0 20.0 151.0 87.0
181 -1.0 -1.0 14.0 21.0 94.0
182 -1.0 -1.0 4.0 341.0 49.0
183 -1.0 -1.0 13.0 142.0 56.0
184 -1.0 -1.0 9.0 191.0 92.0
185 -1.0 -1.0 7.0 307.0 17.0
186 -1.0 -1.0 5.0 129.0 32.0
187 -1.0 -1.0 11.0 349.0 49.0
188 -1.0 -1.0 12.0 102.0 21.0
189 -1.0 -1.0 14.0 238.0 35.0
190 -1.0 -1.0 5.0 162.0 65.0
191 -1.0 -1.0 17.0 342.0 47.0
192 -1.0 -1.0 10.0 352.0 31.0
193 -1.0 -1.0 17.0 240.0 94.0
194 -1.0 -1.0 11.0 326.0 29.0
195 -1.0 -1.0 14.0 327.0 37.0
196 -1.0 -1.0 11.0 130.0 53.0
197 -1.0 -1.0 12.0 355.0 48.0
198 -1.0 -1.0 18.0 313.0 59.0
199 -1.0 -1.0 15.0 44.0 75.0
200 -1.0 -1.0 15.0 311.0 71.0
201 -1.0 -1.0 17.0 24.0 80.0
202 -1.0 -1.0 12.0 198.0 35.0
203 -1.0 -1.0 12.0 317.0 96.0
204 -1.0 -1.0 20.0 358.0 35.0
205 -1.0 -1.0 17.0 184.0 15.0
206 -1.0 -1.0 11.0 156.0 22.0
207 -1.0 -1.0 6.0 368.0 15.0
208 -1.0 -1.0 11.0 230.0 44.0
209 -1.0 -1.0 5.0 245.0 56.0
210 -1.0 -1.0 15.0 62.0 92.0
211 -1.0 -1.0 15.0 182.0 50.0
212 -1.0 -1.0 8.0 114.0 51.0
213 -1.0 -1.0 6.0 190.0 23.0
214 -1.0 -1.0 14.0 49.0 29.0
215 -1.0 -1.0 5.0 178.0 33.0
216 -1.0 -1.0 8.0 308.0 58.0
217 -1.0 -1.0 11.0 142.0 40.0
218 -1.0 -1.0 15.0 221.0 89.0
219 -1.0 -1.0 8.0 194.0 75.0
220 -1.0 -1.0 14.0 212.0 23.0
221 -1.0 -1.0 10.0 289.0 35.0
222 -1.0 -1.0 9.0 74.0 43.0
223 -1.0 -1.0 18.0 252.0 57.0
224 -1.0 -1.0 12.0 246.0 33.0
225 -1.0 -1.0 5.0 183.0 69.0
226 -1.0 -1.0 18.0 222.0 19.0
227 -1.0 -1.0 9.0 355.0 83.0
228 -1.0 -1.0 14.0 73.0 58.0
229 -1.0 -1.0 10.0 306.0 83.0
230 -1.0 -1.0 4.0 111.0 99.0
231 -1.0 -1.0 4.0 36.0 97.0
232 -1.0 -1.0 14.0 112.0 29.0
233 -1.0 -1.0 15.0 30.0 70.0
234 -1.0 -1.0 6.0 330.0 97.0
235 -1.0 -1.0 8.0 311.0 73.0
236 -1.0 -1.0 14.0 271.0 87.0
237 -1.0 -1.0 12.0 109.0 51.0
238 -1.0 -1.0 10.0 182.0 61.0
239 -1.0 -1.0 5.0 171.0 87.0
240 -1.0 -1.0 9.0 56.0 90.0
241 -1.0 -1.0 13.0 226.0 30.0
242 -1.0 -1.0 17.0 231.0 76.0
243 -1.0 -1.0 16.0 349.0 29.0
244 -1.0 -1.0 20.0 158.0 41.0
245 -1.0 -1.0 11.0 127.0 70.0
246 -1.0 -1.0 13.0 333.0 61.0
247 -1.0 -1.0 19.0 44.0 44.0
248 -1.0 -1.0 7.0 20.0 51.0
249 -1.0 -1.0 5.0 133.0 44.0
250 -1.0 -1.0 16.0 159.0 43.0
251 -1.0 -1.0 11.0 47.0 92.0
252 -1.0 -1.0 11.0 153.0 48.0
253 -1.0 -1.0 9.0 400.0 43.0
254 -1.0 -1.0 17.0 331.0 89.0
255 -1.0 -1.0 17.0 367.0 99.0
256 -1.0 -1.0 8.0 358.0 22.0
257 -1.0 -1.0 13.0 50.0 18.0
258 -1.0 -1.0 7.0 180.0 89.0
259 -1.0 -1.0 6.0 365.0 17.0
260 -1.0 -1.0 18.0 49.0 78.0
261 -1.0 -1.0 10.0 291.0 26.0
262 -1.0 -1.0 14.0 369.0 61.0
263 -1.0 -1.0 5.0 32.0 36.0
264 -1.0 -1.0 14.0 129.0 21.0
265 -1.0 -1.0 10.0 131.0 78.0
266 -1.0 -1.0 18.0 138.0 25.0
267 -1.0 -1.0 9.0 190.0 50.0
268 -1.0 -1.0 20.0 229.0 20.0
269 -1.0 -1.0 12.0 274.0 38.0
270 -1.0 -1.0 13.0 160.0 58.0
271 -1.0 -1.0 8.0 96.0 29.0
272 -1.0 -1.0 15.0 31.0 75.0
273 -1.0 -1.0 12.0 377.0 61.0
274 -1.0 -1.0 12.0 71.0 20.0
275 -1.0 -1.0 13.0 323.0 32.0
276 -1.0 -1.0 11.0 311.0 70.0
277 -1.0 -1.0 13.0 177.0 45.0
278 -1.0 -1.0 16.0 139.0 71.0
279 -1.0 -1.0 20.0 313.0 93.0
280 -1.0 -1.0 9.0 129.0 79.0
281 -1.0 -1.0 16.0 382.0 15.0
282 -1.0 -1.0 4.0 171.0 60.0
283 -1.0 -1.0 7.0 255.0 41.0
284 -1.0 -1.0 7.0 169.0 27.0
285 -1.0 -1.0 6.0 104.0 85.0
286 -1.0 -1.0 16.0 186.0 59.0
287 -1.0 -1.0 15.0 381.0 15.0
288 -1.0 -1.0 11.0 113.0 18.0
289 -1.0 -1.0 12.0 236.0 74.0
290 -1.0 -1.0 16.0 393.0 45.0
291 -1.0 -1.0 14.0 382.0 99.0
292 -1.0 -1.0 13.0 247.0 20.0
293 -1.0 -1.0 19.0 230.0 25.0
294 -1.0 -1.0 4.0 203.0 77.0
295 -1.0 -1.0 17.0 189.0 85.0
296 -1.0 -1.0 12.0 296.0 49.0
297 -1.0 -1.0 8.0 66.0 97.0
298 -1.0 -1.0 20.0 396.0 43.0
299 -1.0 -1.0 18.0 213.0 26.0
300 -1.0 -1.0 9.0 358.0 69.0
301 -1.0 -1.0 11.0 307.0 90.0
302 -1.0 -1.0 5.0 199.0 80.0
303 -1.0 -1.0 20.0 348.0 35.0
304 -1.0 -1.0 20.0 260.0 100.0
305 -1.0 -1.0 9.0 215.0 69.0
306 -1.0 -1.0 12.0 382.0 91.0
307 -1.0 -1.0 11.0 124.0 69.0
308 -1.0 -1.0 17.0 201.0 74.0
309 -1.0 -1.0 7.0 243.0 30.0
310 -1.0 -1.0 9.0 195.0 82.0
311 -1.0 -1.0 11.0 274.0 41.0
312 -1.0 -1.0 16.0 312.0 88.0
313 -1.0 -1.0 19.0 37.0 45.0
314 -1.0 -1.0 17.0 124.0 43.0
315 -1.0 -1.0 4.0 364.0 95.0
316 -1.0 -1.0 20.0 250.0 93.0
317 -1.0 -1.0 14.0 126.0 47.0
318 -1.0 -1.0 15.0 188.0 75.0
319 -1.0 -1.0 9.0 68.0 18.0
320 -1.0 -1.0 14.0 238.0 90.0
321 -1.0 -1.0 5.0 133.0 45.0
322 -1.0 -1.0 10.0 271.0 39.0
323 -1.0 -1.0 14.0 396.0 44.0
324 -1.0 -1.0 18.0 333.0 55.0
325 -1.0 -1.0 6.0 168.0 45.0
326 -1.0 -1.0 9.0 272.0 55.0
327 -1.0 -1.0 8.0 294.0 77.0
328 -1.0 -1.0 10.0 105.0 100.0
329 -1.0 -1.0 16.0 113.0 97.0
330 -1.0 -1.0 15.0 309.0 37.0
331 -1.0 -1.0 20.0 274.0 19.0
332 -1.0 -1.0 6.0 302.0 77.0
333 -1.0 -1.0 9.0 319.0 95.0
334 -1.0 -1.0 14.0 136.0 58.0
335 -1.0 -1.0 11.0 113.0 65.0
336 -1.0 -1.0 12.0 56.0 76.0
337 -1.0 -1.0 15.0 252.0 49.0
338 -1.0 -1.0 17.0 107.0 75.0
339 -1.0 -1.0 9.0 85.0 16.0
340 -1.0 -1.0 8.0 107.0 70.0
341 -1.0 -1.0 9.0 177.0 20.0
342 -1.0 -1.0 14.0 346.0 74.0
343 -1.0 -1.0 15.0 136.0 15.0
344 -1.0 -1.0 5.0 300.0 51.0
345 -1.0 -1.0 16.0 313.0 37.0
346 -1.0 -1.0 5.0 41.0 71.0
347 -1.0 -1.0 12.0 22.0 73.0
348 -1.0 -1.0 12.0 149.0 48.0
349 -1.0 -1.0 11.0 206.0 16.0
350 -1.0 -1.0 6.0 177.0 49.0
351 -1.0 -1.0 20.0 254.0 93.0
352 -1.0 -1.0 6.0 230.0 36.0
353 -1.0 -1.0 7.0 227.0 39.0
354 -1.0 -1.0 12.0 76.0 41.0
355 -1.0 -1.0 12.0 134.0 79.0
356 -1.0 -1.0 5.0 293.0 52.0
357 -1.0 -1.0 16.0 311.0 51.0
358 -1.0 -1.0 19.0 242.0 67.0
359 -1.0 -1.0 8.0 171.0 45.0
360 -1.0 -1.0 4.0 23.0 76.0
361 -1.0 -1.0 11.0 135.0 24.0
362 -1.0 -1.0 12.0 67.0 96.0
363 -1.0 -1.0 6.0 363.0 42.0
364 -1.0 -1.0 9.0 262.0 85.0
365 -1.0 -1.0 10.0 295.0 24.0
366 -1.0 -1.0 18.0 338.0 76.0
367 -1.0 -1.0 15.0 26.0 82.0
368 -1.0 -1.0 10.0 233.0 76.0
369 -1.0 -1.0 11.0 25.0 27.0
370 -1.0 -1.0 10.0 332.0 91.0
371 -1.0 -1.0 13.0 345.0 69.0
372 -1.0 -1.0 17.0 320.0 46.0
373 -1.0 -1.0 14.0 183.0 67.0
374 -1.0 -1.0 16.0 203.0 91.0
375 -1.0 -1.0 11.0 358.0 73.0
376 -1.0 -1.0 19.0 340.0 51.0
377 -1.0 -1.0 7.0 241.0 58.0
378 -1.0 -1.0 4.0 178.0 92.0
379 -1.0 -1.0 12.0 364.0 80.0
380 -1.0 -1.0 12.0 203.0 61.0
381 -1.0 -1.0 10.0 247.0 26.0
382 -1.0 -1.0 18.0 124.0 77.0
383 -1.0 -1.0 16.0 358.0 36.0
384 -1.0 -1.0 19.0 146.0 52.0
385 -1.0 -1.0 17.0 159.0 87.0
386 -1.0 -1.0 6.0 276.0 50.0
387 -1.0 -1.0 4.0 353.0 81.0
388 -1.0 -1.0 16.0 285.0 27.0
389 -1.0 -1.0 12.0 54.0 75.0
390 -1.0 -1.0 20.0 222.0 88.0
391 -1.0 -1.0 14.0 117.0 69.0
392 -1.0 -1.0 15.0 377.0 16.0
393 -1.0 -1.0 9.0 179.0 22.0
394 -1.0 -1.0 17.0 127.0 16.0
395 -1.0 -1.0 12.0 73.0 70.0
396 -1.0 -1.0 6.0 324.0 20.0
397 -1.0 -1.0 11.0 263.0 61.0
398 -1.0 -1.0 19.0 263.0 29.0
399 -1.0 -1.0 17.0 86.0 88.0
400 -1.0 -1.0 6.0 57.0 30.0
401 -1.0 -1.0 14.0 241.0 86.0
402 -1.0 -1.0 12.0 23.0 91.0
403 -1.0 -1.0 12.0 235.0 100.0
404 -1.0 -1.0 7.0 303.0 59.0
405 -1.0 -1.0 13.0 57.0 62.0
406 -1.0 -1.0 19.0 169.0 18.0
407 -1.0 -1.0 20.0 21.0 52.0
408 -1.0 -1.0 15.0 116.0 64.0
409 -1.0 -1.0 12.0 108.0 42.0
410 -1.0 -1.0 13.0 364.0 87.0
411 -1.0 -1.0 11.0 263.0 23.0
412 -1.0 -1.0 16.0 123.0 47.0
413 -1.0 -1.0 8.0 373.0 100.0
414 -1.0 -1.0 19.0 141.0 60.0
415 -1.0 -1.0 15.0 36.0 46.0
416 -1.0 -1.0 14.0 190.0 86.0
417 -1.0 -1.0 15.0 282.0 63.0
418 -1.0 -1.0 18.0 299.0 22.0
419 -1.0 -1.0 11.0 25.0 47.0
420 -1.0 -1.0 18.0 210.0 37.0
421 -1.0 -1.0 20.0 354.0 38.0
422 -1.0 -1.0 20.0 316.0 99.0
423 -1.0 -1.0 8.0 109.0 87.0
424 -1.0 -1.0 12.0 255.0 15.0
425 -1.0 -1.0 9.0 275.0 54.0
426 -1.0 -1.0 18.0 359.0 91.0
427 -1.0 -1.0 10.0 351.0 93.0
428 -1.0 -1.0 8.0 17.0 68.0
429 -1.0 -1.0 14.0 307.0 79.0
430 -1.0 -1.0 17.0 276.0 65.0
431 -1.0 -1.0 6.0 367.0 44.0
432 -1.0 -1.0 20.0 166.0 42.0
433 -1.0 -1.0 17.0 397.0 64.0
434 -1.0 -1.0 11.0 192.0 34.0
435 -1.0 -1.0 5.0 133.0 31.0
436 -1.0 -1.0 9.0 23.0 28.0
437 -1.0 -1.0 19.0 193.0 59.0
438 -1.0 -1.0 4.0 231.0 71.0
439 -1.0 -1.0 5.0 118.0 64.0
440 -1.0 -1.0 20.0 398.0 45.0
441 -1.0 -1.0 10.0 245.0 69.0
442 -1.0 -1.0 12.0 246.0 42.0
443 -1.0 -1.0 19.0 282.0 43.0
444 -1.0 -1.0 13.0 370.0 79.0
445 -1.0 -1.0 20.0 365.0 41.0
446 -1.0 -1.0 19.0 332.0 21.0
447 -1.0 -1.0 11.0 224.0 26.0
448 -1.0 -1.0 17.0 258.0 69.0
449 -1.0 -1.0 11.0 149.0 93.0
450 -1.0 -1.0 18.0 77.0 56.0
451 -1.0 -1.0 9.0 27.0 83.0
452 -1.0 -1.0 19.0 26.0 97.0
453 -1.0 -1.0 8.0 92.0 59.0
454 -1.0 -1.0 20.0 156.0 96.0
455 -1.0 -1.0 5.0 53.0 95.0
456 -1.0 -1.0 15.0 182.0 77.0
457 -1.0 -1.0 13.0 288.0 74.0
458 -1.0 -1.0 15.0 204.0 90.0
459 -1.0 -1.0 4.0 250.0 19.0
460 -1.0 -1.0 6.0 260.0 57.0
461 -1.0 -1.0 9.0 301.0 80.0
462 -1.0 -1.0 20.0 222.0 52.0
463 -1.0 -1.0 9.0 217.0 67.0
464 -1.0 -1.0 10.0 114.0 62.0
465 -1.0 -1.0 17.0 160.0 73.0
466 -1.0 -1.0 19.0 384.0 42.0
467 -1.0 -1.0 18.0 299.0 78.0
468 -1.0 -1.0 9.0 60.0 71.0
469 -1.0 -1.0 19.0 121.0 45.0
470 -1.0 -1.0 6.0 58.0 57.0
471 -1.0 -1.0 11.0 265.0 25.0
472 -1.0 -1.0 5.0 307.0 65.0
473 -1.0 -1.0 6.0 266.0 55.0
474 -1.0 -1.0 12.0 159.0 88.0
475 -1.0 -1.0 9.0 86.0 59.0
476 -1.0 -1.0 20.0 336.0 67.0
477 -1.0 -1.0 17.0 388.0 53.0
478 -1.0 -1.0 13.0 314.0 44.0
479 -1.0 -1.0 6.0 171.0 40.0
480 -1.0 -1.0 13.0 140.0 83.0
481 -1.0 -1.0 19.0 303.0 96.0
482 -1.0 -1.0 11.0 147.0 73.0
483 -1.0 -1.0 5.0 112.0 99.0
484 -1.0 -1.0 4.0 288.0 69.0
485 -1.0 -1.0 7.0 313.0 60.0
486 -1.0 -1.0 15.0 253.0 70.0
487 -1.0 -1.0 6.0 84.0 81.0
488 -1.0 -1.0 6.0 387.0 74.0
489 -1.0 -1.0 19.0 383.0 87.0
490 -1.0 -1.0 8.0 355.0 20.0
491 -1.0 -1.0 20.0 232.0 18.0
492 -1.0 -1.0 20.0 119.0 64.0
493 -1.0 -1.0 8.0 95.0 53.0
494 -1.0 -1.0 19.0 315.0 41.0
495 -1.0 -1.0 4.0 41.0 39.0
496 -1.0 -1.0 15.0 218.0 93.0
497 -1.0 -1.0 9.0 156.0 72.0
498 -1.0 -1.0 7.0 396.0 79.0
499 -1.0 -1.0 5.0 202.0 24.0
500 -1.0 -1.0 13.0 204.0 62.0
501 -1.0 -1.0 5.0 327.0 20.0
502 -1.0 -1.0 10.0 115.0 43.0
503 -1.0 -1.0 8.0 212.0 41.0
504 -1.0 -1.0 17.0 267.0 40.0
505 -1.0 -1.0 5.0 284.0 78.0
506 -1.0 -1.0 6.0 389.0 75.0
507 -1.0 -1.0 9.0 239.0 41.0
508 -1.0 -1.0 20.0 150.0 85.0
509 -1.0 -1.0 19.0 173.0 65.0
510 -1.0 -1.0 4.0 120.0 85.0
511 -1.0 -1.0 11.0 269.0 44.0
512 -1.0 -1.0 15.0 175.0 30.0
513 -1.0 -1.0 16.0 294.0 66.0
514 -1.0 -1.0 7.0 251.0 39.0
515 -1.0 -1.0 18.0 252.0 71.0
516 -1.0 -1.0 17.0 200.0 95.0
517 -1.0 -1.0 16.0 375.0 76.0
518 -1.0 -1.0 7.0 128.0 63.0
519 -1.0 -1.0 17.0 111.0 34.0
520 -1.0 -1.0 17.0 199.0 38.0
521 -1.0 -1.0 17.0 225.0 30.0
522 -1.0 -1.0 6.0 230.0 18.0
523 -1.0 -1.0 17.0 232.0 95.0
524 -1.0 -1.0 13.0 74.0 48.0
525 -1.0 -1.0 18.0 27.0 19.0
526 -1.0 -1.0 20.0 279.0 70.0
527 -1.0 -1.0 9.0 146.0 18.0
528 -1.0 -1.0 11.0 273.0 39.0
529 -1.0 -1.0 14.0 195.0 27.0
530 -1.0 -1.0 12.0 212.0 24.0
531 -1.0 -1.0 4.0 246.0 17.0
532 -1.0 -1.0 5.0 229.0 60.0
533 -1.0 -1.0 12.0 76.0 33.0
534 -1.0 -1.0 7.0 142.0 98.0
535 -1.0 -1.0 17.0 251.0 44.0
536 -1.0 -1.0 10.0 35.0 52.0
537 -1.0 -1.0 14.0 249.0 41.0
538 -1.0 -1.0 17.0 185.0 77.0
539 -1.0 -1.0 6.0 84.0 82.0
540 -1.0 -1.0 19.0 299.0 98.0
541 -1.0 -1.0 19.0 57.0 80.0
542 -1.0 -1.0 20.0 370.0 61.0
543 -1.0 -1.0 14.0 155.0 22.0
544 -1.0 -1.0 16.0 340.0 94.0
545 -1.0 -1.0 19.0 294.0 64.0
546 -1.0 -1.0 13.0 388.0 31.0
547 -1.0 -1.0 17.0 243.0 87.0
548 -1.0 -1.0 8.0 21.0 89.0
549 -1.0 -1.0 13.0 37.0 37.0
550 -1.0 -1.0 19.0 68.0 97.0
551 -1.0 -1.0 4.0 280.0 16.0
552 -1.0 -1.0 11.0 269.0 67.0
553 -1.0 -1.0 10.0 194.0 83.0
554 -1.0 -1.0 11.0 83.0 54.0
555 -1.0 -1.0 15.0 327.0 31.0
556 -1.0 -1.0 20.0 73.0 40.0
557 -1.0 -1.0 20.0 98.0 61.0
558 -1.0 -1.0 13.0 145.0 49.0
559 -1.0 -1.0 4.0 369.0 98.0
560 -1.0 -1.0 11.0 125.0 55.0
561 -1.0 -1.0 17.0 318.0 39.0
562 -1.0 -1.0 4.0 320.0 97.0
563 -1.0 -1.0 15.0 220.0 41.0
564 -1.0 -1.0 17.0 34.0 80.0
565 -1.0 -1.0 8.0 100.0 48.0
566 -1.0 -1.0 13.0 53.0 84.0
567 -1.0 -1.0 11.0 83.0 88.0
568 -1.0 -1.0 12.0 376.0 94.0
569 -1.0 -1.0 17.0 217.0 59.0
570 -1.0 -1.0 9.0 211.0 19.0
571 -1.0 -1.0 6.0 62.0 57.0
572 -1.0 -1.0 9.0 365.0 65.0
573 -1.0 -1.0 17.0 48.0 89.0
574 -1.0 -1.0 11.0 351.0 43.0
575 -1.0 -1.0 12.0 105.0 84.0
576 -1.0 -1.0 5.0 215.0 75.0
577 -1.0 -1.0 14.0 230.0 92.0
578 -1.0 -1.0 16.0 394.0 37.0
579 -1.0 -1.0 9.0 390.0 100.0
580 -1.0 -1.0 12.0 101.0 64.0
581 -1.0 -1.0 9.0 50.0 88.0
582 -1.0 -1.0 20.0 58.0 71.0
583 -1.0 -1.0 7.0 121.0 15.0
584 -1.0 -1.0 20.0 67.0 55.0
585 -1.0 -1.0 17.0 388.0 15.0
586 -1.0 -1.0 13.0 311.0 49.0
587 -1.0 -1.0 4.0 59.0 57.0
588 -1.0 -1.0 15.0 275.0 21.0
589 -1.0 -1.0 14.0 247.0 92.0
590 -1.0 -1.0 10.0 262.0 49.0
591 -1.0 -1.0 20.0 35.0 39.0
592 -1.0 -1.0 7.0 259.0 34.0
593 -1.0 -1.0 13.0 133.0 74.0
594 -1.0 -1.0 6.0 323.0 99.0
595 -1.0 -1.0 18.0 250.0 28.0
596 -1.0 -1.0 5.0 324.0 21.0
597 -1.0 -1.0 6.0 199.0 74.0
598 -1.0 -1.0 13.0 78.0 76.0
599 -1.0 -1.0 12.0 147.0 97.0
600 -1.0 -1.0 12.0 185.0 97.0
601 -1.0 -1.0 6.0 54.0 98.0
602 -1.0 -1.0 5.0 239.0 55.0
603 -1.0 -1.0 18.0 169.0 32.0
604 -1.0 -1.0 6.0 323.0 37.0
605 -1.0 -1.0 8.0 156.0 64.0
606 -1.0 -1.0 4.0 203.0 84.0
607 -1.0 -1.0 18.0 150.0 17.0
608 -1.0 -1.0 12.0 105.0 15.0
609 -1.0 -1.0 5.0 193.0 29.0
610 -1.0 -1.0 19.0 38.0 92.0
611 -1.0 -1.0 16.0 366.0 97.0
612 -1.0 -1.0 11.0 167.0 59.0
613 -1.0 -1.0 8.0 254.0 36.0
614 -1.0 -1.0 5.0 162.0 81.0
615 -1.0 -1.0 11.0 182.0 24.0
616 -1.0 -1.0 10.0 284.0 78.0
617 -1.0 -1.0 5.0 31.0 99.0
618 -1.0 -1.0 11.0 339.0 44.0
619 -1.0 -1.0 11.0 307.0 83.0
620 -1.0 -1.0 7.0 127.0 33.0
621 -1.0 -1.0 13.0 160.0 86.0
622 -1.0 -1.0 10.0 376.0 36.0
623 -1.0 -1.0 4.0 95.0 33.0
624 -1.0 -1.0 8.0 391.0 21.0
625 -1.0 -1.0 10.0 182.0 73.0
626 -1.0 -1.0 9.0 124.0 56.0
627 -1.0 -1.0 7.0 122.0 35.0
628 -1.0 -1.0 6.0 263.0 34.0
629 -1.0 -1.0 19.0 359.0 96.0
630 -1.0 -1.0 14.0 376.0 68.0
631 -1.0 -1.0 14.0 32.0 86.0
632 -1.0 -1.0 18.0 202.0 75.0
633 -1.0 -1.0 16.0 234.0 60.0
634 -1.0 -1.0 5.0 384.0 99.0
635 -1.0 -1.0 16.0 177.0 66.0
636 -1.0 -1.0 7.0 397.0 69.0
637 -1.0 -1.0 6.0 393.0 77.0
638 -1.0 -1.0 19.0 80.0 40.0
639 -1.0 -1.0 18.0 381.0 21.0
640 -1.0 -1.0 6.0 60.0 100.0
641 -1.0 -1.0 20.0 256.0 96.0
642 -1.0 -1.0 4.0 339.0 71.0
643 -1.0 -1.0 8.0 194.0 92.0
644 -1.0 -1.0 12.0 243.0 69.0
645 -1.0 -1.0 15.0 141.0 42.0
646 -1.0 -1.0 18.0 322.0 77.0
647 -1.0 -1.0 16.0 109.0 23.0
648 -1.0 -1.0 14.0 278.0 82.0
649 -1.0 -1.0 12.0 121.0 21.0
650 -1.0 -1.0 18.0 205.0 93.0
651 -1.0 -1.0 12.0 268.0 70.0
652 -1.0 -1.0 5.0 192.0 58.0
653 -1.0 -1.0 11.0 109.0 89.0
654 -1.0 -1.0 8.0 224.0 18.0
655 -1.0 -1.0 5.0 67.0 44.0
656 -1.0 -1.0 11.0 116.0 84.0
657 -1.0 -1.0 13.0 364.0 75.0
658 -1.0 -1.0 20.0 164.0 74.0
659 -1.0 -1.0 20.0 338.0 57.0
660 -1.0 -1.0 6.0 169.0 74.0
661 -1.0 -1.0 10.0 81.0 65.0
662 -1.0 -1.0 19.0 292.0 32.0
663 -1.0 -1.0 7.0 340.0 44.0
664 -1.0 -1.0 10.0 90.0 78.0
665 -1.0 -1.0 11.0 360.0 40.0
666 -1.0 -1.0 13.0 360.0 85.0
667 -1.0 -1.0 6.0 162.0 27.0
668 -1.0 -1.0 9.0 70.0 89.0
669 -1.0 -1.0 20.0 360.0 33.0
670 -1.0 -1.0 18.0 37.0 82.0
671 -1.0 -1.0 10.0 147.0 49.0
672 -1.0 -1.0 5.0 270.0 67.0
673 -1.0 -1.0 11.0 195.0 74.0
674 -1.0 -1.0 6.0 392.0 48.0
675 -1.0 -1.0 16.0 206.0 58.0
676 -1.0 -1.0 9.0 342.0 81.0
677 -1.0 -1.0 7.0 40.0 91.0
678 -1.0 -1.0 4.0 165.0 87.0
679 -1.0 -1.0 4.0 319.0 89.0
680 -1.0 -1.0 11.0 156.0 55.0
681 -1.0 -1.0 20.0 248.0 73.0
682 -1.0 -1.0 15.0 130.0 86.0
683 -1.0 -1.0 15.0 113.0 81.0
684 -1.0 -1.0 19.0 275.0 53.0
685 -1.0 -1.0 5.0 313.0 50.0
686 -1.0 -1.0 11.0 197.0 88.0
687 -1.0 -1.0 20.0 244.0 43.0
688 -1.0 -1.0 11.0 252.0 97.0
689 -1.0 -1.0 14.0 371.0 57.0
690 -1.0 -1.0 13.0 51.0 89.0
691 -1.0 -1.0 9.0 147.0 61.0
692 -1.0 -1.0 20.0 311.0 20.0
693 -1.0 -1.0 11.0 63.0 27.0
694 -1.0 -1.0 7.0 61.0 68.0
695 -1.0 -1.0 16.0 269.0 95.0
696 -1.0 -1.0 19.0 335.0 98.0
697 -1.0 -1.0 10.0 158.0 38.0
698 -1.0 -1.0 19.0 223.0 37.0
699 -1.0 -1.0 6.0 142.0 47.0
700 -1.0 -1.0 7.0 313.0 91.0
701 -1.0 -1.0 7.0 333.0 75.0
702 -1.0 -1.0 15.0 343.0 32.0
703 -1.0 -1.0 13.0 397.0 52.0
704 -1.0 -1.0 13.0 335.0 99.0
705 -1.0 -1.0 15.0 205.0 60.0
706 -1.0 -1.0 11.0 356.0 68.0
707 -1.0 -1.0 18.0 384.0 41.0
708 -1.0 -1.0 8.0 215.0 51.0
709 -1.0 -1.0 4.0 383.0 29.0
710 -1.0 -1.0 4.0 92.0 92.0
711 -1.0 -1.0 12.0 52.0 96.0
712 -1.0 -1.0 6.0 72.0 15.0
713 -1.0 -1.0 8.0 351.0 57.0
714 -1.0 -1.0 14.0 54.0 21.0
715 -1.0 -1.0 4.0 383.0 45.0
716 -1.0 -1.0 5.0 301.0 28.0
717 -1.0 -1.0 16.0 193.0 54.0
718 -1.0 -1.0 7.0 65.0 63.0
719 -1.0 -1.0 19.0 364.0 26.0
720 -1.0 -1.0 9.0 116.0 25.0
721 -1.0 -1.0 7.0 267.0 16.0
722 -1.0 -1.0 15.0 192.0 63.0
723 -1.0 -1.0 6.0 284.0 35.0
724 -1.0 -1.0 4.0 263.0 29.0
725 -1.0 -1.0 11.0 136.0 90.0
939
0 19 11
0 1 12
1 2 8
3 21 5
4 23 8
5 24 7
6 26 10
6 7 11
7 8 7
9 27 5
9 10 11
10 11 12
12 34 7
12 13 10
13 14 10
14 15 7
15 16 9
17 36 9
17 18 5
19 37 6
20 21 10
21 40 10
21 22 5
22 41 10
22 23 11
24 43 11
24 25 8
25 44 8
25 26 6
26 45 10
27 48 8
28 50 9
28 29 11
29 30 12
30 51 9
30 31 12
31 52 11
31 32 12
32 53 5
32 33 9
33 54 7
34 56 5
35 36 11
36 60 7
37 62 11
37 38 5
38 63 6
38 39 6
39 64 9
40 66 7
40 41 12
41 67 10
42 43 5
43 69 5
43 44 6
44 45 5
46 70 8
46 47 7
47 71 10
47 48 11
48 72 9
48 49 10
49 73 9
50 75 6
51 77 9
51 52 7
52 53 7
53 78 11
53 54 10
55 80 8
55 56 7
56 57 9
57 58 9
58 81 5
58 59 10
60 84 7
60 61 11
61 85 10
62 86 12
62 63 8
63 64 10
64 87 6
64 65 9
65 88 12
65 66 10
66 67 12
67 68 5
68 89 11
69 90 6
70 92 10
70 71 12
71 72 12
72 93 12
72 73 7
73 94 10
73 74 12
74 95 5
74 75 6
75 76 7
76 96 10
76 77 11
79 98 9
79 80 8
81 100 6
82 101 9
82 83 11
83 102 7
83 84 7
84 85 8
86 103 7
87 88 11
88 104 5
89 105 5
90 107 12
90 91 10
91 108 10
92 110 8
93 94 12
94 95 10
95 112 8
96 114 5
97 116 8
99 121 10
99 100 6
101 123 9
101 102 7
102 124 6
103 126 11
104 128 11
105 131 5
105 106 7
106 132 11
106 107 10
107 133 6
107 108 11
108 134 5
109 110 10
110 135 8
110 111 9
111 136 6
112 138 11
112 113 6
113 139 7
113 114 12
114 115 12
115 140 12
115 116 12
116 141 5
116 117 8
117 142 10
117 118 12
118 143 5
119 145 8
119 120 8
120 121 5
122 147 12
122 123 5
123 148 11
123 124 10
124 149 10
124 125 12
127 128 7
128 151 7
128 129 8
129 130 11
130 152 8
130 131 5
131 153 5
131 132 8
132 133 8
133 134 11
134 154 9
135 156 9
135 136 7
136 157 8
137 159 7
137 138 11
138 160 12
138 139 11
139 161 9
140 162 10
140 141 8
141 163 7
141 142 11
142 164 12
142 143 9
143 165 11
143 144 8
144 145 7
145 166 10
146 169 10
146 147 9
147 148 8
148 170 6
148 149 6
150 172 8
151 176 6
152 178 7
152 153 5
154 180 6
155 182 5
155 156 12
156 157 5
157 183 7
157 158 10
158 184 8
158 159 9
159 160 10
160 185 10
160 161 11
161 186 7
162 163 7
163 188 12
163 164 7
164 165 9
165 189 9
166 167 8
167 168 8
168 169 8
170 191 6
171 193 9
171 172 10
173 194 5
173 174 9
174 175 6
175 195 8
175 176 5
176 177 8
177 178 6
178 196 7
179 198 7
180 181 5
181 199 6
181 182 5
182 200 9
183 184 12
185 202 5
185 186 12
186 203 12
186 187 9
187 204 10
188 206 6
189 207 5
190 213 8
190 191 6
191 214 9
191 192 8
192 215 6
192 193 9
193 216 9
194 218 10
195 219 12
196 220 5
196 197 5
197 221 5
197 198 7
198 222 9
199 200 9
200 224 8
201 202 9
202 227 8
202 203 11
203 228 9
203 204 5
204 229 8
204 205 5
205 230 8
205 206 11
207 232 7
207 208 7
208 209 11
209 233 7
209 210 7
210 211 8
211 234 5
211 212 12
212 235 10
212 213 12
213 236 5
213 214 9
214 237 8
214 215 10
215 238 5
215 216 11
216 239 9
216 217 8
217 240 10
218 241 11
219 243 8
220 246 7
220 221 5
221 247 9
221 222 5
223 249 12
225 226 8
226 251 11
227 253 5
227 228 10
228 254 6
228 229 8
229 255 6
229 230 6
231 232 12
232 256 5
233 257 7
234 259 10
234 235 10
235 260 5
235 236 5
236 261 5
236 237 11
237 238 8
238 262 11
238 239 12
239 263 8
239 240 12
240 264 12
241 265 8
241 242 8
242 266 9
242 243 6
243 244 5
244 267 9
244 245 6
245 268 11
245 246 8
246 247 6
247 269 10
248 249 10
249 270 10
249 250 11
250 271 9
251 252 11
252 275 11
252 253 10
253 254 6
254 255 7
255 276 12
256 279 8
257 281 6
257 258 10
258 282 9
258 259 8
259 283 6
259 260 7
260 284 11
260 261 5
261 285 12
262 263 9
263 264 10
265 287 10
265 266 12
267 289 12
267 268 12
268 290 5
269 291 8
270 294 10
270 271 7
271 295 6
271 272 12
272 273 10
273 274 5
275 297 9
276 300 5
277 301 5
277 278 8
278 302 7
278 279 9
279 303 6
279 280 6
280 281 6
281 282 9
282 283 8
283 304 12
283 284 12
284 285 6
285 305 12
285 286 12
286 306 10
288 289 7
289 290 10
290 310 8
291 292 7
292 311 7
292 293 8
293 312 5
293 294 8
294 313 10
294 295 10
295 314 6
296 297 5
297 318 8
297 298 6
298 299 8
299 319 6
299 300 11
300 320 8
301 321 10
301 302 11
302 322 9
302 303 11
303 323 11
304 326 11
305 328 8
305 306 12
306 329 9
306 307 9
307 330 9
307 308 12
309 333 10
310 336 12
311 312 8
312 339 10
312 313 7
313 340 12
313 314 5
314 341 10
314 315 11
315 342 9
315 316 8
316 317 10
317 343 11
319 346 7
319 320 12
321 348 6
321 322 6
322 349 11
322 323 10
323 350 8
323 324 11
324 351 12
324 325 7
325 352 9
326 327 8
327 354 5
327 328 11
328 329 9
329 355 8
329 330 5
330 356 12
331 358 9
332 333 7
333 334 11
334 359 6
334 335 5
335 336 6
336 360 8
336 337 12
337 361 5
337 338 6
338 362 8
339 364 9
339 340 5
340 365 8
340 341 8
341 366 6
341 342 6
343 344 12
345 346 8
346 368 8
347 348 9
348 370 10
348 349 9
349 371 5
349 350 9
350 372 9
350 351 6
351 373 6
351 352 7
352 353 9
354 374 11
355 376 8
355 356 9
356 357 12
357 377 9
357 358 8
359 380 7
360 381 7
360 361 12
361 382 6
361 362 11
362 383 7
362 363 10
363 384 12
363 364 6
364 385 11
364 365 6
365 386 6
365 366 5
367 389 6
368 391 12
368 369 7
369 392 11
370 393 6
370 371 6
371 394 7
371 372 12
372 373 12
373 395 11
374 375 12
375 399 6
375 376 8
376 400 10
377 401 8
378 379 7
379 403 5
379 380 11
380 404 6
381 405 11
381 382 11
382 406 11
382 383 5
383 407 12
383 384 10
384 408 10
384 385 6
385 409 8
385 386 7
386 410 12
387 388 10
388 413 8
388 389 7
389 414 6
389 390 8
390 391 10
391 392 7
392 415 7
393 394 10
394 417 6
395 396 5
396 418 6
396 397 9
397 398 6
399 419 5
399 400 5
400 420 7
401 422 11
401 402 7
402 423 5
403 404 10
404 425 9
405 427 6
405 406 12
406 407 12
407 428 7
407 408 12
408 429 5
408 409 10
409 430 10
409 410 11
410 431 11
410 411 6
412 433 12
413 435 7
413 414 10
414 436 8
415 438 11
415 416 8
416 439 10
417 441 7
418 443 12
419 445 8
419 420 9
420 446 5
420 421 7
421 422 12
422 447 9
422 423 7
424 448 9
425 449 7
425 426 11
426 427 10
427 450 8
428 429 7
429 430 10
430 452 12
430 431 9
431 453 10
432 455 7
432 433 10
433 456 12
433 434 7
434 435 5
435 457 6
435 436 6
437 459 11
437 438 11
438 460 12
438 439 7
439 461 10
439 440 8
440 462 10
440 441 11
442 463 11
442 443 11
443 464 6
444 466 12
445 467 11
445 446 5
446 468 8
447 470 7
448 472 7
449 474 7
450 451 6
451 476 7
452 479 6
452 453 11
453 480 12
453 454 11
454 481 7
454 455 11
455 482 9
455 456 12
457 483 7
458 485 8
458 459 6
459 486 7
459 460 5
460 487 5
460 461 5
461 462 10
462 488 11
463 464 10
464 465 7
465 491 12
465 466 7
466 492 12
467 494 7
467 468 6
468 495 5
468 469 8
469 470 6
470 471 8
471 496 9
472 497 7
472 473 6
473 474 8
474 498 10
474 475 11
475 499 7
476 500 11
476 477 5
477 478 6
478 479 7
479 480 11
480 481 6
481 501 11
481 482 5
483 503 10
483 484 5
484 504 7
484 485 11
485 486 5
486 505 12
486 487 11
487 506 5
488 508 12
488 489 10
489 509 8
489 490 12
491 511 11
491 492 12
492 512 11
492 493 6
493 513 12
493 494 12
494 495 5
495 514 10
498 499 8
499 517 8
502 503 6
503 504 10
504 523 5
505 525 10
505 506 7
506 507 5
507 526 5
507 508 7
508 509 11
509 527 7
510 529 9
510 511 6
511 512 6
512 530 9
512 513 6
513 531 12
514 532 8
514 515 12
515 516 8
516 533 9
517 518 9
518 536 6
519 538 10
520 540 8
520 521 8
522 542 11
523 545 5
523 524 5
524 525 10
527 547 11
527 528 5
530 531 6
532 551 9
533 534 5
534 552 12
535 553 8
536 557 6
536 537 9
537 558 8
537 538 11
538 559 12
538 539 10
539 540 7
540 560 8
541 563 7
541 542 6
542 564 9
542 543 11
543 544 11
544 565 8
544 545 7
545 566 11
546 569 11
547 570 11
548 572 11
549 574 12
550 551 6
552 578 6
553 579 8
553 554 6
554 555 8
555 580 5
555 556 6
556 581 6
556 557 7
557 582 11
557 558 11
558 559 10
560 583 9
560 561 5
561 562 10
562 563 10
563 584 11
563 564 11
564 585 5
565 566 7
566 567 11
567 587 11
567 568 8
568 588 6
568 569 10
569 589 8
570 571 9
571 591 7
571 572 8
572 573 6
573 592 5
573 574 12
574 593 5
575 594 5
576 596 8
576 577 12
577 597 5
577 578 5
580 598 6
580 581 8
581 599 6
581 582 6
583 602 7
584 604 11
584 585 5
585 605 8
585 586 5
586 606 6
587 588 7
588 589 10
589 609 8
589 590 8
590 610 11
592 613 11
592 593 10
593 614 5
594 616 11
594 595 11
595 617 6
596 618 10
596 597 9
597 619 6
598 622 12
598 599 11
599 623 9
600 625 7
601 626 9
601 602 5
602 627 5
603 629 10
603 604 11
604 605 10
605 630 5
605 606 11
606 631 8
606 607 11
607 632 7
607 608 5
608 633 10
609 610 10
610 634 6
610 611 10
611 612 6
612 635 5
613 637 9
613 614 9
614 638 8
614 615 9
615 639 10
615 616 7
616 640 9
616 617 10
618 619 10
619 642 9
619 620 9
620 643 10
621 644 6
622 646 5
622 623 5
623 647 12
623 624 7
624 625 6
626 627 12
627 648 6
627 628 8
628 629 12
630 650 10
630 631 11
631 632 6
632 651 9
632 633 7
635 636 9
636 655 10
637 638 6
638 657 6
638 639 5
639 658 5
639 640 6
640 659 12
641 661 6
642 643 7
644 645 6
645 646 10
646 662 6
646 647 7
648 666 12
649 650 12
652 669 10
652 653 11
653 670 5
654 672 11
655 674 7
655 656 6
656 675 12
657 677 7
657 658 5
658 678 11
658 659 5
659 660 11
660 679 7
660 661 12
661 680 7
662 683 11
663 684 5
663 664 6
664 665 7
666 685 5
666 667 7
667 668 11
669 690 6
669 670 6
670 691 6
671 693 5
671 672 10
672 694 9
672 673 10
673 695 8
673 674 11
674 696 10
674 675 5
675 676 12
676 677 7
677 697 10
677 678 5
678 698 5
679 700 7
679 680 12
680 701 8
681 703 6
682 704 8
683 706 7
684 708 6
685 710 9
686 712 7
686 687 8
687 713 6
688 715 12
688 689 6
689 690 11
690 691 9
691 716 12
691 692 11
692 717 10
692 693 5
693 694 8
694 695 11
695 718 10
695 696 7
697 720 10
697 698 8
698 721 7
698 699 12
699 722 9
699 700 10
700 701 11
701 723 9
702 725 11
702 703 10
704 705 8
705 706 5
706 707 7
707 708 12
708 709 8
711 712 6
712 713 9
713 714 9
714 715 12
716 717 5
719 720 7
720 721 7
721 722 7
723 724 8
724 725 11
10 0.05 0.05 0.05
