600
0 -1.0 -1.0 16.0 308.0 38.0
1 -1.0 -1.0 13.0 22.0 74.0
2 -1.0 -1.0 8.0 88.0 75.0
3 -1.0 -1.0 4.0 294.0 96.0
4 -1.0 -1.0 17.0 87.0 16.0
5 -1.0 -1.0 16.0 226.0 36.0
6 -1.0 -1.0 14.0 377.0 16.0
7 -1.0 -1.0 14.0 199.0 37.0
8 -1.0 -1.0 12.0 232.0 25.0
9 -1.0 -1.0 7.0 380.0 98.0
10 -1.0 -1.0 16.0 364.0 25.0
11 -1.0 -1.0 8.0 171.0 37.0
12 -1.0 -1.0 8.0 388.0 62.0
13 -1.0 -1.0 20.0 196.0 90.0
14 -1.0 -1.0 4.0 367.0 44.0
15 -1.0 -1.0 8.0 75.0 19.0
16 -1.0 -1.0 10.0 222.0 79.0
17 -1.0 -1.0 16.0 70.0 91.0
18 -1.0 -1.0 20.0 312.0 30.0
19 -1.0 -1.0 7.0 283.0 84.0
20 -1.0 -1.0 18.0 261.0 43.0
21 -1.0 -1.0 11.0 157.0 96.0
22 -1.0 -1.0 13.0 197.0 74.0
23 -1.0 -1.0 18.0 267.0 15.0
24 -1.0 -1.0 13.0 131.0 64.0
25 -1.0 -1.0 7.0 145.0 62.0
26 -1.0 -1.0 20.0 99.0 17.0
27 -1.0 -1.0 11.0 322.0 15.0
28 -1.0 -1.0 19.0 88.0 58.0
29 -1.0 -1.0 14.0 217.0 53.0
30 -1.0 -1.0 13.0 18.0 23.0
31 -1.0 -1.0 5.0 366.0 29.0
32 -1.0 -1.0 16.0 228.0 38.0
33 -1.0 -1.0 13.0 67.0 62.0
34 -1.0 -1.0 12.0 16.0 93.0
35 -1.0 -1.0 4.0 224.0 15.0
36 -1.0 -1.0 14.0 243.0 37.0
37 -1.0 -1.0 4.0 262.0 39.0
38 -1.0 -1.0 6.0 156.0 66.0
39 -1.0 -1.0 16.0 361.0 89.0
40 -1.0 -1.0 13.0 18.0 92.0
41 -1.0 -1.0 9.0 197.0 87.0
42 -1.0 -1.0 16.0 337.0 73.0
43 -1.0 -1.0 5.0 95.0 38.0
44 -1.0 -1.0 13.0 332.0 55.0
45 -1.0 -1.0 8.0 251.0 80.0
46 -1.0 -1.0 14.0 196.0 64.0
47 -1.0 -1.0 19.0 282.0 59.0
48 -1.0 -1.0 14.0 348.0 81.0
49 -1.0 -1.0 19.0 397.0 26.0
50 -1.0 -1.0 5.0 309.0 99.0
51 -1.0 -1.0 9.0 351.0 53.0
52 -1.0 -1.0 19.0 241.0 27.0
53 -1.0 -1.0 19.0 65.0 76.0
54 -1.0 -1.0 8.0 355.0 44.0
55 -1.0 -1.0 7.0 207.0 71.0
56 -1.0 -1.0 19.0 265.0 56.0
57 -1.0 -1.0 14.0 347.0 36.0
58 -1.0 -1.0 19.0 284.0 39.0
59 -1.0 -1.0 4.0 378.0 94.0
60 -1.0 -1.0 9.0 228.0 22.0
61 -1.0 -1.0 6.0 79.0 33.0
62 -1.0 -1.0 4.0 19.0 62.0
63 -1.0 -1.0 17.0 162.0 20.0
64 -1.0 -1.0 20.0 171.0 49.0
65 -1.0 -1.0 15.0 32.0 92.0
66 -1.0 -1.0 13.0 188.0 73.0
67 -1.0 -1.0 18.0 152.0 70.0
68 -1.0 -1.0 11.0 386.0 49.0
69 -1.0 -1.0 17.0 324.0 60.0
70 -1.0 -1.0 10.0 239.0 96.0
71 -1.0 -1.0 8.0 85.0 98.0
72 -1.0 -1.0 20.0 21.0 61.0
73 -1.0 -1.0 16.0 196.0 39.0
74 -1.0 -1.0 11.0 399.0 62.0
75 -1.0 -1.0 17.0 222.0 29.0
76 -1.0 -1.0 4.0 397.0 56.0
77 -1.0 -1.0 13.0 354.0 27.0
78 -1.0 -1.0 8.0 232.0 79.0
79 -1.0 -1.0 15.0 368.0 42.0
80 -1.0 -1.0 7.0 274.0 75.0
81 -1.0 -1.0 11.0 78.0 89.0
82 -1.0 -1.0 20.0 367.0 50.0
83 -1.0 -1.0 15.0 172.0 74.0
84 -1.0 -1.0 15.0 16.0 95.0
85 -1.0 -1.0 9.0 292.0 49.0
86 -1.0 -1.0 5.0 291.0 63.0
87 -1.0 -1.0 17.0 234.0 27.0
88 -1.0 -1.0 8.0 343.0 60.0
89 -1.0 -1.0 17.0 161.0 40.0
90 -1.0 -1.0 17.0 61.0 91.0
91 -1.0 -1.0 14.0 39.0 38.0
92 -1.0 -1.0 13.0 74.0 30.0
93 -1.0 -1.0 4.0 98.0 51.0
94 -1.0 -1.0 4.0 61.0 78.0
95 -1.0 -1.0 18.0 38.0 70.0
96 -1.0 -1.0 4.0 161.0 98.0
97 -1.0 -1.0 20.0 125.0 16.0
98 -1.0 -1.0 10.0 215.0 57.0
99 -1.0 -1.0 10.0 187.0 94.0
100 -1.0 -1.0 12.0 392.0 40.0
101 -1.0 -1.0 7.0 310.0 18.0
102 -1.0 -1.0 13.0 155.0 31.0
103 -1.0 -1.0 9.0 133.0 81.0
104 -1.0 -1.0 11.0 152.0 89.0
105 -1.0 -1.0 20.0 358.0 32.0
106 -1.0 -1.0 9.0 312.0 81.0
107 -1.0 -1.0 18.0 247.0 82.0
108 -1.0 -1.0 7.0 83.0 91.0
109 -1.0 -1.0 9.0 363.0 64.0
110 -1.0 -1.0 12.0 281.0 58.0
111 -1.0 -1.0 8.0 72.0 36.0
112 -1.0 -1.0 19.0 171.0 83.0
113 -1.0 -1.0 11.0 95.0 89.0
114 -1.0 -1.0 5.0 135.0 28.0
115 -1.0 -1.0 15.0 322.0 18.0
116 -1.0 -1.0 13.0 232.0 79.0
117 -1.0 -1.0 17.0 38.0 33.0
118 -1.0 -1.0 6.0 38.0 80.0
119 -1.0 -1.0 8.0 88.0 88.0
120 -1.0 -1.0 15.0 60.0 35.0
121 -1.0 -1.0 9.0 400.0 47.0
122 -1.0 -1.0 7.0 136.0 49.0
123 -1.0 -1.0 17.0 366.0 20.0
124 -1.0 -1.0 15.0 352.0 53.0
125 -1.0 -1.0 6.0 345.0 18.0
126 -1.0 -1.0 17.0 175.0 29.0
127 -1.0 -1.0 8.0 331.0 38.0
128 -1.0 -1.0 5.0 113.0 46.0
129 -1.0 -1.0 14.0 397.0 72.0
130 -1.0 -1.0 9.0 100.0 85.0
131 -1.0 -1.0 19.0 60.0 95.0
132 -1.0 -1.0 13.0 349.0 19.0
133 -1.0 -1.0 10.0 274.0 85.0
134 -1.0 -1.0 5.0 187.0 43.0
135 -1.0 -1.0 6.0 206.0 76.0
136 -1.0 -1.0 14.0 345.0 44.0
137 -1.0 -1.0 20.0 390.0 52.0
138 -1.0 -1.0 6.0 80.0 63.0
139 -1.0 -1.0 11.0 339.0 71.0
140 -1.0 -1.0 11.0 143.0 95.0
141 -1.0 -1.0 4.0 232.0 57.0
142 -1.0 -1.0 4.0 265.0 33.0
143 -1.0 -1.0 6.0 268.0 88.0
144 -1.0 -1.0 5.0 398.0 18.0
145 -1.0 -1.0 20.0 129.0 85.0
146 -1.0 -1.0 10.0 259.0 65.0
147 -1.0 -1.0 14.0 55.0 54.0
148 -1.0 -1.0 9.0 181.0 28.0
149 -1.0 -1.0 8.0 361.0 65.0
150 -1.0 -1.0 18.0 398.0 63.0
151 -1.0 -1.0 7.0 117.0 75.0
152 -1.0 -1.0 7.0 316.0 31.0
153 -1.0 -1.0 8.0 359.0 30.0
154 -1.0 -1.0 9.0 310.0 77.0
155 -1.0 -1.0 16.0 31.0 44.0
156 -1.0 -1.0 14.0 51.0 26.0
157 -1.0 -1.0 11.0 332.0 49.0
158 -1.0 -1.0 5.0 272.0 65.0
159 -1.0 -1.0 6.0 330.0 55.0
160 -1.0 -1.0 14.0 145.0 71.0
161 -1.0 -1.0 9.0 309.0 55.0
162 -1.0 -1.0 10.0 370.0 48.0
163 -1.0 -1.0 19.0 273.0 22.0
164 -1.0 -1.0 20.0 23.0 99.0
165 -1.0 -1.0 13.0 111.0 65.0
166 -1.0 -1.0 18.0 378.0 58.0
167 -1.0 -1.0 12.0 86.0 57.0
168 -1.0 -1.0 13.0 362.0 31.0
169 -1.0 -1.0 5.0 249.0 27.0
170 -1.0 -1.0 12.0 67.0 72.0
171 -1.0 -1.0 12.0 262.0 29.0
172 -1.0 -1.0 10.0 393.0 89.0
173 -1.0 -1.0 12.0 160.0 43.0
174 -1.0 -1.0 11.0 203.0 83.0
175 -1.0 -1.0 10.0 15.0 92.0
176 -1.0 -1.0 8.0 398.0 53.0
177 -1.0 -1.0 4.0 231.0 72.0
178 -1.0 -1.0 16.0 173.0 32.0
179 -1.0 -1.0 18.0 396.0 87.0
180 -1.0 -1.0 13.0 153.0 98.0
181 -1.0 -1.0 10.0 102.0 33.0
182 -1.0 -1.0 10.0 293.0 18.0
183 -1.0 -1.0 19.0 120.0 65.0
184 -1.0 -1.0 17.0 392.0 93.0
185 -1.0 -1.0 19.0 44.0 60.0
186 -1.0 -1.0 9.0 205.0 42.0
187 -1.0 -1.0 17.0 317.0 17.0
188 -1.0 -1.0 7.0 175.0 96.0
189 -1.0 -1.0 4.0 205.0 17.0
190 -1.0 -1.0 4.0 114.0 47.0
191 -1.0 -1.0 5.0 63.0 41.0
192 -1.0 -1.0 4.0 84.0 35.0
193 -1.0 -1.0 5.0 100.0 86.0
194 -1.0 -1.0 11.0 88.0 18.0
195 -1.0 -1.0 12.0 308.0 46.0
196 -1.0 -1.0 10.0 273.0 78.0
197 -1.0 -1.0 14.0 304.0 30.0
198 -1.0 -1.0 11.0 320.0 63.0
199 -1.0 -1.0 9.0 397.0 41.0
200 -1.0 -1.0 5.0 390.0 16.0
201 -1.0 -1.0 11.0 45.0 79.0
202 -1.0 -1.0 15.0 116.0 71.0
203 -1.0 -1.0 4.0 162.0 98.0
204 -1.0 -1.0 8.0 257.0 88.0
205 -1.0 -1.0 13.0 384.0 79.0
206 -1.0 -1.0 15.0 213.0 91.0
207 -1.0 -1.0 16.0 189.0 22.0
208 -1.0 -1.0 7.0 30.0 31.0
209 -1.0 -1.0 16.0 260.0 94.0
210 -1.0 -1.0 18.0 380.0 20.0
211 -1.0 -1.0 13.0 58.0 19.0
212 -1.0 -1.0 19.0 386.0 83.0
213 -1.0 -1.0 19.0 297.0 82.0
214 -1.0 -1.0 10.0 332.0 96.0
215 -1.0 -1.0 7.0 43.0 94.0
216 -1.0 -1.0 17.0 135.0 69.0
217 -1.0 -1.0 7.0 153.0 85.0
218 -1.0 -1.0 9.0 221.0 26.0
219 -1.0 -1.0 6.0 223.0 68.0
220 -1.0 -1.0 7.0 83.0 28.0
221 -1.0 -1.0 20.0 368.0 20.0
222 -1.0 -1.0 4.0 164.0 46.0
223 -1.0 -1.0 8.0 381.0 96.0
224 -1.0 -1.0 16.0 362.0 78.0
225 -1.0 -1.0 18.0 220.0 89.0
226 -1.0 -1.0 7.0 161.0 64.0
227 -1.0 -1.0 20.0 31.0 77.0
228 -1.0 -1.0 18.0 370.0 56.0
229 -1.0 -1.0 10.0 251.0 61.0
230 -1.0 -1.0 5.0 74.0 23.0
231 -1.0 -1.0 17.0 129.0 63.0
232 -1.0 -1.0 5.0 101.0 77.0
233 -1.0 -1.0 14.0 286.0 69.0
234 -1.0 -1.0 15.0 195.0 99.0
235 -1.0 -1.0 18.0 221.0 57.0
236 -1.0 -1.0 8.0 282.0 51.0
237 -1.0 -1.0 7.0 260.0 85.0
238 -1.0 -1.0 8.0 266.0 22.0
239 -1.0 -1.0 17.0 46.0 35.0
240 -1.0 -1.0 11.0 72.0 60.0
241 -1.0 -1.0 15.0 201.0 88.0
242 -1.0 -1.0 17.0 79.0 99.0
243 -1.0 -1.0 4.0 51.0 52.0
244 -1.0 -1.0 20.0 395.0 77.0
245 -1.0 -1.0 6.0 118.0 62.0
246 -1.0 -1.0 10.0 97.0 67.0
247 -1.0 -1.0 9.0 94.0 46.0
248 -1.0 -1.0 4.0 151.0 35.0
249 -1.0 -1.0 9.0 46.0 99.0
250 -1.0 -1.0 4.0 234.0 48.0
251 -1.0 -1.0 6.0 194.0 90.0
252 -1.0 -1.0 15.0 86.0 78.0
253 -1.0 -1.0 20.0 47.0 49.0
254 -1.0 -1.0 19.0 231.0 31.0
255 -1.0 -1.0 20.0 340.0 41.0
256 -1.0 -1.0 10.0 348.0 86.0
257 -1.0 -1.0 9.0 291.0 33.0
258 -1.0 -1.0 12.0 209.0 52.0
259 -1.0 -1.0 19.0 288.0 57.0
260 -1.0 -1.0 15.0 214.0 31.0
261 -1.0 -1.0 13.0 384.0 43.0
262 -1.0 -1.0 5.0 25.0 73.0
263 -1.0 -1.0 20.0 182.0 33.0
264 -1.0 -1.0 8.0 238.0 29.0
265 -1.0 -1.0 15.0 116.0 43.0
266 -1.0 -1.0 4.0 64.0 57.0
267 -1.0 -1.0 16.0 384.0 25.0
268 -1.0 -1.0 8.0 53.0 23.0
269 -1.0 -1.0 17.0 177.0 100.0
270 -1.0 -1.0 7.0 249.0 89.0
271 -1.0 -1.0 10.0 89.0 30.0
272 -1.0 -1.0 14.0 226.0 73.0
273 -1.0 -1.0 16.0 366.0 47.0
274 -1.0 -1.0 17.0 306.0 57.0
275 -1.0 -1.0 6.0 134.0 90.0
276 -1.0 -1.0 17.0 231.0 89.0
277 -1.0 -1.0 4.0 194.0 86.0
278 -1.0 -1.0 18.0 243.0 17.0
279 -1.0 -1.0 19.0 268.0 40.0
280 -1.0 -1.0 8.0 193.0 78.0
281 -1.0 -1.0 11.0 46.0 81.0
282 -1.0 -1.0 16.0 259.0 79.0
283 -1.0 -1.0 6.0 330.0 36.0
284 -1.0 -1.0 20.0 75.0 75.0
285 -1.0 -1.0 15.0 31.0 15.0
286 -1.0 -1.0 16.0 47.0 27.0
287 -1.0 -1.0 17.0 341.0 78.0
288 -1.0 -1.0 8.0 168.0 79.0
289 -1.0 -1.0 7.0 348.0 65.0
290 -1.0 -1.0 11.0 214.0 30.0
291 -1.0 -1.0 7.0 177.0 49.0
292 -1.0 -1.0 7.0 99.0 50.0
293 -1.0 -1.0 8.0 149.0 71.0
294 -1.0 -1.0 16.0 383.0 99.0
295 -1.0 -1.0 5.0 215.0 15.0
296 -1.0 -1.0 17.0 297.0 98.0
297 -1.0 -1.0 10.0 146.0 41.0
298 -1.0 -1.0 5.0 376.0 66.0
299 -1.0 -1.0 13.0 264.0 87.0
300 -1.0 -1.0 13.0 319.0 78.0
301 -1.0 -1.0 14.0 271.0 67.0
302 -1.0 -1.0 19.0 373.0 84.0
303 -1.0 -1.0 15.0 169.0 26.0
304 -1.0 -1.0 5.0 249.0 36.0
305 -1.0 -1.0 12.0 399.0 70.0
306 -1.0 -1.0 14.0 216.0 70.0
307 -1.0 -1.0 12.0 276.0 34.0
308 -1.0 -1.0 10.0 34.0 79.0
309 -1.0 -1.0 15.0 344.0 55.0
310 -1.0 -1.0 13.0 67.0 68.0
311 -1.0 -1.0 15.0 50.0 100.0
312 -1.0 -1.0 9.0 273.0 73.0
313 -1.0 -1.0 7.0 43.0 39.0
314 -1.0 -1.0 7.0 175.0 83.0
315 -1.0 -1.0 10.0 29.0 86.0
316 -1.0 -1.0 8.0 16.0 22.0
317 -1.0 -1.0 12.0 92.0 54.0
318 -1.0 -1.0 12.0 186.0 94.0
319 -1.0 -1.0 12.0 99.0 34.0
320 -1.0 -1.0 8.0 82.0 83.0
321 -1.0 -1.0 4.0 313.0 28.0
322 -1.0 -1.0 12.0 118.0 43.0
323 -1.0 -1.0 18.0 45.0 77.0
324 -1.0 -1.0 5.0 148.0 30.0
325 -1.0 -1.0 6.0 167.0 56.0
326 -1.0 -1.0 17.0 60.0 66.0
327 -1.0 -1.0 16.0 315.0 89.0
328 -1.0 -1.0 9.0 386.0 54.0
329 -1.0 -1.0 13.0 92.0 93.0
330 -1.0 -1.0 13.0 81.0 24.0
331 -1.0 -1.0 4.0 279.0 71.0
332 -1.0 -1.0 17.0 330.0 94.0
333 -1.0 -1.0 13.0 318.0 68.0
334 -1.0 -1.0 12.0 86.0 56.0
335 -1.0 -1.0 6.0 312.0 50.0
336 -1.0 -1.0 14.0 308.0 20.0
337 -1.0 -1.0 19.0 128.0 64.0
338 -1.0 -1.0 8.0 280.0 36.0
339 -1.0 -1.0 11.0 23.0 82.0
340 -1.0 -1.0 19.0 312.0 46.0
341 -1.0 -1.0 11.0 125.0 47.0
342 -1.0 -1.0 14.0 301.0 35.0
343 -1.0 -1.0 17.0 391.0 46.0
344 -1.0 -1.0 20.0 78.0 74.0
345 -1.0 -1.0 16.0 42.0 92.0
346 -1.0 -1.0 16.0 144.0 27.0
347 -1.0 -1.0 10.0 56.0 38.0
348 -1.0 -1.0 8.0 126.0 25.0
349 -1.0 -1.0 11.0 345.0 17.0
350 -1.0 -1.0 16.0 312.0 53.0
351 -1.0 -1.0 5.0 335.0 31.0
352 -1.0 -1.0 16.0 292.0 74.0
353 -1.0 -1.0 5.0 284.0 35.0
354 -1.0 -1.0 14.0 158.0 17.0
355 -1.0 -1.0 12.0 297.0 18.0
356 -1.0 -1.0 11.0 15.0 16.0
357 -1.0 -1.0 10.0 246.0 75.0
358 -1.0 -1.0 11.0 345.0 98.0
359 -1.0 -1.0 6.0 244.0 81.0
360 -1.0 -1.0 16.0 355.0 77.0
361 -1.0 -1.0 11.0 298.0 40.0
362 -1.0 -1.0 5.0 273.0 67.0
363 -1.0 -1.0 6.0 294.0 94.0
364 -1.0 -1.0 12.0 208.0 59.0
365 -1.0 -1.0 4.0 387.0 23.0
366 -1.0 -1.0 16.0 66.0 91.0
367 -1.0 -1.0 20.0 222.0 77.0
368 -1.0 -1.0 14.0 139.0 51.0
369 -1.0 -1.0 14.0 109.0 58.0
370 -1.0 -1.0 11.0 226.0 22.0
371 -1.0 -1.0 14.0 208.0 84.0
372 -1.0 -1.0 9.0 16.0 75.0
373 -1.0 -1.0 12.0 180.0 34.0
374 -1.0 -1.0 8.0 144.0 69.0
375 -1.0 -1.0 17.0 22.0 85.0
376 -1.0 -1.0 13.0 104.0 25.0
377 -1.0 -1.0 8.0 395.0 74.0
378 -1.0 -1.0 11.0 119.0 21.0
379 -1.0 -1.0 16.0 205.0 72.0
380 -1.0 -1.0 14.0 228.0 77.0
381 -1.0 -1.0 7.0 135.0 17.0
382 -1.0 -1.0 4.0 289.0 34.0
383 -1.0 -1.0 13.0 209.0 16.0
384 -1.0 -1.0 8.0 201.0 18.0
385 -1.0 -1.0 18.0 197.0 32.0
386 -1.0 -1.0 13.0 377.0 84.0
387 -1.0 -1.0 7.0 318.0 30.0
388 -1.0 -1.0 18.0 323.0 94.0
389 -1.0 -1.0 7.0 290.0 66.0
390 -1.0 -1.0 8.0 160.0 31.0
391 -1.0 -1.0 20.0 395.0 48.0
392 -1.0 -1.0 15.0 135.0 45.0
393 -1.0 -1.0 16.0 281.0 82.0
394 -1.0 -1.0 12.0 327.0 82.0
395 -1.0 -1.0 4.0 313.0 66.0
396 -1.0 -1.0 16.0 147.0 52.0
397 -1.0 -1.0 8.0 197.0 19.0
398 -1.0 -1.0 13.0 42.0 28.0
399 -1.0 -1.0 15.0 298.0 66.0
400 -1.0 -1.0 15.0 81.0 26.0
401 -1.0 -1.0 7.0 340.0 32.0
402 -1.0 -1.0 4.0 28.0 99.0
403 -1.0 -1.0 8.0 144.0 51.0
404 -1.0 -1.0 8.0 365.0 86.0
405 -1.0 -1.0 12.0 145.0 49.0
406 -1.0 -1.0 4.0 233.0 97.0
407 -1.0 -1.0 20.0 394.0 15.0
408 -1.0 -1.0 19.0 388.0 21.0
409 -1.0 -1.0 8.0 144.0 48.0
410 -1.0 -1.0 18.0 245.0 42.0
411 -1.0 -1.0 19.0 321.0 67.0
412 -1.0 -1.0 11.0 209.0 52.0
413 -1.0 -1.0 7.0 219.0 79.0
414 -1.0 -1.0 10.0 100.0 46.0
415 -1.0 -1.0 6.0 115.0 39.0
416 -1.0 -1.0 19.0 362.0 57.0
417 -1.0 -1.0 14.0 53.0 90.0
418 -1.0 -1.0 18.0 246.0 41.0
419 -1.0 -1.0 17.0 226.0 79.0
420 -1.0 -1.0 16.0 68.0 49.0
421 -1.0 -1.0 18.0 135.0 53.0
422 -1.0 -1.0 11.0 103.0 44.0
423 -1.0 -1.0 9.0 269.0 54.0
424 -1.0 -1.0 18.0 243.0 55.0
425 -1.0 -1.0 12.0 144.0 36.0
426 -1.0 -1.0 9.0 207.0 22.0
427 -1.0 -1.0 15.0 344.0 86.0
428 -1.0 -1.0 20.0 155.0 54.0
429 -1.0 -1.0 6.0 238.0 30.0
430 -1.0 -1.0 9.0 352.0 22.0
431 -1.0 -1.0 10.0 278.0 47.0
432 -1.0 -1.0 13.0 90.0 35.0
433 -1.0 -1.0 4.0 51.0 28.0
434 -1.0 -1.0 12.0 130.0 65.0
435 -1.0 -1.0 16.0 259.0 94.0
436 -1.0 -1.0 16.0 341.0 51.0
437 -1.0 -1.0 11.0 116.0 71.0
438 -1.0 -1.0 12.0 251.0 71.0
439 -1.0 -1.0 18.0 105.0 99.0
440 -1.0 -1.0 5.0 136.0 55.0
441 -1.0 -1.0 14.0 376.0 24.0
442 -1.0 -1.0 4.0 91.0 67.0
443 -1.0 -1.0 10.0 232.0 63.0
444 -1.0 -1.0 15.0 321.0 19.0
445 -1.0 -1.0 12.0 304.0 90.0
446 -1.0 -1.0 11.0 24.0 32.0
447 -1.0 -1.0 4.0 224.0 95.0
448 -1.0 -1.0 17.0 130.0 44.0
449 -1.0 -1.0 16.0 332.0 34.0
450 -1.0 -1.0 4.0 271.0 86.0
451 -1.0 -1.0 17.0 194.0 21.0
452 -1.0 -1.0 9.0 120.0 58.0
453 -1.0 -1.0 7.0 41.0 65.0
454 -1.0 -1.0 16.0 181.0 28.0
455 -1.0 -1.0 19.0 335.0 34.0
456 -1.0 -1.0 7.0 238.0 21.0
457 -1.0 -1.0 4.0 234.0 78.0
458 -1.0 -1.0 13.0 120.0 38.0
459 -1.0 -1.0 15.0 218.0 71.0
460 -1.0 -1.0 8.0 187.0 97.0
461 -1.0 -1.0 20.0 210.0 40.0
462 -1.0 -1.0 5.0 232.0 73.0
463 -1.0 -1.0 8.0 365.0 65.0
464 -1.0 -1.0 6.0 45.0 82.0
465 -1.0 -1.0 16.0 75.0 52.0
466 -1.0 -1.0 18.0 338.0 63.0
467 -1.0 -1.0 12.0 216.0 47.0
468 -1.0 -1.0 8.0 203.0 100.0
469 -1.0 -1.0 11.0 125.0 98.0
470 -1.0 -1.0 16.0 57.0 64.0
471 -1.0 -1.0 11.0 102.0 26.0
472 -1.0 -1.0 19.0 257.0 62.0
473 -1.0 -1.0 17.0 281.0 77.0
474 -1.0 -1.0 9.0 181.0 32.0
475 -1.0 -1.0 17.0 175.0 50.0
476 -1.0 -1.0 15.0 303.0 82.0
477 -1.0 -1.0 5.0 165.0 82.0
478 -1.0 -1.0 5.0 57.0 61.0
479 -1.0 -1.0 15.0 278.0 86.0
480 -1.0 -1.0 10.0 59.0 67.0
481 -1.0 -1.0 13.0 382.0 59.0
482 -1.0 -1.0 18.0 50.0 40.0
483 -1.0 -1.0 14.0 58.0 80.0
484 -1.0 -1.0 20.0 147.0 32.0
485 -1.0 -1.0 6.0 202.0 97.0
486 -1.0 -1.0 10.0 362.0 82.0
487 -1.0 -1.0 5.0 229.0 32.0
488 -1.0 -1.0 12.0 386.0 16.0
489 -1.0 -1.0 10.0 217.0 84.0
490 -1.0 -1.0 9.0 114.0 60.0
491 -1.0 -1.0 20.0 309.0 30.0
492 -1.0 -1.0 8.0 100.0 37.0
493 -1.0 -1.0 13.0 28.0 29.0
494 -1.0 -1.0 11.0 164.0 32.0
495 -1.0 -1.0 14.0 371.0 87.0
496 -1.0 -1.0 13.0 346.0 83.0
497 -1.0 -1.0 9.0 300.0 86.0
498 -1.0 -1.0 15.0 351.0 75.0
499 -1.0 -1.0 18.0 79.0 16.0
500 -1.0 -1.0 11.0 390.0 97.0
501 -1.0 -1.0 6.0 212.0 71.0
502 -1.0 -1.0 15.0 168.0 39.0
503 -1.0 -1.0 5.0 90.0 67.0
504 -1.0 -1.0 5.0 351.0 62.0
505 -1.0 -1.0 8.0 150.0 74.0
506 -1.0 -1.0 16.0 102.0 43.0
507 -1.0 -1.0 18.0 90.0 70.0
508 -1.0 -1.0 9.0 74.0 63.0
509 -1.0 -1.0 7.0 187.0 61.0
510 -1.0 -1.0 13.0 166.0 63.0
511 -1.0 -1.0 8.0 354.0 66.0
512 -1.0 -1.0 9.0 173.0 22.0
513 -1.0 -1.0 13.0 30.0 63.0
514 -1.0 -1.0 16.0 301.0 90.0
515 -1.0 -1.0 11.0 285.0 70.0
516 -1.0 -1.0 12.0 176.0 59.0
517 -1.0 -1.0 12.0 266.0 47.0
518 -1.0 -1.0 15.0 282.0 85.0
519 -1.0 -1.0 10.0 260.0 57.0
520 -1.0 -1.0 18.0 175.0 99.0
521 -1.0 -1.0 13.0 112.0 98.0
522 -1.0 -1.0 12.0 104.0 85.0
523 -1.0 -1.0 13.0 210.0 99.0
524 -1.0 -1.0 19.0 189.0 47.0
525 -1.0 -1.0 11.0 188.0 83.0
526 -1.0 -1.0 9.0 49.0 27.0
527 -1.0 -1.0 7.0 332.0 61.0
528 -1.0 -1.0 5.0 280.0 22.0
529 -1.0 -1.0 5.0 349.0 96.0
530 -1.0 -1.0 18.0 295.0 72.0
531 -1.0 -1.0 17.0 207.0 51.0
532 -1.0 -1.0 20.0 274.0 24.0
533 -1.0 -1.0 11.0 315.0 76.0
534 -1.0 -1.0 13.0 333.0 49.0
535 -1.0 -1.0 8.0 209.0 56.0
536 -1.0 -1.0 17.0 210.0 81.0
537 -1.0 -1.0 6.0 199.0 76.0
538 -1.0 -1.0 8.0 258.0 20.0
539 -1.0 -1.0 14.0 70.0 51.0
540 -1.0 -1.0 20.0 126.0 30.0
541 -1.0 -1.0 5.0 111.0 67.0
542 -1.0 -1.0 11.0 292.0 69.0
543 -1.0 -1.0 13.0 134.0 50.0
544 -1.0 -1.0 9.0 168.0 79.0
545 -1.0 -1.0 6.0 386.0 81.0
546 -1.0 -1.0 7.0 49.0 64.0
547 -1.0 -1.0 20.0 145.0 17.0
548 -1.0 -1.0 7.0 26.0 66.0
549 -1.0 -1.0 9.0 352.0 64.0
550 -1.0 -1.0 7.0 89.0 93.0
551 -1.0 -1.0 13.0 89.0 48.0
552 -1.0 -1.0 14.0 360.0 19.0
553 -1.0 -1.0 11.0 113.0 83.0
554 -1.0 -1.0 16.0 30.0 62.0
555 -1.0 -1.0 6.0 315.0 24.0
556 -1.0 -1.0 9.0 262.0 46.0
557 -1.0 -1.0 10.0 70.0 16.0
558 -1.0 -1.0 14.0 250.0 50.0
559 -1.0 -1.0 6.0 212.0 23.0
560 -1.0 -1.0 4.0 115.0 100.0
561 -1.0 -1.0 15.0 168.0 74.0
562 -1.0 -1.0 16.0 86.0 52.0
563 -1.0 -1.0 5.0 197.0 55.0
564 -1.0 -1.0 8.0 172.0 72.0
565 -1.0 -1.0 19.0 365.0 97.0
566 -1.0 -1.0 9.0 244.0 25.0
567 -1.0 -1.0 6.0 200.0 45.0
568 -1.0 -1.0 4.0 132.0 18.0
569 -1.0 -1.0 6.0 207.0 47.0
570 -1.0 -1.0 4.0 214.0 22.0
571 -1.0 -1.0 12.0 226.0 64.0
572 -1.0 -1.0 9.0 98.0 52.0
573 -1.0 -1.0 20.0 118.0 96.0
574 -1.0 -1.0 9.0 260.0 89.0
575 -1.0 -1.0 7.0 75.0 55.0
576 -1.0 -1.0 8.0 250.0 96.0
577 -1.0 -1.0 17.0 161.0 57.0
578 -1.0 -1.0 10.0 114.0 98.0
579 -1.0 -1.0 17.0 44.0 96.0
580 -1.0 -1.0 12.0 254.0 19.0
581 -1.0 -1.0 11.0 85.0 54.0
582 -1.0 -1.0 6.0 96.0 67.0
583 -1.0 -1.0 19.0 203.0 42.0
584 -1.0 -1.0 6.0 248.0 44.0
585 -1.0 -1.0 8.0 310.0 80.0
586 -1.0 -1.0 6.0 93.0 18.0
587 -1.0 -1.0 15.0 235.0 66.0
588 -1.0 -1.0 12.0 91.0 85.0
589 -1.0 -1.0 5.0 71.0 27.0
590 -1.0 -1.0 17.0 377.0 53.0
591 -1.0 -1.0 5.0 367.0 76.0
592 -1.0 -1.0 7.0 312.0 99.0
593 -1.0 -1.0 9.0 366.0 98.0
594 -1.0 -1.0 10.0 63.0 64.0
595 -1.0 -1.0 8.0 64.0 15.0
596 -1.0 -1.0 11.0 73.0 36.0
597 -1.0 -1.0 20.0 231.0 31.0
598 -1.0 -1.0 18.0 179.0 62.0
599 -1.0 -1.0 6.0 366.0 83.0
770
0 18 7
1 19 6
2 20 5
3 22 5
3 4 12
5 24 10
5 6 8
6 25 6
6 7 5
7 26 11
7 8 6
8 27 8
8 9 9
9 28 12
9 10 8
11 29 7
12 31 6
12 13 10
13 32 9
14 37 7
14 15 7
15 16 11
17 38 8
17 18 8
18 39 6
19 41 8
20 21 8
21 43 7
21 22 8
23 45 12
24 25 6
25 26 10
26 47 5
26 27 6
27 48 5
27 28 10
28 49 7
29 52 12
29 30 8
30 53 10
31 55 11
31 32 11
32 56 11
32 33 8
33 57 6
33 34 12
34 35 8
35 58 12
35 36 7
36 37 9
37 59 8
38 62 10
38 39 5
39 63 10
39 40 11
40 64 11
40 41 7
41 65 11
41 42 6
42 66 9
43 68 12
44 70 6
44 45 6
45 46 5
46 71 5
47 48 12
48 49 7
49 50 9
50 72 11
50 51 9
51 52 10
52 73 10
52 53 8
53 54 10
54 55 5
55 56 12
56 74 8
56 57 5
57 75 10
58 76 11
59 60 7
60 61 9
61 78 5
62 63 12
63 64 11
64 65 11
65 79 9
65 66 6
66 80 7
66 67 7
67 68 12
68 81 10
68 69 8
69 82 7
69 70 9
71 84 12
72 89 12
74 93 7
74 75 6
75 94 5
76 96 10
76 77 6
77 97 9
78 99 7
79 80 7
81 82 7
83 104 7
83 84 7
84 85 8
85 86 10
86 105 9
87 88 8
88 106 12
88 89 9
89 90 6
90 107 8
91 108 9
92 109 7
92 93 8
93 110 12
93 94 12
94 111 5
94 95 6
95 96 10
96 97 6
97 112 9
97 98 11
99 114 9
100 115 10
100 101 11
101 116 6
101 102 11
102 117 11
103 121 10
103 104 7
105 123 10
106 126 7
107 127 11
108 129 9
109 110 7
110 111 10
113 134 7
113 114 11
115 135 11
115 116 6
116 136 6
116 117 5
117 137 5
117 118 7
118 138 6
119 140 8
119 120 7
120 141 6
122 145 10
122 123 10
123 146 5
123 124 8
124 125 12
125 147 9
125 126 5
126 148 12
127 149 12
127 128 9
128 150 11
128 129 8
129 130 10
130 151 9
131 154 10
131 132 11
132 155 6
133 134 11
134 156 6
135 158 8
135 136 9
136 159 9
136 137 11
137 160 7
137 138 6
138 161 10
138 139 11
139 162 7
139 140 9
140 163 10
140 141 9
141 142 8
142 164 8
143 144 8
144 166 11
144 145 8
145 167 6
145 146 12
146 168 9
147 169 10
147 148 5
149 170 8
149 150 10
150 171 9
152 153 9
153 173 10
153 154 6
154 174 5
154 155 8
155 175 7
156 157 10
157 176 6
158 177 10
158 159 6
159 178 10
159 160 9
160 161 8
161 179 8
161 162 12
162 180 5
162 163 6
163 181 10
164 165 6
165 182 7
166 167 10
167 184 12
167 168 5
168 185 9
169 187 11
170 188 5
170 171 10
171 189 11
172 191 9
173 193 11
173 174 10
174 175 6
175 194 7
177 178 10
178 197 11
179 198 11
179 180 10
180 181 11
182 200 12
182 183 7
183 201 10
184 185 9
185 203 12
185 186 5
186 204 9
186 187 10
188 189 9
189 207 8
189 190 11
190 208 11
191 209 6
191 192 11
192 210 5
192 193 9
193 211 12
194 195 11
195 212 9
196 214 12
198 218 9
199 220 7
199 200 5
200 221 6
200 201 7
201 222 7
201 202 7
203 204 9
204 224 10
205 206 10
206 226 9
207 228 5
207 208 11
208 229 9
209 210 11
210 211 11
211 230 5
212 233 10
212 213 5
213 234 9
213 214 7
214 235 6
214 215 10
215 236 9
216 237 7
217 238 9
217 218 9
218 239 6
219 240 8
220 242 5
220 221 6
221 243 7
221 222 6
223 244 6
224 225 5
225 246 7
226 248 8
226 227 9
227 249 9
227 228 5
228 250 10
228 229 7
229 251 5
230 253 7
230 231 9
231 232 7
232 254 11
232 233 12
233 234 7
234 235 9
235 236 9
236 255 12
237 256 10
238 239 9
240 259 7
240 241 6
241 260 7
241 242 7
242 243 10
244 262 8
244 245 5
245 263 8
246 247 12
247 265 6
247 248 7
248 266 8
248 249 11
249 267 5
249 250 11
250 268 8
250 251 7
251 269 12
252 271 10
253 272 9
254 274 12
255 276 10
256 277 7
256 257 11
258 280 6
258 259 6
259 260 10
260 281 6
261 284 7
261 262 8
262 263 8
263 285 5
263 264 6
265 287 11
265 266 8
266 288 5
266 267 5
267 289 10
267 268 12
268 269 8
269 290 5
269 270 12
270 271 8
271 291 7
272 293 8
272 273 10
273 294 5
273 274 10
274 295 8
274 275 9
276 298 11
277 299 12
278 300 7
278 279 7
279 301 6
279 280 12
281 303 9
281 282 12
283 284 5
284 305 8
285 307 12
286 308 6
286 287 6
287 309 12
287 288 12
288 289 10
289 310 5
290 312 12
291 313 12
291 292 10
292 314 9
292 293 9
293 315 5
293 294 5
294 295 10
296 317 9
296 297 8
297 298 11
298 318 11
299 319 12
300 321 6
300 301 12
301 322 7
302 324 9
302 303 10
304 326 7
305 306 6
306 328 12
306 307 10
307 329 6
308 330 12
308 309 5
310 332 8
310 311 9
311 333 5
311 312 9
312 334 8
313 314 10
314 336 7
314 315 10
316 317 9
319 320 11
320 339 10
320 321 11
321 340 10
321 322 11
322 323 6
323 324 11
325 342 5
325 326 7
326 327 11
327 343 12
328 345 5
328 329 11
329 346 6
331 349 6
331 332 6
332 333 11
333 350 11
333 334 5
334 335 9
335 351 7
337 355 7
338 357 7
339 360 8
339 340 7
340 361 11
341 364 6
341 342 9
342 365 5
343 366 7
343 344 6
344 367 12
344 345 11
345 368 10
345 346 9
346 347 9
347 369 9
348 371 6
348 349 7
351 373 5
351 352 10
352 374 10
353 354 9
354 376 6
354 355 6
355 377 6
355 356 10
356 378 12
357 358 10
358 380 5
359 360 9
360 361 7
361 381 8
362 383 6
362 363 5
363 384 12
363 364 12
364 385 5
364 365 8
365 386 6
366 388 6
366 367 6
367 368 10
368 389 8
369 370 10
370 391 8
370 371 10
371 392 9
372 394 5
373 396 8
373 374 10
374 375 12
375 397 11
376 399 9
376 377 7
377 400 9
377 378 9
378 379 12
379 401 8
380 403 6
381 406 12
381 382 10
382 407 12
382 383 7
383 384 8
384 385 6
385 408 11
385 386 6
386 387 5
387 409 11
387 388 10
389 410 11
389 390 5
391 412 12
391 392 9
392 413 7
392 393 7
393 394 12
394 395 6
395 414 11
396 416 10
397 398 9
398 418 6
398 399 11
399 419 9
399 400 11
400 420 7
401 421 5
401 402 9
402 422 5
402 403 12
403 423 8
404 405 5
405 424 8
405 406 11
406 425 12
406 407 10
407 426 8
409 429 11
411 412 7
412 432 7
412 413 6
414 415 6
415 416 12
416 433 11
416 417 9
417 434 11
418 435 7
418 419 11
419 436 9
419 420 12
420 437 12
421 422 7
422 438 7
422 423 12
424 439 5
424 425 6
425 440 8
425 426 11
426 441 8
426 427 5
427 442 6
427 428 11
428 443 10
429 445 7
429 430 6
430 446 7
430 431 8
432 450 6
433 454 6
433 434 10
435 436 5
436 437 6
438 457 10
439 459 10
439 440 5
440 460 7
440 441 9
441 461 6
441 442 9
442 462 9
442 443 10
443 463 6
443 444 12
444 464 12
445 446 7
446 466 9
447 448 12
448 467 12
448 449 12
449 468 9
449 450 8
450 469 10
450 451 6
452 471 8
452 453 5
453 472 9
454 473 11
455 477 9
455 456 9
456 478 9
456 457 10
457 479 10
457 458 9
459 460 12
460 481 8
460 461 11
461 462 8
462 482 10
462 463 7
463 483 8
463 464 7
464 484 9
464 465 6
466 486 10
467 468 5
468 469 12
469 488 6
470 490 9
470 471 5
471 491 12
471 472 6
472 492 6
473 474 8
474 493 11
474 475 5
475 494 11
476 477 10
477 478 6
478 479 8
479 497 9
480 499 11
481 500 10
482 501 7
482 483 10
483 502 12
483 484 12
484 503 11
485 505 12
485 486 6
486 487 11
487 506 6
488 509 9
488 489 9
489 510 10
489 490 7
490 511 11
490 491 6
491 512 10
491 492 9
493 513 9
493 494 7
494 514 9
494 495 7
495 496 8
496 515 8
497 498 9
499 517 12
500 519 5
501 502 10
502 521 9
502 503 5
503 504 9
504 522 11
504 505 7
506 524 10
507 525 10
507 508 6
508 526 7
508 509 5
509 510 12
510 527 5
510 511 10
511 528 5
511 512 12
513 514 6
514 532 10
515 533 8
515 516 9
516 534 11
517 538 6
517 518 12
518 539 12
518 519 6
519 540 8
519 520 6
521 541 9
522 542 9
523 544 9
523 524 8
524 545 5
525 546 12
525 526 10
526 547 5
527 528 6
528 549 10
529 530 6
530 551 10
530 531 11
531 552 12
532 553 10
533 555 9
533 534 11
534 535 9
535 536 5
536 556 12
536 537 6
537 557 10
538 558 5
538 539 10
539 540 8
540 559 9
541 562 5
542 564 8
542 543 10
543 565 11
543 544 10
544 545 6
545 566 12
546 568 12
546 547 6
547 569 7
547 548 11
548 570 12
549 571 8
549 550 7
551 573 5
551 552 7
552 574 12
553 576 11
553 554 6
554 577 9
554 555 10
555 578 12
556 581 10
556 557 11
557 582 10
558 583 8
559 560 11
560 561 5
561 562 10
562 563 12
563 564 11
564 585 10
564 565 5
566 567 6
567 586 7
567 568 9
568 569 8
569 587 12
569 570 9
571 589 8
572 590 5
572 573 6
573 591 8
573 574 7
574 575 9
575 592 12
575 576 11
576 593 5
576 577 8
577 594 11
577 578 12
578 595 9
578 579 9
579 596 8
579 580 5
580 581 11
581 597 10
581 582 9
582 598 8
583 584 12
588 589 7
590 591 12
592 593 6
593 594 12
594 595 6
595 596 12
597 598 5
598 599 12
10 0.05 0.05 0.05
