600
0 -1.0 -1.0 19.0 384.0 72.0
1 -1.0 -1.0 19.0 40.0 62.0
2 -1.0 -1.0 15.0 102.0 19.0
3 -1.0 -1.0 5.0 292.0 75.0
4 -1.0 -1.0 20.0 261.0 69.0
5 -1.0 -1.0 14.0 198.0 81.0
6 -1.0 -1.0 5.0 258.0 67.0
7 -1.0 -1.0 8.0 221.0 66.0
8 -1.0 -1.0 15.0 118.0 91.0
9 -1.0 -1.0 7.0 303.0 78.0
10 -1.0 -1.0 11.0 162.0 74.0
11 -1.0 -1.0 8.0 161.0 24.0
12 -1.0 -1.0 14.0 338.0 26.0
13 -1.0 -1.0 13.0 22.0 18.0
14 -1.0 -1.0 15.0 202.0 93.0
15 -1.0 -1.0 6.0 247.0 40.0
16 -1.0 -1.0 16.0 153.0 72.0
17 -1.0 -1.0 16.0 172.0 96.0
18 -1.0 -1.0 15.0 348.0 30.0
19 -1.0 -1.0 11.0 290.0 56.0
20 -1.0 -1.0 12.0 177.0 64.0
21 -1.0 -1.0 11.0 242.0 84.0
22 -1.0 -1.0 7.0 50.0 96.0
23 -1.0 -1.0 18.0 238.0 92.0
24 -1.0 -1.0 13.0 31.0 23.0
25 -1.0 -1.0 9.0 18.0 36.0
26 -1.0 -1.0 7.0 130.0 29.0
27 -1.0 -1.0 17.0 305.0 70.0
28 -1.0 -1.0 12.0 327.0 74.0
29 -1.0 -1.0 12.0 247.0 42.0
30 -1.0 -1.0 10.0 131.0 19.0
31 -1.0 -1.0 6.0 342.0 64.0
32 -1.0 -1.0 6.0 343.0 43.0
33 -1.0 -1.0 19.0 230.0 88.0
34 -1.0 -1.0 20.0 365.0 68.0
35 -1.0 -1.0 4.0 260.0 57.0
36 -1.0 -1.0 17.0 218.0 78.0
37 -1.0 -1.0 6.0 145.0 45.0
38 -1.0 -1.0 17.0 31.0 22.0
39 -1.0 -1.0 10.0 96.0 63.0
40 -1.0 -1.0 19.0 255.0 97.0
41 -1.0 -1.0 5.0 266.0 55.0
42 -1.0 -1.0 12.0 265.0 72.0
43 -1.0 -1.0 12.0 60.0 18.0
44 -1.0 -1.0 4.0 182.0 75.0
45 -1.0 -1.0 11.0 131.0 17.0
46 -1.0 -1.0 13.0 88.0 83.0
47 -1.0 -1.0 12.0 200.0 59.0
48 -1.0 -1.0 16.0 376.0 53.0
49 -1.0 -1.0 7.0 182.0 32.0
50 -1.0 -1.0 10.0 114.0 79.0
51 -1.0 -1.0 17.0 99.0 29.0
52 -1.0 -1.0 11.0 365.0 24.0
53 -1.0 -1.0 14.0 220.0 97.0
54 -1.0 -1.0 17.0 293.0 100.0
55 -1.0 -1.0 17.0 366.0 87.0
56 -1.0 -1.0 13.0 144.0 55.0
57 -1.0 -1.0 7.0 121.0 77.0
58 -1.0 -1.0 18.0 82.0 38.0
59 -1.0 -1.0 7.0 296.0 46.0
60 -1.0 -1.0 14.0 68.0 27.0
61 -1.0 -1.0 13.0 200.0 24.0
62 -1.0 -1.0 18.0 145.0 88.0
63 -1.0 -1.0 9.0 338.0 66.0
64 -1.0 -1.0 15.0 199.0 47.0
65 -1.0 -1.0 15.0 23.0 38.0
66 -1.0 -1.0 5.0 70.0 74.0
67 -1.0 -1.0 7.0 86.0 48.0
68 -1.0 -1.0 5.0 34.0 58.0
69 -1.0 -1.0 19.0 244.0 53.0
70 -1.0 -1.0 4.0 129.0 57.0
71 -1.0 -1.0 6.0 361.0 100.0
72 -1.0 -1.0 13.0 393.0 25.0
73 -1.0 -1.0 11.0 290.0 61.0
74 -1.0 -1.0 18.0 374.0 23.0
75 -1.0 -1.0 10.0 171.0 54.0
76 -1.0 -1.0 18.0 170.0 72.0
77 -1.0 -1.0 18.0 131.0 31.0
78 -1.0 -1.0 7.0 352.0 34.0
79 -1.0 -1.0 10.0 395.0 66.0
80 -1.0 -1.0 7.0 37.0 91.0
81 -1.0 -1.0 14.0 324.0 23.0
82 -1.0 -1.0 19.0 61.0 63.0
83 -1.0 -1.0 12.0 203.0 76.0
84 -1.0 -1.0 14.0 400.0 31.0
85 -1.0 -1.0 20.0 90.0 87.0
86 -1.0 -1.0 13.0 169.0 27.0
87 -1.0 -1.0 15.0 350.0 66.0
88 -1.0 -1.0 12.0 84.0 19.0
89 -1.0 -1.0 14.0 208.0 20.0
90 -1.0 -1.0 20.0 153.0 67.0
91 -1.0 -1.0 7.0 30.0 18.0
92 -1.0 -1.0 11.0 363.0 99.0
93 -1.0 -1.0 20.0 352.0 38.0
94 -1.0 -1.0 7.0 198.0 22.0
95 -1.0 -1.0 7.0 136.0 95.0
96 -1.0 -1.0 20.0 132.0 92.0
97 -1.0 -1.0 16.0 219.0 34.0
98 -1.0 -1.0 8.0 46.0 89.0
99 -1.0 -1.0 11.0 147.0 39.0
100 -1.0 -1.0 18.0 123.0 15.0
101 -1.0 -1.0 19.0 92.0 18.0
102 -1.0 -1.0 11.0 130.0 84.0
103 -1.0 -1.0 4.0 228.0 46.0
104 -1.0 -1.0 4.0 164.0 37.0
105 -1.0 -1.0 7.0 81.0 94.0
106 -1.0 -1.0 15.0 231.0 33.0
107 -1.0 -1.0 20.0 64.0 15.0
108 -1.0 -1.0 16.0 134.0 52.0
109 -1.0 -1.0 13.0 378.0 82.0
110 -1.0 -1.0 12.0 160.0 28.0
111 -1.0 -1.0 5.0 349.0 83.0
112 -1.0 -1.0 6.0 372.0 98.0
113 -1.0 -1.0 4.0 174.0 17.0
114 -1.0 -1.0 15.0 234.0 37.0
115 -1.0 -1.0 11.0 100.0 18.0
116 -1.0 -1.0 11.0 314.0 18.0
117 -1.0 -1.0 19.0 374.0 85.0
118 -1.0 -1.0 6.0 42.0 54.0
119 -1.0 -1.0 10.0 182.0 54.0
120 -1.0 -1.0 9.0 323.0 58.0
121 -1.0 -1.0 6.0 161.0 93.0
122 -1.0 -1.0 18.0 330.0 46.0
123 -1.0 -1.0 8.0 350.0 53.0
124 -1.0 -1.0 18.0 65.0 86.0
125 -1.0 -1.0 9.0 317.0 45.0
126 -1.0 -1.0 14.0 163.0 51.0
127 -1.0 -1.0 18.0 129.0 33.0
128 -1.0 -1.0 20.0 180.0 52.0
129 -1.0 -1.0 10.0 334.0 87.0
130 -1.0 -1.0 18.0 339.0 21.0
131 -1.0 -1.0 8.0 78.0 56.0
132 -1.0 -1.0 17.0 187.0 100.0
133 -1.0 -1.0 20.0 251.0 36.0
134 -1.0 -1.0 7.0 193.0 80.0
135 -1.0 -1.0 14.0 86.0 77.0
136 -1.0 -1.0 6.0 315.0 67.0
137 -1.0 -1.0 15.0 270.0 55.0
138 -1.0 -1.0 6.0 388.0 77.0
139 -1.0 -1.0 5.0 129.0 35.0
140 -1.0 -1.0 16.0 86.0 18.0
141 -1.0 -1.0 16.0 212.0 86.0
142 -1.0 -1.0 18.0 232.0 94.0
143 -1.0 -1.0 19.0 176.0 91.0
144 -1.0 -1.0 4.0 61.0 27.0
145 -1.0 -1.0 16.0 332.0 52.0
146 -1.0 -1.0 20.0 43.0 93.0
147 -1.0 -1.0 17.0 63.0 36.0
148 -1.0 -1.0 8.0 115.0 41.0
149 -1.0 -1.0 20.0 32.0 81.0
150 -1.0 -1.0 14.0 302.0 76.0
151 -1.0 -1.0 13.0 245.0 38.0
152 -1.0 -1.0 14.0 244.0 43.0
153 -1.0 -1.0 11.0 283.0 43.0
154 -1.0 -1.0 18.0 23.0 80.0
155 -1.0 -1.0 19.0 70.0 31.0
156 -1.0 -1.0 17.0 153.0 100.0
157 -1.0 -1.0 5.0 290.0 36.0
158 -1.0 -1.0 13.0 187.0 22.0
159 -1.0 -1.0 19.0 65.0 39.0
160 -1.0 -1.0 11.0 196.0 88.0
161 -1.0 -1.0 7.0 166.0 23.0
162 -1.0 -1.0 19.0 117.0 85.0
163 -1.0 -1.0 19.0 200.0 53.0
164 -1.0 -1.0 15.0 186.0 96.0
165 -1.0 -1.0 5.0 367.0 21.0
166 -1.0 -1.0 12.0 384.0 81.0
167 -1.0 -1.0 19.0 142.0 33.0
168 -1.0 -1.0 14.0 290.0 42.0
169 -1.0 -1.0 8.0 77.0 91.0
170 -1.0 -1.0 4.0 26.0 28.0
171 -1.0 -1.0 19.0 316.0 80.0
172 -1.0 -1.0 12.0 292.0 47.0
173 -1.0 -1.0 15.0 136.0 78.0
174 -1.0 -1.0 12.0 272.0 89.0
175 -1.0 -1.0 16.0 370.0 76.0
176 -1.0 -1.0 5.0 310.0 17.0
177 -1.0 -1.0 19.0 183.0 18.0
178 -1.0 -1.0 15.0 159.0 85.0
179 -1.0 -1.0 16.0 375.0 19.0
180 -1.0 -1.0 7.0 222.0 59.0
181 -1.0 -1.0 9.0 246.0 88.0
182 -1.0 -1.0 13.0 313.0 99.0
183 -1.0 -1.0 9.0 360.0 68.0
184 -1.0 -1.0 10.0 233.0 33.0
185 -1.0 -1.0 7.0 321.0 48.0
186 -1.0 -1.0 17.0 372.0 54.0
187 -1.0 -1.0 10.0 72.0 42.0
188 -1.0 -1.0 17.0 237.0 89.0
189 -1.0 -1.0 20.0 38.0 37.0
190 -1.0 -1.0 8.0 137.0 62.0
191 -1.0 -1.0 16.0 185.0 97.0
192 -1.0 -1.0 8.0 144.0 53.0
193 -1.0 -1.0 8.0 31.0 92.0
194 -1.0 -1.0 12.0 257.0 43.0
195 -1.0 -1.0 15.0 124.0 32.0
196 -1.0 -1.0 6.0 35.0 67.0
197 -1.0 -1.0 6.0 131.0 43.0
198 -1.0 -1.0 7.0 146.0 95.0
199 -1.0 -1.0 18.0 42.0 79.0
200 -1.0 -1.0 17.0 106.0 39.0
201 -1.0 -1.0 17.0 343.0 51.0
202 -1.0 -1.0 11.0 168.0 65.0
203 -1.0 -1.0 4.0 20.0 41.0
204 -1.0 -1.0 10.0 82.0 94.0
205 -1.0 -1.0 11.0 62.0 86.0
206 -1.0 -1.0 16.0 110.0 82.0
207 -1.0 -1.0 17.0 298.0 86.0
208 -1.0 -1.0 6.0 107.0 71.0
209 -1.0 -1.0 5.0 81.0 43.0
210 -1.0 -1.0 8.0 217.0 67.0
211 -1.0 -1.0 8.0 115.0 45.0
212 -1.0 -1.0 5.0 188.0 66.0
213 -1.0 -1.0 5.0 169.0 34.0
214 -1.0 -1.0 15.0 280.0 46.0
215 -1.0 -1.0 9.0 166.0 30.0
216 -1.0 -1.0 10.0 141.0 61.0
217 -1.0 -1.0 10.0 33.0 52.0
218 -1.0 -1.0 12.0 218.0 41.0
219 -1.0 -1.0 16.0 391.0 53.0
220 -1.0 -1.0 19.0 71.0 16.0
221 -1.0 -1.0 20.0 375.0 71.0
222 -1.0 -1.0 20.0 387.0 99.0
223 -1.0 -1.0 5.0 134.0 98.0
224 -1.0 -1.0 15.0 229.0 71.0
225 -1.0 -1.0 20.0 278.0 84.0
226 -1.0 -1.0 14.0 284.0 19.0
227 -1.0 -1.0 4.0 367.0 39.0
228 -1.0 -1.0 11.0 204.0 71.0
229 -1.0 -1.0 5.0 271.0 59.0
230 -1.0 -1.0 7.0 26.0 76.0
231 -1.0 -1.0 19.0 286.0 61.0
232 -1.0 -1.0 4.0 109.0 100.0
233 -1.0 -1.0 5.0 105.0 47.0
234 -1.0 -1.0 16.0 372.0 48.0
235 -1.0 -1.0 6.0 190.0 83.0
236 -1.0 -1.0 5.0 230.0 65.0
237 -1.0 -1.0 16.0 148.0 92.0
238 -1.0 -1.0 8.0 237.0 75.0
239 -1.0 -1.0 12.0 54.0 65.0
240 -1.0 -1.0 18.0 89.0 47.0
241 -1.0 -1.0 18.0 23.0 57.0
242 -1.0 -1.0 20.0 371.0 18.0
243 -1.0 -1.0 8.0 130.0 16.0
244 -1.0 -1.0 8.0 62.0 18.0
245 -1.0 -1.0 13.0 358.0 45.0
246 -1.0 -1.0 16.0 226.0 20.0
247 -1.0 -1.0 8.0 285.0 28.0
248 -1.0 -1.0 18.0 156.0 25.0
249 -1.0 -1.0 13.0 254.0 30.0
250 -1.0 -1.0 6.0 213.0 38.0
251 -1.0 -1.0 4.0 300.0 20.0
252 -1.0 -1.0 18.0 130.0 53.0
253 -1.0 -1.0 10.0 165.0 50.0
254 -1.0 -1.0 15.0 392.0 21.0
255 -1.0 -1.0 9.0 278.0 43.0
256 -1.0 -1.0 11.0 94.0 82.0
257 -1.0 -1.0 13.0 219.0 33.0
258 -1.0 -1.0 20.0 43.0 62.0
259 -1.0 -1.0 4.0 20.0 33.0
260 -1.0 -1.0 9.0 128.0 89.0
261 -1.0 -1.0 4.0 115.0 99.0
262 -1.0 -1.0 6.0 85.0 76.0
263 -1.0 -1.0 11.0 210.0 51.0
264 -1.0 -1.0 19.0 28.0 19.0
265 -1.0 -1.0 6.0 294.0 82.0
266 -1.0 -1.0 11.0 130.0 33.0
267 -1.0 -1.0 6.0 21.0 99.0
268 -1.0 -1.0 18.0 288.0 89.0
269 -1.0 -1.0 16.0 396.0 97.0
270 -1.0 -1.0 20.0 290.0 51.0
271 -1.0 -1.0 17.0 223.0 54.0
272 -1.0 -1.0 13.0 69.0 84.0
273 -1.0 -1.0 17.0 174.0 39.0
274 -1.0 -1.0 6.0 79.0 73.0
275 -1.0 -1.0 16.0 112.0 34.0
276 -1.0 -1.0 14.0 323.0 84.0
277 -1.0 -1.0 12.0 27.0 63.0
278 -1.0 -1.0 17.0 267.0 93.0
279 -1.0 -1.0 20.0 363.0 84.0
280 -1.0 -1.0 6.0 242.0 84.0
281 -1.0 -1.0 11.0 151.0 93.0
282 -1.0 -1.0 4.0 395.0 67.0
283 -1.0 -1.0 13.0 219.0 43.0
284 -1.0 -1.0 10.0 189.0 73.0
285 -1.0 -1.0 4.0 80.0 59.0
286 -1.0 -1.0 19.0 304.0 68.0
287 -1.0 -1.0 20.0 340.0 96.0
288 -1.0 -1.0 19.0 398.0 79.0
289 -1.0 -1.0 11.0 183.0 46.0
290 -1.0 -1.0 18.0 370.0 23.0
291 -1.0 -1.0 20.0 240.0 50.0
292 -1.0 -1.0 11.0 38.0 69.0
293 -1.0 -1.0 18.0 180.0 46.0
294 -1.0 -1.0 7.0 344.0 51.0
295 -1.0 -1.0 17.0 158.0 54.0
296 -1.0 -1.0 14.0 162.0 54.0
297 -1.0 -1.0 16.0 224.0 56.0
298 -1.0 -1.0 14.0 314.0 59.0
299 -1.0 -1.0 11.0 180.0 49.0
300 -1.0 -1.0 7.0 297.0 95.0
301 -1.0 -1.0 13.0 214.0 85.0
302 -1.0 -1.0 5.0 250.0 20.0
303 -1.0 -1.0 6.0 55.0 46.0
304 -1.0 -1.0 13.0 325.0 52.0
305 -1.0 -1.0 20.0 178.0 71.0
306 -1.0 -1.0 5.0 165.0 90.0
307 -1.0 -1.0 12.0 155.0 29.0
308 -1.0 -1.0 17.0 59.0 26.0
309 -1.0 -1.0 11.0 174.0 58.0
310 -1.0 -1.0 14.0 347.0 59.0
311 -1.0 -1.0 8.0 234.0 36.0
312 -1.0 -1.0 4.0 90.0 55.0
313 -1.0 -1.0 13.0 97.0 21.0
314 -1.0 -1.0 5.0 322.0 34.0
315 -1.0 -1.0 15.0 339.0 44.0
316 -1.0 -1.0 19.0 50.0 46.0
317 -1.0 -1.0 18.0 217.0 61.0
318 -1.0 -1.0 6.0 186.0 79.0
319 -1.0 -1.0 16.0 358.0 94.0
320 -1.0 -1.0 6.0 81.0 50.0
321 -1.0 -1.0 5.0 36.0 44.0
322 -1.0 -1.0 14.0 386.0 86.0
323 -1.0 -1.0 18.0 167.0 82.0
324 -1.0 -1.0 20.0 353.0 94.0
325 -1.0 -1.0 8.0 324.0 54.0
326 -1.0 -1.0 11.0 348.0 87.0
327 -1.0 -1.0 16.0 44.0 18.0
328 -1.0 -1.0 8.0 198.0 96.0
329 -1.0 -1.0 19.0 26.0 74.0
330 -1.0 -1.0 11.0 158.0 43.0
331 -1.0 -1.0 11.0 113.0 50.0
332 -1.0 -1.0 11.0 271.0 21.0
333 -1.0 -1.0 18.0 87.0 54.0
334 -1.0 -1.0 14.0 369.0 49.0
335 -1.0 -1.0 19.0 243.0 89.0
336 -1.0 -1.0 5.0 156.0 77.0
337 -1.0 -1.0 17.0 227.0 55.0
338 -1.0 -1.0 16.0 169.0 56.0
339 -1.0 -1.0 6.0 320.0 71.0
340 -1.0 -1.0 9.0 80.0 71.0
341 -1.0 -1.0 16.0 345.0 25.0
342 -1.0 -1.0 5.0 139.0 45.0
343 -1.0 -1.0 17.0 252.0 98.0
344 -1.0 -1.0 20.0 60.0 63.0
345 -1.0 -1.0 17.0 123.0 38.0
346 -1.0 -1.0 14.0 158.0 70.0
347 -1.0 -1.0 20.0 225.0 24.0
348 -1.0 -1.0 20.0 386.0 72.0
349 -1.0 -1.0 9.0 150.0 52.0
350 -1.0 -1.0 13.0 313.0 61.0
351 -1.0 -1.0 6.0 248.0 76.0
352 -1.0 -1.0 18.0 225.0 32.0
353 -1.0 -1.0 19.0 167.0 34.0
354 -1.0 -1.0 17.0 277.0 23.0
355 -1.0 -1.0 15.0 276.0 35.0
356 -1.0 -1.0 20.0 268.0 33.0
357 -1.0 -1.0 6.0 361.0 52.0
358 -1.0 -1.0 10.0 192.0 24.0
359 -1.0 -1.0 20.0 143.0 44.0
360 -1.0 -1.0 9.0 308.0 59.0
361 -1.0 -1.0 16.0 273.0 99.0
362 -1.0 -1.0 5.0 339.0 91.0
363 -1.0 -1.0 4.0 296.0 17.0
364 -1.0 -1.0 20.0 315.0 95.0
365 -1.0 -1.0 20.0 244.0 55.0
366 -1.0 -1.0 7.0 62.0 83.0
367 -1.0 -1.0 11.0 180.0 46.0
368 -1.0 -1.0 9.0 103.0 69.0
369 -1.0 -1.0 20.0 204.0 97.0
370 -1.0 -1.0 13.0 41.0 40.0
371 -1.0 -1.0 5.0 34.0 27.0
372 -1.0 -1.0 10.0 298.0 86.0
373 -1.0 -1.0 19.0 91.0 17.0
374 -1.0 -1.0 9.0 253.0 17.0
375 -1.0 -1.0 19.0 387.0 63.0
376 -1.0 -1.0 19.0 97.0 30.0
377 -1.0 -1.0 14.0 37.0 18.0
378 -1.0 -1.0 19.0 129.0 75.0
379 -1.0 -1.0 4.0 183.0 33.0
380 -1.0 -1.0 19.0 71.0 38.0
381 -1.0 -1.0 19.0 73.0 22.0
382 -1.0 -1.0 20.0 249.0 39.0
383 -1.0 -1.0 12.0 114.0 33.0
384 -1.0 -1.0 6.0 279.0 80.0
385 -1.0 -1.0 5.0 201.0 15.0
386 -1.0 -1.0 20.0 316.0 84.0
387 -1.0 -1.0 7.0 288.0 17.0
388 -1.0 -1.0 14.0 103.0 36.0
389 -1.0 -1.0 8.0 264.0 62.0
390 -1.0 -1.0 14.0 260.0 59.0
391 -1.0 -1.0 6.0 374.0 45.0
392 -1.0 -1.0 18.0 96.0 29.0
393 -1.0 -1.0 10.0 23.0 29.0
394 -1.0 -1.0 11.0 362.0 89.0
395 -1.0 -1.0 13.0 306.0 90.0
396 -1.0 -1.0 12.0 274.0 60.0
397 -1.0 -1.0 12.0 86.0 41.0
398 -1.0 -1.0 15.0 242.0 28.0
399 -1.0 -1.0 16.0 215.0 42.0
400 -1.0 -1.0 4.0 329.0 33.0
401 -1.0 -1.0 9.0 35.0 16.0
402 -1.0 -1.0 13.0 63.0 33.0
403 -1.0 -1.0 19.0 271.0 68.0
404 -1.0 -1.0 8.0 174.0 41.0
405 -1.0 -1.0 5.0 243.0 45.0
406 -1.0 -1.0 6.0 320.0 40.0
407 -1.0 -1.0 11.0 259.0 58.0
408 -1.0 -1.0 14.0 71.0 90.0
409 -1.0 -1.0 11.0 26.0 53.0
410 -1.0 -1.0 10.0 365.0 61.0
411 -1.0 -1.0 20.0 248.0 86.0
412 -1.0 -1.0 7.0 189.0 78.0
413 -1.0 -1.0 19.0 39.0 35.0
414 -1.0 -1.0 8.0 233.0 21.0
415 -1.0 -1.0 16.0 51.0 41.0
416 -1.0 -1.0 9.0 113.0 98.0
417 -1.0 -1.0 16.0 389.0 27.0
418 -1.0 -1.0 16.0 206.0 82.0
419 -1.0 -1.0 19.0 58.0 46.0
420 -1.0 -1.0 17.0 51.0 77.0
421 -1.0 -1.0 13.0 209.0 47.0
422 -1.0 -1.0 4.0 283.0 22.0
423 -1.0 -1.0 12.0 104.0 54.0
424 -1.0 -1.0 10.0 235.0 53.0
425 -1.0 -1.0 10.0 17.0 31.0
426 -1.0 -1.0 5.0 82.0 35.0
427 -1.0 -1.0 19.0 208.0 56.0
428 -1.0 -1.0 12.0 390.0 78.0
429 -1.0 -1.0 13.0 210.0 22.0
430 -1.0 -1.0 12.0 54.0 63.0
431 -1.0 -1.0 10.0 45.0 88.0
432 -1.0 -1.0 4.0 172.0 65.0
433 -1.0 -1.0 4.0 224.0 84.0
434 -1.0 -1.0 16.0 338.0 43.0
435 -1.0 -1.0 4.0 101.0 50.0
436 -1.0 -1.0 4.0 37.0 47.0
437 -1.0 -1.0 10.0 67.0 99.0
438 -1.0 -1.0 17.0 140.0 38.0
439 -1.0 -1.0 18.0 133.0 86.0
440 -1.0 -1.0 9.0 337.0 27.0
441 -1.0 -1.0 14.0 109.0 98.0
442 -1.0 -1.0 19.0 352.0 84.0
443 -1.0 -1.0 16.0 274.0 66.0
444 -1.0 -1.0 7.0 275.0 52.0
445 -1.0 -1.0 18.0 301.0 38.0
446 -1.0 -1.0 20.0 42.0 27.0
447 -1.0 -1.0 18.0 390.0 34.0
448 -1.0 -1.0 20.0 265.0 75.0
449 -1.0 -1.0 14.0 391.0 42.0
450 -1.0 -1.0 19.0 119.0 32.0
451 -1.0 -1.0 4.0 32.0 38.0
452 -1.0 -1.0 19.0 122.0 74.0
453 -1.0 -1.0 6.0 197.0 82.0
454 -1.0 -1.0 16.0 70.0 50.0
455 -1.0 -1.0 19.0 233.0 79.0
456 -1.0 -1.0 15.0 53.0 43.0
457 -1.0 -1.0 6.0 50.0 72.0
458 -1.0 -1.0 17.0 272.0 67.0
459 -1.0 -1.0 16.0 199.0 81.0
460 -1.0 -1.0 11.0 394.0 28.0
461 -1.0 -1.0 7.0 132.0 17.0
462 -1.0 -1.0 6.0 335.0 94.0
463 -1.0 -1.0 8.0 20.0 32.0
464 -1.0 -1.0 18.0 369.0 76.0
465 -1.0 -1.0 6.0 340.0 84.0
466 -1.0 -1.0 14.0 293.0 75.0
467 -1.0 -1.0 15.0 282.0 88.0
468 -1.0 -1.0 20.0 207.0 53.0
469 -1.0 -1.0 15.0 116.0 69.0
470 -1.0 -1.0 5.0 315.0 76.0
471 -1.0 -1.0 14.0 100.0 77.0
472 -1.0 -1.0 11.0 204.0 52.0
473 -1.0 -1.0 10.0 186.0 25.0
474 -1.0 -1.0 17.0 205.0 67.0
475 -1.0 -1.0 10.0 309.0 73.0
476 -1.0 -1.0 9.0 117.0 55.0
477 -1.0 -1.0 20.0 254.0 46.0
478 -1.0 -1.0 8.0 116.0 53.0
479 -1.0 -1.0 14.0 390.0 33.0
480 -1.0 -1.0 5.0 340.0 79.0
481 -1.0 -1.0 7.0 113.0 69.0
482 -1.0 -1.0 17.0 193.0 99.0
483 -1.0 -1.0 17.0 51.0 47.0
484 -1.0 -1.0 9.0 117.0 29.0
485 -1.0 -1.0 8.0 253.0 77.0
486 -1.0 -1.0 8.0 334.0 49.0
487 -1.0 -1.0 5.0 265.0 18.0
488 -1.0 -1.0 18.0 251.0 45.0
489 -1.0 -1.0 16.0 393.0 58.0
490 -1.0 -1.0 14.0 297.0 21.0
491 -1.0 -1.0 16.0 174.0 98.0
492 -1.0 -1.0 10.0 194.0 57.0
493 -1.0 -1.0 13.0 146.0 96.0
494 -1.0 -1.0 10.0 67.0 87.0
495 -1.0 -1.0 20.0 350.0 22.0
496 -1.0 -1.0 10.0 178.0 64.0
497 -1.0 -1.0 19.0 316.0 88.0
498 -1.0 -1.0 20.0 206.0 55.0
499 -1.0 -1.0 6.0 313.0 93.0
500 -1.0 -1.0 17.0 100.0 70.0
501 -1.0 -1.0 7.0 269.0 18.0
502 -1.0 -1.0 14.0 15.0 30.0
503 -1.0 -1.0 15.0 62.0 21.0
504 -1.0 -1.0 14.0 334.0 37.0
505 -1.0 -1.0 7.0 268.0 88.0
506 -1.0 -1.0 4.0 54.0 17.0
507 -1.0 -1.0 17.0 164.0 26.0
508 -1.0 -1.0 8.0 260.0 16.0
509 -1.0 -1.0 16.0 265.0 73.0
510 -1.0 -1.0 15.0 185.0 20.0
511 -1.0 -1.0 7.0 239.0 95.0
512 -1.0 -1.0 9.0 58.0 44.0
513 -1.0 -1.0 8.0 77.0 91.0
514 -1.0 -1.0 12.0 386.0 55.0
515 -1.0 -1.0 10.0 86.0 30.0
516 -1.0 -1.0 5.0 231.0 63.0
517 -1.0 -1.0 17.0 70.0 95.0
518 -1.0 -1.0 9.0 260.0 47.0
519 -1.0 -1.0 12.0 250.0 40.0
520 -1.0 -1.0 13.0 115.0 97.0
521 -1.0 -1.0 8.0 273.0 54.0
522 -1.0 -1.0 11.0 277.0 100.0
523 -1.0 -1.0 16.0 383.0 63.0
524 -1.0 -1.0 13.0 132.0 37.0
525 -1.0 -1.0 4.0 398.0 42.0
526 -1.0 -1.0 17.0 194.0 63.0
527 -1.0 -1.0 11.0 61.0 96.0
528 -1.0 -1.0 17.0 230.0 64.0
529 -1.0 -1.0 6.0 283.0 76.0
530 -1.0 -1.0 14.0 63.0 23.0
531 -1.0 -1.0 5.0 363.0 91.0
532 -1.0 -1.0 7.0 272.0 94.0
533 -1.0 -1.0 16.0 221.0 18.0
534 -1.0 -1.0 13.0 241.0 54.0
535 -1.0 -1.0 16.0 172.0 64.0
536 -1.0 -1.0 9.0 219.0 20.0
537 -1.0 -1.0 16.0 281.0 41.0
538 -1.0 -1.0 4.0 155.0 45.0
539 -1.0 -1.0 7.0 36.0 15.0
540 -1.0 -1.0 13.0 43.0 78.0
541 -1.0 -1.0 10.0 155.0 63.0
542 -1.0 -1.0 8.0 135.0 30.0
543 -1.0 -1.0 5.0 247.0 73.0
544 -1.0 -1.0 9.0 398.0 51.0
545 -1.0 -1.0 13.0 109.0 61.0
546 -1.0 -1.0 11.0 194.0 21.0
547 -1.0 -1.0 4.0 241.0 59.0
548 -1.0 -1.0 7.0 368.0 61.0
549 -1.0 -1.0 13.0 149.0 18.0
550 -1.0 -1.0 5.0 19.0 75.0
551 -1.0 -1.0 17.0 137.0 51.0
552 -1.0 -1.0 19.0 33.0 63.0
553 -1.0 -1.0 4.0 163.0 36.0
554 -1.0 -1.0 17.0 352.0 39.0
555 -1.0 -1.0 18.0 342.0 34.0
556 -1.0 -1.0 14.0 167.0 42.0
557 -1.0 -1.0 6.0 239.0 70.0
558 -1.0 -1.0 12.0 15.0 27.0
559 -1.0 -1.0 7.0 263.0 93.0
560 -1.0 -1.0 15.0 45.0 94.0
561 -1.0 -1.0 14.0 272.0 43.0
562 -1.0 -1.0 20.0 150.0 52.0
563 -1.0 -1.0 13.0 371.0 44.0
564 -1.0 -1.0 17.0 280.0 33.0
565 -1.0 -1.0 17.0 100.0 83.0
566 -1.0 -1.0 15.0 246.0 19.0
567 -1.0 -1.0 11.0 47.0 96.0
568 -1.0 -1.0 7.0 136.0 62.0
569 -1.0 -1.0 4.0 315.0 72.0
570 -1.0 -1.0 17.0 272.0 77.0
571 -1.0 -1.0 9.0 107.0 91.0
572 -1.0 -1.0 8.0 70.0 63.0
573 -1.0 -1.0 20.0 24.0 97.0
574 -1.0 -1.0 8.0 72.0 30.0
575 -1.0 -1.0 17.0 368.0 19.0
576 -1.0 -1.0 20.0 74.0 57.0
577 -1.0 -1.0 10.0 393.0 53.0
578 -1.0 -1.0 17.0 345.0 46.0
579 -1.0 -1.0 13.0 310.0 84.0
580 -1.0 -1.0 19.0 163.0 15.0
581 -1.0 -1.0 7.0 260.0 66.0
582 -1.0 -1.0 14.0 314.0 29.0
583 -1.0 -1.0 16.0 79.0 54.0
584 -1.0 -1.0 17.0 122.0 92.0
585 -1.0 -1.0 6.0 126.0 96.0
586 -1.0 -1.0 4.0 309.0 80.0
587 -1.0 -1.0 18.0 232.0 16.0
588 -1.0 -1.0 17.0 156.0 42.0
589 -1.0 -1.0 19.0 245.0 25.0
590 -1.0 -1.0 16.0 307.0 56.0
591 -1.0 -1.0 13.0 323.0 22.0
592 -1.0 -1.0 5.0 230.0 18.0
593 -1.0 -1.0 4.0 362.0 37.0
594 -1.0 -1.0 14.0 119.0 74.0
595 -1.0 -1.0 12.0 381.0 90.0
596 -1.0 -1.0 12.0 307.0 15.0
597 -1.0 -1.0 7.0 75.0 99.0
598 -1.0 -1.0 9.0 285.0 82.0
599 -1.0 -1.0 4.0 239.0 28.0
767
0 24 10
0 1 9
1 25 10
1 2 9
2 26 10
2 3 5
3 4 10
4 27 8
5 28 7
6 7 6
7 30 12
7 8 9
8 31 12
8 9 12
9 32 9
9 10 5
10 33 8
10 11 8
11 12 5
12 34 11
13 38 11
13 14 8
14 15 6
15 39 7
15 16 12
16 40 6
16 17 10
17 41 9
17 18 5
18 19 7
19 42 8
19 20 10
20 43 11
20 21 5
21 22 7
22 44 10
22 23 6
24 25 6
25 45 9
25 26 9
26 46 6
27 48 11
28 50 8
28 29 10
30 31 5
31 32 11
32 52 12
32 33 5
34 54 5
35 55 8
35 36 9
36 56 11
36 37 5
37 38 8
39 58 11
39 40 9
40 41 9
42 60 9
42 43 5
43 61 5
44 63 11
45 46 10
46 66 8
46 47 7
47 48 11
48 67 5
48 49 10
49 50 11
51 69 7
52 71 12
53 73 12
53 54 10
54 74 9
55 76 9
55 56 8
56 77 10
57 58 9
59 60 11
60 81 8
60 61 12
61 62 5
62 82 10
62 63 8
63 83 7
63 64 11
64 84 12
65 85 5
66 87 11
67 88 12
68 91 12
68 69 7
69 92 5
69 70 9
70 93 12
71 95 7
71 72 7
72 96 5
72 73 5
73 97 8
73 74 10
74 75 8
75 98 12
75 76 8
76 99 8
76 77 5
77 78 7
79 101 11
79 80 11
81 102 7
82 83 7
83 104 7
83 84 7
84 105 10
85 86 12
86 106 6
86 87 7
88 108 11
88 89 6
89 90 9
90 109 7
90 91 10
91 110 10
91 92 8
92 111 5
92 93 9
93 94 6
94 112 7
94 95 11
95 113 5
95 96 7
96 114 12
96 97 6
98 115 7
98 99 8
99 116 10
100 121 12
100 101 8
101 122 12
102 103 7
103 124 12
104 105 7
105 125 11
106 126 11
107 108 10
108 128 9
109 110 5
110 130 9
110 111 11
111 131 8
112 133 9
112 113 9
113 114 11
114 134 5
115 137 10
115 116 10
116 138 7
116 117 9
117 139 11
117 118 7
118 119 5
119 140 7
119 120 10
120 141 5
120 121 5
121 142 11
121 122 12
122 143 5
122 123 11
123 144 6
124 146 5
126 127 6
128 149 8
128 129 5
129 150 9
130 151 6
130 131 7
131 152 7
131 132 8
132 133 6
133 153 12
134 135 8
135 155 6
135 136 9
136 156 8
136 137 7
137 138 5
138 139 9
140 158 6
140 141 10
141 142 11
142 159 6
142 143 8
143 160 10
143 144 9
144 161 9
145 163 12
145 146 10
146 164 9
146 147 10
147 165 12
147 148 10
148 166 10
149 171 6
149 150 10
151 172 7
151 152 5
152 173 6
153 174 6
153 154 5
154 175 5
155 156 8
156 177 6
157 158 8
158 180 12
159 160 8
160 161 6
161 182 9
161 162 5
162 183 7
162 163 12
163 184 11
163 164 12
164 185 9
164 165 8
165 186 11
165 166 10
166 167 6
167 187 7
168 188 10
168 169 10
169 189 11
169 170 7
170 190 8
171 192 11
172 194 9
172 173 9
173 195 5
174 196 9
174 175 9
175 176 11
177 198 12
177 178 8
178 199 10
179 201 9
180 181 7
181 202 6
182 205 8
182 183 8
183 206 10
183 184 5
184 207 6
184 185 10
185 186 12
187 208 10
188 189 5
189 209 5
189 190 8
190 191 7
191 210 7
191 192 7
192 211 8
192 193 10
193 212 9
194 214 7
194 195 11
195 215 8
197 198 7
198 199 11
199 218 9
199 200 9
200 219 12
200 201 9
202 222 8
202 203 6
203 223 10
203 204 6
204 205 5
205 224 11
205 206 11
206 225 10
206 207 12
207 226 5
208 229 9
209 231 6
210 211 10
211 232 11
211 212 11
212 233 6
212 213 10
213 234 5
213 214 11
214 235 11
214 215 8
215 236 7
215 216 9
216 237 6
217 239 11
218 219 11
219 241 6
220 221 9
221 222 12
222 243 5
222 223 6
223 244 6
224 246 10
224 225 5
225 247 8
225 226 11
226 248 9
227 228 10
228 229 10
229 249 6
230 231 9
231 250 8
232 233 6
233 253 6
233 234 8
234 254 11
234 235 6
235 236 10
236 255 6
236 237 5
237 256 10
238 257 10
238 239 12
240 259 11
241 260 5
241 242 11
242 261 8
243 244 12
244 263 12
244 245 9
245 264 7
245 246 12
246 265 9
246 247 9
247 266 12
247 248 6
250 251 7
251 252 6
252 271 11
253 254 7
254 272 8
255 256 8
257 274 10
258 259 5
259 276 11
260 261 8
261 278 10
262 280 9
263 282 12
263 264 12
264 283 7
264 265 10
265 284 10
265 266 10
267 268 7
268 269 5
269 285 7
270 286 10
271 288 12
272 290 10
272 273 12
274 275 7
275 292 7
276 293 12
276 277 5
277 294 11
278 279 5
279 296 5
279 280 12
280 297 9
280 281 6
281 282 7
282 298 11
282 283 5
283 284 8
284 299 9
285 303 8
286 305 7
286 287 6
287 306 9
289 290 7
290 308 5
291 312 7
292 314 9
293 316 8
293 294 12
294 317 9
294 295 5
296 297 10
297 318 5
298 320 12
299 321 8
300 301 6
301 322 10
301 302 10
302 323 11
302 303 6
303 324 5
303 304 7
305 306 8
306 307 10
307 325 10
308 309 12
309 328 7
309 310 12
310 311 7
311 329 12
311 312 9
312 330 10
312 313 7
313 331 6
313 314 7
314 332 5
314 315 6
315 333 10
315 316 11
316 334 9
316 317 12
318 337 10
318 319 7
319 338 5
319 320 5
321 339 5
322 341 5
322 323 6
323 342 8
323 324 11
324 343 8
325 346 10
325 326 8
326 347 8
326 327 6
328 348 6
329 349 8
329 330 12
330 331 11
331 350 6
331 332 10
332 351 7
332 333 11
333 352 8
333 334 5
334 353 9
335 354 9
335 336 10
336 355 8
337 338 11
339 356 11
340 358 10
340 341 9
341 359 6
341 342 11
342 360 11
342 343 10
343 361 7
343 344 5
344 362 9
345 346 7
346 363 10
346 347 11
347 364 9
348 368 11
349 369 10
350 370 5
350 351 12
351 371 8
351 352 5
352 353 10
353 372 9
354 374 7
354 355 8
355 375 9
356 357 6
357 381 12
357 358 11
358 382 6
358 359 7
359 383 10
359 360 7
360 361 9
361 384 8
361 362 5
363 387 8
363 364 5
364 365 11
365 366 7
366 367 9
367 368 11
369 388 5
370 371 8
372 373 8
373 391 10
373 374 12
374 392 7
374 375 9
375 393 6
375 376 9
376 394 12
376 377 5
377 378 10
378 395 9
378 379 12
379 396 6
379 380 5
380 397 10
381 382 12
382 383 12
383 398 5
385 400 11
385 386 7
386 401 5
386 387 8
387 402 12
388 389 9
389 407 9
390 409 9
391 411 9
391 392 7
392 393 7
393 412 6
393 394 7
394 413 8
395 415 11
395 396 8
396 416 7
396 397 11
397 417 7
398 419 10
399 422 7
400 423 12
400 401 8
401 424 9
401 402 11
402 425 11
402 403 11
403 426 12
403 404 11
404 427 9
404 405 11
406 429 12
408 409 8
409 410 9
410 411 8
411 433 7
412 413 5
413 434 9
413 414 7
414 415 9
415 416 7
416 435 5
416 417 7
418 437 9
419 420 7
420 439 9
420 421 10
421 422 11
423 440 12
423 424 11
424 441 12
424 425 12
425 426 11
426 427 6
427 442 12
428 429 5
429 443 10
429 430 9
430 431 11
431 444 11
432 446 5
434 452 7
436 456 8
436 437 9
437 438 7
438 457 9
440 460 10
440 441 11
441 461 9
443 466 6
444 467 6
444 445 5
445 446 12
446 447 7
447 448 10
448 449 6
449 468 12
450 451 5
451 469 7
451 452 10
452 470 12
452 453 7
453 471 9
453 454 11
454 472 11
455 456 6
456 473 9
457 475 12
458 459 8
459 478 9
460 461 10
461 462 7
462 479 12
462 463 6
463 480 5
464 465 11
465 466 11
466 481 11
467 483 7
468 488 8
469 491 12
469 470 5
470 492 8
470 471 6
471 493 6
471 472 12
472 494 7
473 497 9
473 474 10
474 475 5
475 476 6
476 477 9
477 498 8
478 500 10
479 502 11
479 480 12
480 503 11
481 482 11
482 507 5
482 483 8
483 508 5
483 484 8
484 485 5
485 509 5
485 486 11
486 487 6
487 510 8
487 488 10
488 511 5
488 489 12
489 512 12
489 490 7
490 491 6
491 492 10
492 513 9
492 493 12
493 494 11
494 495 5
495 514 7
495 496 9
496 497 11
498 517 8
498 499 10
499 518 12
499 500 10
500 519 9
501 520 6
502 522 8
502 503 11
503 523 11
503 504 6
504 505 6
505 506 7
506 524 11
507 508 11
508 526 12
509 528 12
510 511 7
511 530 11
511 512 7
512 531 11
513 533 11
515 536 9
515 516 9
517 518 6
518 538 5
518 519 5
519 539 11
520 521 12
521 540 11
521 522 5
522 541 5
522 523 7
523 542 10
524 543 10
524 525 11
525 544 10
526 527 10
527 546 5
527 528 5
528 547 8
528 529 9
529 548 5
530 549 7
530 531 11
531 550 11
531 532 6
532 551 5
533 534 11
534 553 6
535 536 5
536 555 5
537 557 10
538 559 12
538 539 8
539 560 12
540 541 5
541 562 5
541 542 9
543 565 11
543 544 12
544 545 12
546 547 12
547 567 9
547 548 8
548 568 10
549 570 12
549 550 8
550 571 5
550 551 7
551 552 8
553 554 9
555 556 10
556 574 12
556 557 11
557 558 7
558 575 11
558 559 11
559 576 9
559 560 10
560 577 8
561 578 12
562 580 7
563 564 5
564 565 6
566 583 5
567 585 10
567 568 7
568 569 9
569 570 5
570 586 7
570 571 10
571 587 6
572 592 8
573 594 5
574 596 5
575 598 8
575 576 10
576 577 6
577 599 12
578 579 9
579 580 8
580 581 9
582 583 10
583 584 9
584 585 8
586 587 7
587 588 9
588 589 12
589 590 9
591 592 9
592 593 8
593 594 8
594 595 8
595 596 11
596 597 8
597 598 5
10 0.05 0.05 0.05
