600
0 -1.0 -1.0 19.0 190.0 84.0
1 -1.0 -1.0 12.0 38.0 77.0
2 -1.0 -1.0 9.0 275.0 96.0
3 -1.0 -1.0 17.0 319.0 59.0
4 -1.0 -1.0 19.0 186.0 63.0
5 -1.0 -1.0 8.0 365.0 100.0
6 -1.0 -1.0 18.0 38.0 15.0
7 -1.0 -1.0 5.0 237.0 50.0
8 -1.0 -1.0 6.0 338.0 73.0
9 -1.0 -1.0 5.0 164.0 96.0
10 -1.0 -1.0 9.0 313.0 19.0
11 -1.0 -1.0 13.0 101.0 79.0
12 -1.0 -1.0 19.0 260.0 25.0
13 -1.0 -1.0 16.0 98.0 63.0
14 -1.0 -1.0 14.0 356.0 69.0
15 -1.0 -1.0 19.0 339.0 100.0
16 -1.0 -1.0 5.0 108.0 28.0
17 -1.0 -1.0 11.0 380.0 50.0
18 -1.0 -1.0 6.0 307.0 54.0
19 -1.0 -1.0 7.0 112.0 38.0
20 -1.0 -1.0 11.0 329.0 74.0
21 -1.0 -1.0 16.0 82.0 17.0
22 -1.0 -1.0 16.0 352.0 86.0
23 -1.0 -1.0 15.0 395.0 72.0
24 -1.0 -1.0 6.0 42.0 15.0
25 -1.0 -1.0 17.0 388.0 38.0
26 -1.0 -1.0 12.0 346.0 42.0
27 -1.0 -1.0 15.0 230.0 66.0
28 -1.0 -1.0 13.0 246.0 40.0
29 -1.0 -1.0 5.0 234.0 37.0
30 -1.0 -1.0 7.0 67.0 37.0
31 -1.0 -1.0 18.0 41.0 70.0
32 -1.0 -1.0 5.0 206.0 17.0
33 -1.0 -1.0 13.0 47.0 89.0
34 -1.0 -1.0 15.0 398.0 77.0
35 -1.0 -1.0 6.0 87.0 45.0
36 -1.0 -1.0 7.0 55.0 79.0
37 -1.0 -1.0 10.0 314.0 50.0
38 -1.0 -1.0 17.0 184.0 81.0
39 -1.0 -1.0 7.0 344.0 58.0
40 -1.0 -1.0 20.0 400.0 54.0
41 -1.0 -1.0 9.0 20.0 58.0
42 -1.0 -1.0 7.0 32.0 96.0
43 -1.0 -1.0 8.0 283.0 98.0
44 -1.0 -1.0 16.0 269.0 100.0
45 -1.0 -1.0 10.0 131.0 42.0
46 -1.0 -1.0 4.0 270.0 48.0
47 -1.0 -1.0 8.0 21.0 56.0
48 -1.0 -1.0 15.0 182.0 100.0
49 -1.0 -1.0 20.0 162.0 72.0
50 -1.0 -1.0 20.0 258.0 97.0
51 -1.0 -1.0 9.0 268.0 51.0
52 -1.0 -1.0 16.0 356.0 68.0
53 -1.0 -1.0 16.0 122.0 99.0
54 -1.0 -1.0 5.0 393.0 35.0
55 -1.0 -1.0 8.0 226.0 27.0
56 -1.0 -1.0 11.0 198.0 100.0
57 -1.0 -1.0 17.0 353.0 41.0
58 -1.0 -1.0 12.0 180.0 75.0
59 -1.0 -1.0 20.0 288.0 97.0
60 -1.0 -1.0 6.0 354.0 33.0
61 -1.0 -1.0 10.0 202.0 81.0
62 -1.0 -1.0 9.0 272.0 81.0
63 -1.0 -1.0 9.0 341.0 79.0
64 -1.0 -1.0 14.0 257.0 82.0
65 -1.0 -1.0 4.0 124.0 43.0
66 -1.0 -1.0 7.0 230.0 40.0
67 -1.0 -1.0 4.0 298.0 31.0
68 -1.0 -1.0 7.0 22.0 51.0
69 -1.0 -1.0 10.0 295.0 70.0
70 -1.0 -1.0 8.0 41.0 79.0
71 -1.0 -1.0 19.0 62.0 97.0
72 -1.0 -1.0 17.0 58.0 45.0
73 -1.0 -1.0 12.0 388.0 98.0
74 -1.0 -1.0 8.0 90.0 22.0
75 -1.0 -1.0 4.0 329.0 96.0
76 -1.0 -1.0 14.0 369.0 44.0
77 -1.0 -1.0 7.0 341.0 76.0
78 -1.0 -1.0 8.0 125.0 60.0
79 -1.0 -1.0 10.0 91.0 45.0
80 -1.0 -1.0 11.0 371.0 31.0
81 -1.0 -1.0 4.0 144.0 89.0
82 -1.0 -1.0 11.0 325.0 84.0
83 -1.0 -1.0 4.0 392.0 72.0
84 -1.0 -1.0 5.0 250.0 47.0
85 -1.0 -1.0 11.0 364.0 49.0
86 -1.0 -1.0 8.0 290.0 62.0
87 -1.0 -1.0 18.0 181.0 46.0
88 -1.0 -1.0 14.0 31.0 53.0
89 -1.0 -1.0 9.0 172.0 100.0
90 -1.0 -1.0 5.0 30.0 74.0
91 -1.0 -1.0 18.0 338.0 77.0
92 -1.0 -1.0 14.0 345.0 43.0
93 -1.0 -1.0 18.0 115.0 32.0
94 -1.0 -1.0 8.0 157.0 77.0
95 -1.0 -1.0 19.0 395.0 17.0
96 -1.0 -1.0 9.0 384.0 68.0
97 -1.0 -1.0 14.0 253.0 61.0
98 -1.0 -1.0 15.0 211.0 41.0
99 -1.0 -1.0 13.0 148.0 60.0
100 -1.0 -1.0 14.0 343.0 76.0
101 -1.0 -1.0 15.0 269.0 66.0
102 -1.0 -1.0 6.0 70.0 15.0
103 -1.0 -1.0 13.0 265.0 74.0
104 -1.0 -1.0 9.0 23.0 25.0
105 -1.0 -1.0 18.0 288.0 19.0
106 -1.0 -1.0 14.0 369.0 49.0
107 -1.0 -1.0 5.0 203.0 71.0
108 -1.0 -1.0 17.0 21.0 29.0
109 -1.0 -1.0 19.0 298.0 66.0
110 -1.0 -1.0 13.0 280.0 65.0
111 -1.0 -1.0 10.0 167.0 86.0
112 -1.0 -1.0 11.0 169.0 78.0
113 -1.0 -1.0 9.0 376.0 93.0
114 -1.0 -1.0 6.0 136.0 18.0
115 -1.0 -1.0 11.0 20.0 69.0
116 -1.0 -1.0 6.0 192.0 67.0
117 -1.0 -1.0 13.0 182.0 29.0
118 -1.0 -1.0 20.0 268.0 31.0
119 -1.0 -1.0 8.0 223.0 29.0
120 -1.0 -1.0 20.0 230.0 54.0
121 -1.0 -1.0 6.0 221.0 33.0
122 -1.0 -1.0 8.0 57.0 49.0
123 -1.0 -1.0 16.0 60.0 80.0
124 -1.0 -1.0 4.0 171.0 50.0
125 -1.0 -1.0 15.0 128.0 24.0
126 -1.0 -1.0 12.0 272.0 64.0
127 -1.0 -1.0 15.0 316.0 59.0
128 -1.0 -1.0 15.0 176.0 98.0
129 -1.0 -1.0 8.0 274.0 18.0
130 -1.0 -1.0 12.0 32.0 23.0
131 -1.0 -1.0 20.0 107.0 64.0
132 -1.0 -1.0 20.0 93.0 57.0
133 -1.0 -1.0 16.0 177.0 18.0
134 -1.0 -1.0 18.0 284.0 26.0
135 -1.0 -1.0 4.0 140.0 40.0
136 -1.0 -1.0 13.0 293.0 30.0
137 -1.0 -1.0 12.0 252.0 44.0
138 -1.0 -1.0 7.0 278.0 94.0
139 -1.0 -1.0 11.0 154.0 66.0
140 -1.0 -1.0 10.0 393.0 91.0
141 -1.0 -1.0 16.0 152.0 21.0
142 -1.0 -1.0 5.0 253.0 52.0
143 -1.0 -1.0 10.0 157.0 30.0
144 -1.0 -1.0 11.0 325.0 43.0
145 -1.0 -1.0 17.0 261.0 80.0
146 -1.0 -1.0 7.0 392.0 96.0
147 -1.0 -1.0 11.0 226.0 86.0
148 -1.0 -1.0 16.0 41.0 76.0
149 -1.0 -1.0 4.0 333.0 40.0
150 -1.0 -1.0 5.0 250.0 19.0
151 -1.0 -1.0 16.0 202.0 86.0
152 -1.0 -1.0 16.0 253.0 99.0
153 -1.0 -1.0 14.0 71.0 43.0
154 -1.0 -1.0 6.0 150.0 61.0
155 -1.0 -1.0 16.0 181.0 69.0
156 -1.0 -1.0 7.0 394.0 28.0
157 -1.0 -1.0 16.0 310.0 38.0
158 -1.0 -1.0 8.0 26.0 77.0
159 -1.0 -1.0 12.0 256.0 31.0
160 -1.0 -1.0 12.0 168.0 83.0
161 -1.0 -1.0 12.0 93.0 86.0
162 -1.0 -1.0 8.0 351.0 82.0
163 -1.0 -1.0 11.0 158.0 87.0
164 -1.0 -1.0 18.0 374.0 91.0
165 -1.0 -1.0 6.0 240.0 79.0
166 -1.0 -1.0 8.0 338.0 64.0
167 -1.0 -1.0 6.0 190.0 98.0
168 -1.0 -1.0 13.0 193.0 69.0
169 -1.0 -1.0 10.0 285.0 23.0
170 -1.0 -1.0 8.0 151.0 24.0
171 -1.0 -1.0 20.0 180.0 17.0
172 -1.0 -1.0 5.0 204.0 61.0
173 -1.0 -1.0 16.0 395.0 65.0
174 -1.0 -1.0 18.0 120.0 70.0
175 -1.0 -1.0 16.0 222.0 64.0
176 -1.0 -1.0 10.0 392.0 25.0
177 -1.0 -1.0 19.0 200.0 59.0
178 -1.0 -1.0 7.0 76.0 45.0
179 -1.0 -1.0 17.0 254.0 29.0
180 -1.0 -1.0 10.0 32.0 88.0
181 -1.0 -1.0 12.0 217.0 68.0
182 -1.0 -1.0 5.0 184.0 78.0
183 -1.0 -1.0 9.0 63.0 100.0
184 -1.0 -1.0 12.0 276.0 52.0
185 -1.0 -1.0 19.0 77.0 30.0
186 -1.0 -1.0 20.0 110.0 55.0
187 -1.0 -1.0 15.0 43.0 44.0
188 -1.0 -1.0 20.0 277.0 39.0
189 -1.0 -1.0 17.0 335.0 77.0
190 -1.0 -1.0 5.0 204.0 27.0
191 -1.0 -1.0 14.0 70.0 36.0
192 -1.0 -1.0 15.0 224.0 67.0
193 -1.0 -1.0 8.0 303.0 26.0
194 -1.0 -1.0 6.0 43.0 42.0
195 -1.0 -1.0 7.0 123.0 77.0
196 -1.0 -1.0 20.0 303.0 82.0
197 -1.0 -1.0 16.0 98.0 56.0
198 -1.0 -1.0 14.0 23.0 97.0
199 -1.0 -1.0 5.0 361.0 16.0
200 -1.0 -1.0 16.0 217.0 91.0
201 -1.0 -1.0 4.0 326.0 28.0
202 -1.0 -1.0 20.0 184.0 62.0
203 -1.0 -1.0 14.0 210.0 41.0
204 -1.0 -1.0 20.0 316.0 45.0
205 -1.0 -1.0 4.0 75.0 17.0
206 -1.0 -1.0 14.0 183.0 65.0
207 -1.0 -1.0 20.0 75.0 52.0
208 -1.0 -1.0 8.0 68.0 24.0
209 -1.0 -1.0 14.0 379.0 55.0
210 -1.0 -1.0 20.0 134.0 91.0
211 -1.0 -1.0 4.0 355.0 79.0
212 -1.0 -1.0 12.0 301.0 79.0
213 -1.0 -1.0 17.0 260.0 81.0
214 -1.0 -1.0 5.0 251.0 95.0
215 -1.0 -1.0 18.0 320.0 45.0
216 -1.0 -1.0 19.0 147.0 94.0
217 -1.0 -1.0 8.0 150.0 38.0
218 -1.0 -1.0 16.0 363.0 76.0
219 -1.0 -1.0 14.0 305.0 38.0
220 -1.0 -1.0 6.0 268.0 57.0
221 -1.0 -1.0 20.0 345.0 85.0
222 -1.0 -1.0 16.0 356.0 65.0
223 -1.0 -1.0 18.0 274.0 64.0
224 -1.0 -1.0 4.0 170.0 27.0
225 -1.0 -1.0 14.0 87.0 97.0
226 -1.0 -1.0 16.0 158.0 69.0
227 -1.0 -1.0 17.0 36.0 68.0
228 -1.0 -1.0 6.0 359.0 45.0
229 -1.0 -1.0 13.0 115.0 19.0
230 -1.0 -1.0 18.0 381.0 17.0
231 -1.0 -1.0 10.0 363.0 29.0
232 -1.0 -1.0 4.0 130.0 53.0
233 -1.0 -1.0 6.0 38.0 25.0
234 -1.0 -1.0 8.0 130.0 80.0
235 -1.0 -1.0 13.0 237.0 79.0
236 -1.0 -1.0 19.0 196.0 19.0
237 -1.0 -1.0 15.0 162.0 90.0
238 -1.0 -1.0 14.0 328.0 77.0
239 -1.0 -1.0 4.0 135.0 95.0
240 -1.0 -1.0 13.0 372.0 43.0
241 -1.0 -1.0 19.0 327.0 55.0
242 -1.0 -1.0 18.0 31.0 54.0
243 -1.0 -1.0 8.0 236.0 17.0
244 -1.0 -1.0 16.0 122.0 24.0
245 -1.0 -1.0 9.0 333.0 30.0
246 -1.0 -1.0 8.0 398.0 95.0
247 -1.0 -1.0 9.0 317.0 65.0
248 -1.0 -1.0 19.0 259.0 36.0
249 -1.0 -1.0 13.0 53.0 37.0
250 -1.0 -1.0 7.0 26.0 80.0
251 -1.0 -1.0 17.0 366.0 29.0
252 -1.0 -1.0 15.0 261.0 22.0
253 -1.0 -1.0 17.0 186.0 95.0
254 -1.0 -1.0 8.0 64.0 90.0
255 -1.0 -1.0 5.0 341.0 54.0
256 -1.0 -1.0 6.0 27.0 51.0
257 -1.0 -1.0 8.0 108.0 21.0
258 -1.0 -1.0 16.0 356.0 73.0
259 -1.0 -1.0 20.0 239.0 84.0
260 -1.0 -1.0 8.0 53.0 47.0
261 -1.0 -1.0 15.0 25.0 65.0
262 -1.0 -1.0 11.0 248.0 72.0
263 -1.0 -1.0 18.0 189.0 62.0
264 -1.0 -1.0 13.0 219.0 44.0
265 -1.0 -1.0 18.0 241.0 97.0
266 -1.0 -1.0 9.0 203.0 87.0
267 -1.0 -1.0 4.0 291.0 27.0
268 -1.0 -1.0 7.0 63.0 21.0
269 -1.0 -1.0 5.0 58.0 32.0
270 -1.0 -1.0 13.0 60.0 33.0
271 -1.0 -1.0 12.0 281.0 18.0
272 -1.0 -1.0 9.0 118.0 32.0
273 -1.0 -1.0 4.0 224.0 90.0
274 -1.0 -1.0 17.0 227.0 44.0
275 -1.0 -1.0 15.0 214.0 63.0
276 -1.0 -1.0 8.0 103.0 58.0
277 -1.0 -1.0 5.0 180.0 66.0
278 -1.0 -1.0 14.0 90.0 28.0
279 -1.0 -1.0 13.0 355.0 19.0
280 -1.0 -1.0 6.0 135.0 82.0
281 -1.0 -1.0 6.0 118.0 57.0
282 -1.0 -1.0 7.0 397.0 88.0
283 -1.0 -1.0 18.0 213.0 70.0
284 -1.0 -1.0 15.0 152.0 57.0
285 -1.0 -1.0 12.0 239.0 36.0
286 -1.0 -1.0 11.0 394.0 38.0
287 -1.0 -1.0 6.0 105.0 17.0
288 -1.0 -1.0 20.0 186.0 94.0
289 -1.0 -1.0 7.0 303.0 72.0
290 -1.0 -1.0 16.0 356.0 39.0
291 -1.0 -1.0 4.0 161.0 18.0
292 -1.0 -1.0 11.0 357.0 38.0
293 -1.0 -1.0 5.0 99.0 18.0
294 -1.0 -1.0 13.0 316.0 26.0
295 -1.0 -1.0 8.0 54.0 79.0
296 -1.0 -1.0 10.0 53.0 59.0
297 -1.0 -1.0 19.0 69.0 32.0
298 -1.0 -1.0 17.0 396.0 86.0
299 -1.0 -1.0 12.0 238.0 51.0
300 -1.0 -1.0 17.0 196.0 19.0
301 -1.0 -1.0 10.0 136.0 52.0
302 -1.0 -1.0 5.0 158.0 87.0
303 -1.0 -1.0 18.0 20.0 52.0
304 -1.0 -1.0 12.0 101.0 17.0
305 -1.0 -1.0 13.0 357.0 30.0
306 -1.0 -1.0 4.0 158.0 17.0
307 -1.0 -1.0 13.0 158.0 58.0
308 -1.0 -1.0 13.0 116.0 78.0
309 -1.0 -1.0 11.0 237.0 48.0
310 -1.0 -1.0 14.0 326.0 86.0
311 -1.0 -1.0 15.0 309.0 75.0
312 -1.0 -1.0 18.0 166.0 75.0
313 -1.0 -1.0 9.0 93.0 90.0
314 -1.0 -1.0 4.0 35.0 85.0
315 -1.0 -1.0 10.0 278.0 97.0
316 -1.0 -1.0 7.0 279.0 52.0
317 -1.0 -1.0 11.0 391.0 88.0
318 -1.0 -1.0 16.0 215.0 37.0
319 -1.0 -1.0 15.0 197.0 68.0
320 -1.0 -1.0 13.0 104.0 26.0
321 -1.0 -1.0 13.0 389.0 84.0
322 -1.0 -1.0 12.0 57.0 22.0
323 -1.0 -1.0 7.0 396.0 100.0
324 -1.0 -1.0 15.0 29.0 54.0
325 -1.0 -1.0 6.0 107.0 51.0
326 -1.0 -1.0 11.0 70.0 23.0
327 -1.0 -1.0 13.0 59.0 89.0
328 -1.0 -1.0 12.0 354.0 42.0
329 -1.0 -1.0 8.0 16.0 76.0
330 -1.0 -1.0 12.0 98.0 98.0
331 -1.0 -1.0 4.0 174.0 22.0
332 -1.0 -1.0 20.0 92.0 59.0
333 -1.0 -1.0 15.0 121.0 74.0
334 -1.0 -1.0 20.0 39.0 51.0
335 -1.0 -1.0 17.0 69.0 92.0
336 -1.0 -1.0 19.0 256.0 24.0
337 -1.0 -1.0 10.0 189.0 27.0
338 -1.0 -1.0 5.0 30.0 37.0
339 -1.0 -1.0 5.0 187.0 47.0
340 -1.0 -1.0 15.0 376.0 98.0
341 -1.0 -1.0 18.0 367.0 91.0
342 -1.0 -1.0 9.0 307.0 57.0
343 -1.0 -1.0 19.0 286.0 62.0
344 -1.0 -1.0 10.0 16.0 47.0
345 -1.0 -1.0 7.0 127.0 42.0
346 -1.0 -1.0 18.0 248.0 99.0
347 -1.0 -1.0 8.0 149.0 29.0
348 -1.0 -1.0 9.0 263.0 18.0
349 -1.0 -1.0 12.0 182.0 73.0
350 -1.0 -1.0 9.0 155.0 62.0
351 -1.0 -1.0 9.0 35.0 100.0
352 -1.0 -1.0 8.0 168.0 50.0
353 -1.0 -1.0 13.0 16.0 33.0
354 -1.0 -1.0 7.0 224.0 46.0
355 -1.0 -1.0 14.0 135.0 72.0
356 -1.0 -1.0 8.0 347.0 64.0
357 -1.0 -1.0 9.0 356.0 50.0
358 -1.0 -1.0 9.0 288.0 45.0
359 -1.0 -1.0 5.0 305.0 18.0
360 -1.0 -1.0 12.0 157.0 45.0
361 -1.0 -1.0 18.0 249.0 31.0
362 -1.0 -1.0 12.0 192.0 16.0
363 -1.0 -1.0 6.0 211.0 61.0
364 -1.0 -1.0 12.0 81.0 65.0
365 -1.0 -1.0 4.0 365.0 42.0
366 -1.0 -1.0 5.0 207.0 16.0
367 -1.0 -1.0 7.0 97.0 75.0
368 -1.0 -1.0 8.0 281.0 82.0
369 -1.0 -1.0 12.0 181.0 24.0
370 -1.0 -1.0 12.0 113.0 47.0
371 -1.0 -1.0 12.0 392.0 19.0
372 -1.0 -1.0 5.0 363.0 66.0
373 -1.0 -1.0 4.0 359.0 41.0
374 -1.0 -1.0 15.0 303.0 64.0
375 -1.0 -1.0 20.0 77.0 40.0
376 -1.0 -1.0 9.0 91.0 19.0
377 -1.0 -1.0 15.0 335.0 50.0
378 -1.0 -1.0 16.0 364.0 48.0
379 -1.0 -1.0 8.0 316.0 40.0
380 -1.0 -1.0 20.0 175.0 34.0
381 -1.0 -1.0 7.0 67.0 96.0
382 -1.0 -1.0 9.0 24.0 33.0
383 -1.0 -1.0 16.0 73.0 75.0
384 -1.0 -1.0 11.0 259.0 23.0
385 -1.0 -1.0 12.0 282.0 91.0
386 -1.0 -1.0 17.0 294.0 98.0
387 -1.0 -1.0 20.0 336.0 36.0
388 -1.0 -1.0 18.0 247.0 39.0
389 -1.0 -1.0 19.0 89.0 75.0
390 -1.0 -1.0 5.0 389.0 60.0
391 -1.0 -1.0 10.0 101.0 19.0
392 -1.0 -1.0 16.0 282.0 48.0
393 -1.0 -1.0 17.0 50.0 84.0
394 -1.0 -1.0 5.0 131.0 73.0
395 -1.0 -1.0 15.0 293.0 34.0
396 -1.0 -1.0 5.0 223.0 90.0
397 -1.0 -1.0 19.0 118.0 50.0
398 -1.0 -1.0 5.0 131.0 46.0
399 -1.0 -1.0 6.0 260.0 64.0
400 -1.0 -1.0 13.0 304.0 41.0
401 -1.0 -1.0 20.0 62.0 33.0
402 -1.0 -1.0 7.0 320.0 90.0
403 -1.0 -1.0 14.0 115.0 34.0
404 -1.0 -1.0 18.0 128.0 18.0
405 -1.0 -1.0 15.0 100.0 77.0
406 -1.0 -1.0 5.0 88.0 88.0
407 -1.0 -1.0 5.0 58.0 64.0
408 -1.0 -1.0 17.0 335.0 29.0
409 -1.0 -1.0 15.0 338.0 69.0
410 -1.0 -1.0 20.0 365.0 86.0
411 -1.0 -1.0 18.0 250.0 71.0
412 -1.0 -1.0 12.0 204.0 80.0
413 -1.0 -1.0 12.0 43.0 81.0
414 -1.0 -1.0 8.0 350.0 50.0
415 -1.0 -1.0 16.0 61.0 30.0
416 -1.0 -1.0 6.0 187.0 66.0
417 -1.0 -1.0 7.0 236.0 32.0
418 -1.0 -1.0 6.0 269.0 36.0
419 -1.0 -1.0 20.0 269.0 96.0
420 -1.0 -1.0 4.0 175.0 62.0
421 -1.0 -1.0 20.0 104.0 69.0
422 -1.0 -1.0 19.0 307.0 38.0
423 -1.0 -1.0 20.0 149.0 24.0
424 -1.0 -1.0 13.0 57.0 31.0
425 -1.0 -1.0 5.0 120.0 76.0
426 -1.0 -1.0 9.0 152.0 62.0
427 -1.0 -1.0 6.0 172.0 66.0
428 -1.0 -1.0 15.0 339.0 99.0
429 -1.0 -1.0 10.0 158.0 65.0
430 -1.0 -1.0 16.0 385.0 90.0
431 -1.0 -1.0 16.0 375.0 65.0
432 -1.0 -1.0 5.0 156.0 22.0
433 -1.0 -1.0 11.0 237.0 62.0
434 -1.0 -1.0 11.0 120.0 65.0
435 -1.0 -1.0 12.0 62.0 85.0
436 -1.0 -1.0 5.0 291.0 69.0
437 -1.0 -1.0 18.0 234.0 93.0
438 -1.0 -1.0 12.0 397.0 89.0
439 -1.0 -1.0 18.0 292.0 77.0
440 -1.0 -1.0 10.0 372.0 30.0
441 -1.0 -1.0 13.0 77.0 67.0
442 -1.0 -1.0 10.0 158.0 58.0
443 -1.0 -1.0 5.0 304.0 61.0
444 -1.0 -1.0 18.0 112.0 22.0
445 -1.0 -1.0 11.0 123.0 15.0
446 -1.0 -1.0 8.0 396.0 15.0
447 -1.0 -1.0 5.0 224.0 62.0
448 -1.0 -1.0 12.0 32.0 22.0
449 -1.0 -1.0 14.0 249.0 88.0
450 -1.0 -1.0 15.0 211.0 76.0
451 -1.0 -1.0 15.0 318.0 62.0
452 -1.0 -1.0 20.0 84.0 89.0
453 -1.0 -1.0 7.0 325.0 62.0
454 -1.0 -1.0 10.0 229.0 33.0
455 -1.0 -1.0 10.0 115.0 48.0
456 -1.0 -1.0 12.0 40.0 19.0
457 -1.0 -1.0 15.0 80.0 71.0
458 -1.0 -1.0 15.0 247.0 70.0
459 -1.0 -1.0 12.0 117.0 16.0
460 -1.0 -1.0 11.0 39.0 48.0
461 -1.0 -1.0 17.0 147.0 82.0
462 -1.0 -1.0 8.0 125.0 80.0
463 -1.0 -1.0 18.0 50.0 57.0
464 -1.0 -1.0 16.0 226.0 38.0
465 -1.0 -1.0 4.0 236.0 58.0
466 -1.0 -1.0 12.0 84.0 42.0
467 -1.0 -1.0 11.0 139.0 59.0
468 -1.0 -1.0 18.0 111.0 45.0
469 -1.0 -1.0 8.0 220.0 61.0
470 -1.0 -1.0 8.0 93.0 87.0
471 -1.0 -1.0 12.0 183.0 46.0
472 -1.0 -1.0 15.0 340.0 93.0
473 -1.0 -1.0 17.0 278.0 34.0
474 -1.0 -1.0 4.0 263.0 29.0
475 -1.0 -1.0 15.0 194.0 47.0
476 -1.0 -1.0 18.0 362.0 18.0
477 -1.0 -1.0 16.0 144.0 30.0
478 -1.0 -1.0 8.0 289.0 87.0
479 -1.0 -1.0 20.0 151.0 84.0
480 -1.0 -1.0 7.0 99.0 45.0
481 -1.0 -1.0 9.0 351.0 54.0
482 -1.0 -1.0 7.0 160.0 98.0
483 -1.0 -1.0 17.0 143.0 32.0
484 -1.0 -1.0 5.0 208.0 72.0
485 -1.0 -1.0 16.0 354.0 53.0
486 -1.0 -1.0 11.0 389.0 46.0
487 -1.0 -1.0 15.0 139.0 79.0
488 -1.0 -1.0 10.0 345.0 65.0
489 -1.0 -1.0 20.0 313.0 38.0
490 -1.0 -1.0 8.0 118.0 99.0
491 -1.0 -1.0 11.0 66.0 98.0
492 -1.0 -1.0 18.0 204.0 71.0
493 -1.0 -1.0 15.0 244.0 68.0
494 -1.0 -1.0 17.0 176.0 34.0
495 -1.0 -1.0 8.0 307.0 48.0
496 -1.0 -1.0 19.0 251.0 22.0
497 -1.0 -1.0 12.0 201.0 99.0
498 -1.0 -1.0 11.0 94.0 30.0
499 -1.0 -1.0 15.0 65.0 16.0
500 -1.0 -1.0 7.0 26.0 65.0
501 -1.0 -1.0 12.0 166.0 71.0
502 -1.0 -1.0 18.0 261.0 28.0
503 -1.0 -1.0 14.0 274.0 56.0
504 -1.0 -1.0 17.0 308.0 58.0
505 -1.0 -1.0 6.0 391.0 44.0
506 -1.0 -1.0 18.0 389.0 58.0
507 -1.0 -1.0 17.0 68.0 47.0
508 -1.0 -1.0 20.0 348.0 30.0
509 -1.0 -1.0 19.0 366.0 96.0
510 -1.0 -1.0 14.0 173.0 83.0
511 -1.0 -1.0 12.0 317.0 53.0
512 -1.0 -1.0 5.0 96.0 48.0
513 -1.0 -1.0 13.0 303.0 33.0
514 -1.0 -1.0 19.0 301.0 93.0
515 -1.0 -1.0 12.0 43.0 40.0
516 -1.0 -1.0 14.0 306.0 90.0
517 -1.0 -1.0 19.0 19.0 97.0
518 -1.0 -1.0 6.0 348.0 53.0
519 -1.0 -1.0 4.0 292.0 87.0
520 -1.0 -1.0 4.0 114.0 66.0
521 -1.0 -1.0 18.0 159.0 52.0
522 -1.0 -1.0 5.0 175.0 92.0
523 -1.0 -1.0 7.0 109.0 100.0
524 -1.0 -1.0 6.0 186.0 69.0
525 -1.0 -1.0 6.0 150.0 36.0
526 -1.0 -1.0 7.0 258.0 86.0
527 -1.0 -1.0 20.0 320.0 43.0
528 -1.0 -1.0 17.0 147.0 33.0
529 -1.0 -1.0 11.0 189.0 51.0
530 -1.0 -1.0 12.0 75.0 86.0
531 -1.0 -1.0 12.0 106.0 32.0
532 -1.0 -1.0 7.0 353.0 31.0
533 -1.0 -1.0 11.0 40.0 87.0
534 -1.0 -1.0 7.0 172.0 39.0
535 -1.0 -1.0 19.0 368.0 95.0
536 -1.0 -1.0 5.0 168.0 32.0
537 -1.0 -1.0 12.0 395.0 26.0
538 -1.0 -1.0 9.0 299.0 98.0
539 -1.0 -1.0 7.0 177.0 45.0
540 -1.0 -1.0 8.0 191.0 33.0
541 -1.0 -1.0 20.0 237.0 98.0
542 -1.0 -1.0 14.0 44.0 70.0
543 -1.0 -1.0 19.0 249.0 45.0
544 -1.0 -1.0 12.0 229.0 77.0
545 -1.0 -1.0 14.0 356.0 61.0
546 -1.0 -1.0 6.0 98.0 20.0
547 -1.0 -1.0 6.0 64.0 40.0
548 -1.0 -1.0 9.0 375.0 74.0
549 -1.0 -1.0 6.0 102.0 95.0
550 -1.0 -1.0 16.0 112.0 43.0
551 -1.0 -1.0 5.0 398.0 16.0
552 -1.0 -1.0 9.0 285.0 58.0
553 -1.0 -1.0 16.0 290.0 65.0
554 -1.0 -1.0 19.0 144.0 19.0
555 -1.0 -1.0 8.0 165.0 20.0
556 -1.0 -1.0 11.0 162.0 44.0
557 -1.0 -1.0 20.0 221.0 89.0
558 -1.0 -1.0 17.0 77.0 18.0
559 -1.0 -1.0 4.0 361.0 47.0
560 -1.0 -1.0 18.0 192.0 31.0
561 -1.0 -1.0 16.0 126.0 97.0
562 -1.0 -1.0 12.0 107.0 53.0
563 -1.0 -1.0 15.0 326.0 70.0
564 -1.0 -1.0 4.0 20.0 92.0
565 -1.0 -1.0 10.0 93.0 76.0
566 -1.0 -1.0 17.0 254.0 40.0
567 -1.0 -1.0 7.0 128.0 26.0
568 -1.0 -1.0 13.0 112.0 82.0
569 -1.0 -1.0 5.0 128.0 96.0
570 -1.0 -1.0 14.0 276.0 42.0
571 -1.0 -1.0 4.0 18.0 95.0
572 -1.0 -1.0 17.0 264.0 76.0
573 -1.0 -1.0 9.0 64.0 36.0
574 -1.0 -1.0 17.0 109.0 33.0
575 -1.0 -1.0 16.0 321.0 53.0
576 -1.0 -1.0 12.0 255.0 89.0
577 -1.0 -1.0 13.0 29.0 36.0
578 -1.0 -1.0 15.0 397.0 65.0
579 -1.0 -1.0 15.0 154.0 41.0
580 -1.0 -1.0 15.0 109.0 30.0
581 -1.0 -1.0 6.0 372.0 36.0
582 -1.0 -1.0 6.0 53.0 37.0
583 -1.0 -1.0 6.0 181.0 30.0
584 -1.0 -1.0 5.0 60.0 85.0
585 -1.0 -1.0 6.0 284.0 77.0
586 -1.0 -1.0 5.0 26.0 78.0
587 -1.0 -1.0 4.0 98.0 79.0
588 -1.0 -1.0 9.0 97.0 64.0
589 -1.0 -1.0 5.0 374.0 60.0
590 -1.0 -1.0 12.0 53.0 47.0
591 -1.0 -1.0 14.0 312.0 89.0
592 -1.0 -1.0 17.0 196.0 74.0
593 -1.0 -1.0 18.0 386.0 15.0
594 -1.0 -1.0 4.0 256.0 70.0
595 -1.0 -1.0 15.0 313.0 99.0
596 -1.0 -1.0 20.0 108.0 17.0
597 -1.0 -1.0 13.0 106.0 63.0
598 -1.0 -1.0 7.0 97.0 46.0
599 -1.0 -1.0 17.0 169.0 23.0
776
0 1 10
1 25 12
1 2 8
2 3 5
3 4 10
4 5 5
5 6 9
6 26 6
6 7 5
8 9 9
9 10 10
10 11 9
11 28 10
11 12 7
12 13 7
13 14 9
14 29 8
14 15 11
15 16 8
16 30 6
17 32 9
17 18 8
18 33 9
19 20 5
20 21 10
21 36 10
21 22 7
22 37 7
23 39 12
23 24 12
24 40 7
25 42 11
26 46 10
27 48 12
28 51 11
29 53 8
30 55 8
30 31 7
31 32 5
32 56 8
32 33 11
33 57 6
33 34 7
34 35 9
35 58 12
36 60 7
36 37 11
37 38 6
38 61 12
38 39 6
39 40 9
40 62 11
41 42 12
42 63 8
42 43 6
43 44 5
44 64 11
45 46 10
46 47 12
47 48 9
48 65 7
48 49 6
49 66 9
50 51 6
52 69 10
52 53 10
53 70 7
53 54 8
54 71 7
54 55 8
56 57 8
57 73 11
59 76 10
59 60 10
60 77 7
62 80 9
64 82 8
65 66 10
66 85 7
66 67 7
67 86 9
68 69 11
69 88 11
69 70 5
70 71 6
71 89 7
72 91 5
73 92 9
73 74 6
75 76 12
76 77 9
77 93 9
77 78 8
78 94 6
79 95 12
79 80 7
80 96 11
81 99 9
81 82 11
82 100 6
83 84 12
84 102 12
85 104 6
85 86 12
86 87 5
87 105 5
88 106 6
89 107 8
89 90 7
90 91 12
91 108 10
93 114 10
93 94 10
94 115 12
95 96 7
96 117 6
97 98 7
98 118 7
98 99 12
99 119 12
99 100 12
100 120 8
100 101 9
101 121 9
102 123 12
103 125 5
103 104 11
107 128 9
108 129 6
108 109 6
109 130 8
110 132 5
110 111 6
111 133 12
111 112 5
112 113 6
113 134 8
113 114 5
114 115 5
115 116 5
116 135 7
118 138 11
118 119 9
119 139 10
119 120 12
120 121 6
121 140 12
121 122 11
122 141 6
122 123 9
123 142 9
123 124 12
124 125 12
126 146 7
126 127 7
128 149 12
129 151 11
129 130 12
130 152 10
130 131 6
131 132 6
132 153 7
132 133 9
135 156 11
135 136 9
136 157 12
137 138 8
138 158 6
138 139 8
139 159 5
140 141 5
141 161 9
141 142 10
143 144 6
144 163 10
144 145 12
145 146 7
146 164 5
147 166 6
147 148 7
148 149 6
149 150 5
150 167 7
150 151 10
151 168 6
151 152 12
154 155 8
155 156 11
156 157 12
158 172 12
158 159 10
159 173 9
159 160 10
160 174 5
161 176 5
162 178 10
164 180 9
164 165 5
165 166 8
166 181 6
167 168 5
169 185 5
169 170 11
170 186 7
171 192 10
171 172 12
172 173 9
173 193 6
173 174 5
174 194 5
174 175 5
175 195 10
175 176 11
176 196 10
176 177 8
177 178 12
179 199 11
179 180 6
180 200 10
181 201 5
182 203 6
183 205 8
183 184 10
184 206 11
184 185 9
185 207 11
185 186 8
186 187 12
187 188 7
188 189 6
189 208 11
189 190 9
190 209 10
190 191 5
191 210 5
193 212 9
193 194 7
194 213 11
194 195 10
195 214 11
195 196 10
196 215 11
197 218 7
197 198 7
198 219 9
198 199 11
199 220 10
199 200 9
201 222 5
201 202 6
202 203 8
203 204 11
204 223 8
205 225 8
205 206 8
206 207 8
208 227 11
208 209 9
209 210 5
210 228 12
211 231 10
211 212 9
212 232 7
212 213 11
213 233 11
213 214 11
214 234 9
214 215 5
216 235 5
216 217 9
217 236 5
217 218 8
218 237 12
218 219 6
219 220 8
221 239 5
221 222 10
222 240 5
223 242 5
223 224 8
224 243 11
226 248 7
228 250 6
228 229 12
229 251 11
230 252 5
230 231 10
231 253 8
231 232 5
232 233 12
233 254 7
233 234 11
234 255 10
235 257 8
235 236 12
236 258 8
236 237 7
237 259 6
238 262 5
238 239 8
239 263 5
239 240 7
241 264 9
241 242 6
242 243 8
243 244 10
245 246 10
246 266 12
246 247 7
247 267 6
247 248 7
248 268 9
248 249 12
250 271 10
250 251 8
251 272 6
252 273 11
252 253 8
253 274 5
254 276 11
254 255 10
255 256 9
257 278 11
257 258 6
258 279 11
258 259 7
259 260 12
260 280 12
260 261 12
261 281 7
261 262 9
262 282 12
262 263 11
263 283 6
264 285 5
265 288 7
266 267 7
267 289 5
267 268 6
268 290 8
269 270 5
270 292 9
270 271 9
271 272 7
272 293 12
273 294 6
273 274 9
274 275 9
275 295 9
275 276 6
276 296 9
277 299 5
277 278 12
278 300 5
278 279 7
279 301 5
280 303 12
280 281 12
281 304 8
281 282 11
282 305 6
282 283 11
283 306 9
284 308 5
284 285 8
285 309 10
285 286 12
287 311 5
287 288 9
289 313 7
289 290 9
290 314 9
290 291 6
291 315 10
292 317 10
294 319 11
295 321 7
295 296 12
296 297 7
297 298 6
298 299 8
299 300 10
300 301 6
301 302 12
302 303 10
303 322 11
303 304 7
304 323 7
304 305 10
305 324 12
305 306 8
306 325 9
306 307 11
307 326 12
307 308 6
308 327 10
308 309 7
309 328 8
310 311 9
311 330 9
312 333 5
312 313 12
313 314 5
314 315 10
315 334 6
315 316 8
316 317 12
317 318 12
318 335 8
319 337 12
319 320 6
320 321 12
322 343 8
322 323 5
323 324 10
324 344 9
324 325 7
325 326 10
326 345 9
326 327 5
327 346 11
327 328 7
328 347 7
328 329 12
330 348 9
330 331 9
331 349 10
331 332 7
332 350 12
332 333 10
333 351 5
334 354 7
335 356 9
335 336 10
336 357 9
337 358 11
338 361 11
339 362 9
339 340 5
340 363 12
340 341 12
341 364 12
341 342 12
342 343 8
345 346 6
346 367 10
346 347 8
347 368 7
348 369 8
348 349 10
349 370 8
349 350 10
350 371 9
350 351 8
351 372 5
351 352 7
352 373 5
352 353 12
353 374 11
353 354 6
354 375 11
355 377 11
355 356 10
356 357 7
357 378 12
359 360 9
360 361 8
361 380 11
362 382 7
362 363 10
363 383 9
363 364 8
364 384 5
365 386 10
366 388 8
367 389 7
367 368 6
369 391 5
369 370 8
370 392 9
370 371 10
371 393 11
371 372 10
372 373 12
373 374 7
374 375 9
375 376 5
376 394 7
376 377 8
377 395 12
379 398 12
380 401 10
380 381 6
381 402 5
381 382 8
382 383 12
383 403 12
383 384 11
385 405 5
385 386 9
386 406 6
386 387 5
387 407 6
387 388 11
389 408 10
390 411 9
390 391 9
391 412 11
391 392 5
392 393 7
394 414 10
394 395 9
395 396 5
396 415 6
397 416 8
397 398 10
398 399 8
399 417 8
399 400 12
400 418 7
400 401 9
401 419 10
401 402 8
403 421 11
404 423 8
404 405 11
405 406 8
406 424 6
406 407 11
407 425 12
408 428 11
408 409 9
409 410 9
410 429 8
410 411 7
411 430 8
411 412 5
413 433 5
415 437 5
417 438 5
417 418 6
418 419 8
419 439 8
420 421 7
421 422 10
422 440 11
422 423 7
423 441 10
424 442 12
424 425 7
425 443 7
425 426 8
426 427 12
427 444 7
427 428 6
428 445 10
429 430 5
431 447 12
431 432 7
432 448 9
433 434 12
434 450 5
434 435 6
436 451 5
436 437 10
437 452 8
438 455 10
439 457 11
440 460 12
440 441 10
441 461 10
442 443 6
444 464 7
444 445 12
445 465 7
446 466 8
446 447 8
447 467 8
447 448 5
448 468 11
448 449 5
450 469 5
451 472 11
451 452 5
452 473 10
452 453 8
454 474 8
454 455 10
455 475 6
455 456 7
456 457 10
458 477 7
458 459 11
459 460 7
460 478 7
460 461 6
461 479 12
461 462 5
462 480 11
463 464 8
464 483 5
464 465 10
466 487 10
466 467 11
467 488 8
467 468 9
469 491 8
469 470 11
470 471 9
471 492 11
471 472 6
472 493 12
472 473 8
474 496 12
474 475 6
475 497 7
476 499 10
476 477 11
478 501 6
478 479 12
479 502 10
479 480 10
480 481 7
481 503 7
481 482 9
484 505 10
484 485 6
485 486 7
486 487 5
487 506 10
487 488 6
488 507 7
489 490 10
490 508 11
490 491 11
491 509 9
492 510 12
492 493 5
493 511 10
494 513 12
495 514 6
495 496 11
496 515 8
496 497 5
497 498 7
498 516 12
500 501 10
501 519 9
501 502 8
502 520 8
503 522 11
504 524 11
504 505 6
505 525 10
506 526 7
506 507 11
507 527 11
508 509 8
509 529 6
510 531 7
510 511 5
511 532 11
511 512 5
512 533 10
512 513 12
513 534 11
514 535 9
514 515 11
515 536 6
516 538 10
516 517 6
518 540 10
519 542 9
519 520 9
520 521 5
521 543 9
521 522 12
522 544 12
523 546 8
524 547 5
524 525 10
525 548 9
526 550 6
526 527 10
527 551 10
527 528 6
528 552 5
529 530 12
530 531 10
531 553 12
531 532 6
532 554 11
532 533 5
533 555 12
533 534 5
534 556 7
535 536 5
536 537 11
537 557 12
537 538 11
539 540 8
540 558 7
540 541 12
541 542 11
542 559 7
543 561 10
543 544 8
544 562 8
544 545 6
545 546 6
546 563 9
547 565 8
547 548 8
548 566 5
548 549 10
549 567 6
550 569 9
550 551 7
551 570 8
551 552 6
552 571 6
553 573 12
553 554 7
554 574 7
554 555 10
555 575 10
555 556 10
556 576 10
557 578 6
559 583 12
559 560 9
560 584 8
560 561 6
561 585 8
561 562 10
562 586 10
563 564 6
564 588 6
564 565 8
565 589 9
565 566 12
566 590 11
566 567 10
567 591 8
567 568 7
568 592 9
568 569 10
569 593 7
569 570 5
570 594 5
570 571 5
572 595 12
573 598 8
573 574 8
574 599 6
574 575 10
575 576 8
577 578 11
578 579 5
579 580 6
580 581 10
582 583 7
583 584 12
584 585 11
585 586 12
586 587 6
588 589 11
589 590 10
590 591 5
591 592 11
592 593 9
593 594 11
595 596 5
596 597 8
597 598 7
598 599 7
10 0.05 0.05 0.05
