600
0 -1.0 -1.0 15.0 117.0 79.0
1 -1.0 -1.0 14.0 78.0 53.0
2 -1.0 -1.0 4.0 274.0 44.0
3 -1.0 -1.0 18.0 46.0 36.0
4 -1.0 -1.0 19.0 85.0 37.0
5 -1.0 -1.0 5.0 196.0 86.0
6 -1.0 -1.0 7.0 24.0 73.0
7 -1.0 -1.0 18.0 114.0 90.0
8 -1.0 -1.0 5.0 178.0 94.0
9 -1.0 -1.0 20.0 347.0 31.0
10 -1.0 -1.0 13.0 322.0 63.0
11 -1.0 -1.0 8.0 212.0 89.0
12 -1.0 -1.0 4.0 340.0 76.0
13 -1.0 -1.0 18.0 255.0 42.0
14 -1.0 -1.0 15.0 383.0 16.0
15 -1.0 -1.0 9.0 373.0 82.0
16 -1.0 -1.0 9.0 48.0 51.0
17 -1.0 -1.0 13.0 392.0 56.0
18 -1.0 -1.0 13.0 342.0 98.0
19 -1.0 -1.0 12.0 342.0 35.0
20 -1.0 -1.0 9.0 322.0 73.0
21 -1.0 -1.0 5.0 339.0 22.0
22 -1.0 -1.0 9.0 171.0 59.0
23 -1.0 -1.0 16.0 397.0 85.0
24 -1.0 -1.0 6.0 93.0 88.0
25 -1.0 -1.0 16.0 196.0 93.0
26 -1.0 -1.0 15.0 59.0 73.0
27 -1.0 -1.0 9.0 38.0 28.0
28 -1.0 -1.0 20.0 133.0 39.0
29 -1.0 -1.0 14.0 391.0 33.0
30 -1.0 -1.0 19.0 186.0 56.0
31 -1.0 -1.0 15.0 46.0 82.0
32 -1.0 -1.0 8.0 42.0 50.0
33 -1.0 -1.0 14.0 113.0 69.0
34 -1.0 -1.0 8.0 126.0 57.0
35 -1.0 -1.0 16.0 144.0 66.0
36 -1.0 -1.0 9.0 397.0 24.0
37 -1.0 -1.0 13.0 17.0 69.0
38 -1.0 -1.0 10.0 73.0 26.0
39 -1.0 -1.0 20.0 17.0 66.0
40 -1.0 -1.0 5.0 19.0 79.0
41 -1.0 -1.0 10.0 147.0 52.0
42 -1.0 -1.0 15.0 377.0 62.0
43 -1.0 -1.0 12.0 348.0 96.0
44 -1.0 -1.0 11.0 367.0 87.0
45 -1.0 -1.0 11.0 41.0 75.0
46 -1.0 -1.0 5.0 348.0 26.0
47 -1.0 -1.0 16.0 145.0 19.0
48 -1.0 -1.0 18.0 358.0 84.0
49 -1.0 -1.0 11.0 134.0 85.0
50 -1.0 -1.0 5.0 50.0 51.0
51 -1.0 -1.0 6.0 250.0 57.0
52 -1.0 -1.0 15.0 387.0 42.0
53 -1.0 -1.0 13.0 147.0 26.0
54 -1.0 -1.0 19.0 393.0 82.0
55 -1.0 -1.0 18.0 392.0 82.0
56 -1.0 -1.0 6.0 230.0 22.0
57 -1.0 -1.0 12.0 60.0 47.0
58 -1.0 -1.0 11.0 267.0 62.0
59 -1.0 -1.0 4.0 354.0 20.0
60 -1.0 -1.0 6.0 248.0 66.0
61 -1.0 -1.0 10.0 79.0 90.0
62 -1.0 -1.0 15.0 19.0 81.0
63 -1.0 -1.0 19.0 255.0 52.0
64 -1.0 -1.0 18.0 226.0 50.0
65 -1.0 -1.0 18.0 219.0 40.0
66 -1.0 -1.0 6.0 110.0 55.0
67 -1.0 -1.0 18.0 166.0 73.0
68 -1.0 -1.0 13.0 32.0 75.0
69 -1.0 -1.0 14.0 223.0 97.0
70 -1.0 -1.0 15.0 228.0 74.0
71 -1.0 -1.0 13.0 185.0 69.0
72 -1.0 -1.0 20.0 66.0 32.0
73 -1.0 -1.0 12.0 60.0 62.0
74 -1.0 -1.0 4.0 382.0 53.0
75 -1.0 -1.0 10.0 101.0 29.0
76 -1.0 -1.0 5.0 222.0 48.0
77 -1.0 -1.0 15.0 249.0 25.0
78 -1.0 -1.0 6.0 60.0 68.0
79 -1.0 -1.0 4.0 93.0 70.0
80 -1.0 -1.0 14.0 261.0 88.0
81 -1.0 -1.0 12.0 32.0 32.0
82 -1.0 -1.0 14.0 370.0 67.0
83 -1.0 -1.0 10.0 211.0 44.0
84 -1.0 -1.0 19.0 242.0 40.0
85 -1.0 -1.0 16.0 101.0 96.0
86 -1.0 -1.0 14.0 164.0 66.0
87 -1.0 -1.0 17.0 289.0 18.0
88 -1.0 -1.0 8.0 320.0 70.0
89 -1.0 -1.0 16.0 145.0 98.0
90 -1.0 -1.0 6.0 353.0 91.0
91 -1.0 -1.0 9.0 133.0 55.0
92 -1.0 -1.0 20.0 267.0 17.0
93 -1.0 -1.0 19.0 143.0 47.0
94 -1.0 -1.0 4.0 309.0 89.0
95 -1.0 -1.0 14.0 211.0 43.0
96 -1.0 -1.0 10.0 79.0 50.0
97 -1.0 -1.0 15.0 239.0 29.0
98 -1.0 -1.0 6.0 172.0 47.0
99 -1.0 -1.0 8.0 386.0 57.0
100 -1.0 -1.0 9.0 384.0 42.0
101 -1.0 -1.0 10.0 193.0 75.0
102 -1.0 -1.0 8.0 301.0 37.0
103 -1.0 -1.0 7.0 108.0 47.0
104 -1.0 -1.0 9.0 252.0 30.0
105 -1.0 -1.0 14.0 42.0 18.0
106 -1.0 -1.0 4.0 49.0 46.0
107 -1.0 -1.0 10.0 241.0 17.0
108 -1.0 -1.0 18.0 125.0 22.0
109 -1.0 -1.0 6.0 368.0 63.0
110 -1.0 -1.0 6.0 178.0 97.0
111 -1.0 -1.0 16.0 90.0 62.0
112 -1.0 -1.0 16.0 204.0 33.0
113 -1.0 -1.0 14.0 371.0 49.0
114 -1.0 -1.0 17.0 232.0 87.0
115 -1.0 -1.0 7.0 43.0 83.0
116 -1.0 -1.0 16.0 391.0 19.0
117 -1.0 -1.0 10.0 82.0 74.0
118 -1.0 -1.0 10.0 20.0 42.0
119 -1.0 -1.0 18.0 287.0 34.0
120 -1.0 -1.0 6.0 209.0 54.0
121 -1.0 -1.0 9.0 376.0 34.0
122 -1.0 -1.0 15.0 198.0 44.0
123 -1.0 -1.0 14.0 233.0 58.0
124 -1.0 -1.0 17.0 221.0 60.0
125 -1.0 -1.0 16.0 197.0 62.0
126 -1.0 -1.0 9.0 55.0 64.0
127 -1.0 -1.0 18.0 289.0 64.0
128 -1.0 -1.0 7.0 339.0 32.0
129 -1.0 -1.0 13.0 49.0 30.0
130 -1.0 -1.0 6.0 362.0 48.0
131 -1.0 -1.0 4.0 364.0 68.0
132 -1.0 -1.0 4.0 379.0 95.0
133 -1.0 -1.0 7.0 19.0 91.0
134 -1.0 -1.0 16.0 282.0 37.0
135 -1.0 -1.0 4.0 76.0 32.0
136 -1.0 -1.0 11.0 329.0 52.0
137 -1.0 -1.0 11.0 223.0 51.0
138 -1.0 -1.0 10.0 61.0 36.0
139 -1.0 -1.0 9.0 276.0 21.0
140 -1.0 -1.0 12.0 339.0 25.0
141 -1.0 -1.0 14.0 313.0 58.0
142 -1.0 -1.0 4.0 170.0 64.0
143 -1.0 -1.0 17.0 381.0 96.0
144 -1.0 -1.0 10.0 292.0 64.0
145 -1.0 -1.0 14.0 216.0 19.0
146 -1.0 -1.0 19.0 244.0 18.0
147 -1.0 -1.0 16.0 388.0 49.0
148 -1.0 -1.0 17.0 231.0 97.0
149 -1.0 -1.0 9.0 386.0 95.0
150 -1.0 -1.0 6.0 165.0 27.0
151 -1.0 -1.0 4.0 208.0 32.0
152 -1.0 -1.0 10.0 57.0 91.0
153 -1.0 -1.0 15.0 277.0 72.0
154 -1.0 -1.0 14.0 299.0 63.0
155 -1.0 -1.0 7.0 370.0 79.0
156 -1.0 -1.0 11.0 96.0 27.0
157 -1.0 -1.0 18.0 347.0 55.0
158 -1.0 -1.0 14.0 348.0 46.0
159 -1.0 -1.0 4.0 390.0 77.0
160 -1.0 -1.0 19.0 347.0 54.0
161 -1.0 -1.0 7.0 222.0 24.0
162 -1.0 -1.0 14.0 181.0 45.0
163 -1.0 -1.0 12.0 219.0 81.0
164 -1.0 -1.0 17.0 84.0 51.0
165 -1.0 -1.0 8.0 220.0 84.0
166 -1.0 -1.0 9.0 229.0 81.0
167 -1.0 -1.0 18.0 254.0 86.0
168 -1.0 -1.0 14.0 258.0 56.0
169 -1.0 -1.0 16.0 106.0 90.0
170 -1.0 -1.0 8.0 234.0 75.0
171 -1.0 -1.0 13.0 194.0 66.0
172 -1.0 -1.0 17.0 131.0 95.0
173 -1.0 -1.0 11.0 350.0 26.0
174 -1.0 -1.0 5.0 214.0 66.0
175 -1.0 -1.0 18.0 68.0 50.0
176 -1.0 -1.0 5.0 38.0 75.0
177 -1.0 -1.0 18.0 211.0 94.0
178 -1.0 -1.0 17.0 69.0 83.0
179 -1.0 -1.0 20.0 150.0 65.0
180 -1.0 -1.0 10.0 146.0 33.0
181 -1.0 -1.0 13.0 216.0 90.0
182 -1.0 -1.0 16.0 37.0 58.0
183 -1.0 -1.0 16.0 211.0 39.0
184 -1.0 -1.0 4.0 207.0 92.0
185 -1.0 -1.0 11.0 151.0 19.0
186 -1.0 -1.0 10.0 359.0 83.0
187 -1.0 -1.0 20.0 157.0 77.0
188 -1.0 -1.0 5.0 90.0 91.0
189 -1.0 -1.0 9.0 17.0 98.0
190 -1.0 -1.0 18.0 153.0 90.0
191 -1.0 -1.0 18.0 170.0 21.0
192 -1.0 -1.0 14.0 46.0 86.0
193 -1.0 -1.0 20.0 190.0 60.0
194 -1.0 -1.0 14.0 320.0 58.0
195 -1.0 -1.0 5.0 139.0 66.0
196 -1.0 -1.0 17.0 35.0 67.0
197 -1.0 -1.0 15.0 348.0 29.0
198 -1.0 -1.0 4.0 201.0 29.0
199 -1.0 -1.0 10.0 220.0 51.0
200 -1.0 -1.0 15.0 320.0 92.0
201 -1.0 -1.0 9.0 80.0 19.0
202 -1.0 -1.0 16.0 196.0 98.0
203 -1.0 -1.0 12.0 322.0 40.0
204 -1.0 -1.0 4.0 373.0 27.0
205 -1.0 -1.0 12.0 80.0 95.0
206 -1.0 -1.0 20.0 148.0 98.0
207 -1.0 -1.0 20.0 102.0 98.0
208 -1.0 -1.0 13.0 254.0 46.0
209 -1.0 -1.0 6.0 72.0 79.0
210 -1.0 -1.0 18.0 180.0 87.0
211 -1.0 -1.0 17.0 365.0 16.0
212 -1.0 -1.0 10.0 246.0 24.0
213 -1.0 -1.0 18.0 120.0 76.0
214 -1.0 -1.0 20.0 266.0 37.0
215 -1.0 -1.0 16.0 68.0 86.0
216 -1.0 -1.0 7.0 84.0 42.0
217 -1.0 -1.0 10.0 126.0 51.0
218 -1.0 -1.0 12.0 296.0 80.0
219 -1.0 -1.0 9.0 216.0 22.0
220 -1.0 -1.0 8.0 71.0 87.0
221 -1.0 -1.0 19.0 384.0 52.0
222 -1.0 -1.0 18.0 209.0 69.0
223 -1.0 -1.0 19.0 324.0 84.0
224 -1.0 -1.0 8.0 233.0 61.0
225 -1.0 -1.0 15.0 272.0 64.0
226 -1.0 -1.0 20.0 39.0 16.0
227 -1.0 -1.0 12.0 285.0 27.0
228 -1.0 -1.0 4.0 300.0 56.0
229 -1.0 -1.0 13.0 343.0 72.0
230 -1.0 -1.0 19.0 208.0 34.0
231 -1.0 -1.0 7.0 114.0 77.0
232 -1.0 -1.0 5.0 399.0 91.0
233 -1.0 -1.0 10.0 54.0 87.0
234 -1.0 -1.0 12.0 367.0 68.0
235 -1.0 -1.0 6.0 239.0 29.0
236 -1.0 -1.0 12.0 116.0 79.0
237 -1.0 -1.0 19.0 188.0 45.0
238 -1.0 -1.0 18.0 218.0 40.0
239 -1.0 -1.0 18.0 165.0 92.0
240 -1.0 -1.0 15.0 329.0 69.0
241 -1.0 -1.0 4.0 257.0 47.0
242 -1.0 -1.0 17.0 248.0 49.0
243 -1.0 -1.0 4.0 397.0 37.0
244 -1.0 -1.0 13.0 109.0 47.0
245 -1.0 -1.0 12.0 295.0 72.0
246 -1.0 -1.0 13.0 324.0 52.0
247 -1.0 -1.0 20.0 339.0 34.0
248 -1.0 -1.0 19.0 310.0 23.0
249 -1.0 -1.0 14.0 162.0 16.0
250 -1.0 -1.0 7.0 399.0 100.0
251 -1.0 -1.0 4.0 61.0 40.0
252 -1.0 -1.0 5.0 203.0 41.0
253 -1.0 -1.0 8.0 185.0 39.0
254 -1.0 -1.0 4.0 133.0 51.0
255 -1.0 -1.0 8.0 280.0 44.0
256 -1.0 -1.0 11.0 194.0 22.0
257 -1.0 -1.0 11.0 150.0 69.0
258 -1.0 -1.0 10.0 316.0 19.0
259 -1.0 -1.0 17.0 229.0 27.0
260 -1.0 -1.0 9.0 51.0 52.0
261 -1.0 -1.0 8.0 213.0 72.0
262 -1.0 -1.0 17.0 275.0 15.0
263 -1.0 -1.0 18.0 373.0 27.0
264 -1.0 -1.0 6.0 217.0 45.0
265 -1.0 -1.0 12.0 325.0 25.0
266 -1.0 -1.0 15.0 327.0 55.0
267 -1.0 -1.0 9.0 365.0 47.0
268 -1.0 -1.0 17.0 320.0 48.0
269 -1.0 -1.0 12.0 384.0 95.0
270 -1.0 -1.0 18.0 335.0 75.0
271 -1.0 -1.0 19.0 343.0 57.0
272 -1.0 -1.0 15.0 186.0 43.0
273 -1.0 -1.0 5.0 74.0 98.0
274 -1.0 -1.0 15.0 262.0 23.0
275 -1.0 -1.0 17.0 172.0 53.0
276 -1.0 -1.0 17.0 323.0 100.0
277 -1.0 -1.0 9.0 131.0 58.0
278 -1.0 -1.0 16.0 243.0 18.0
279 -1.0 -1.0 4.0 186.0 39.0
280 -1.0 -1.0 20.0 384.0 74.0
281 -1.0 -1.0 5.0 364.0 21.0
282 -1.0 -1.0 17.0 331.0 29.0
283 -1.0 -1.0 5.0 250.0 75.0
284 -1.0 -1.0 4.0 249.0 67.0
285 -1.0 -1.0 5.0 145.0 79.0
286 -1.0 -1.0 15.0 132.0 66.0
287 -1.0 -1.0 15.0 231.0 29.0
288 -1.0 -1.0 5.0 361.0 98.0
289 -1.0 -1.0 4.0 144.0 90.0
290 -1.0 -1.0 18.0 399.0 26.0
291 -1.0 -1.0 11.0 240.0 38.0
292 -1.0 -1.0 11.0 106.0 17.0
293 -1.0 -1.0 14.0 190.0 43.0
294 -1.0 -1.0 14.0 338.0 69.0
295 -1.0 -1.0 16.0 303.0 83.0
296 -1.0 -1.0 10.0 35.0 82.0
297 -1.0 -1.0 19.0 301.0 39.0
298 -1.0 -1.0 10.0 87.0 89.0
299 -1.0 -1.0 18.0 188.0 18.0
300 -1.0 -1.0 17.0 173.0 45.0
301 -1.0 -1.0 19.0 21.0 24.0
302 -1.0 -1.0 10.0 78.0 63.0
303 -1.0 -1.0 18.0 172.0 30.0
304 -1.0 -1.0 7.0 145.0 68.0
305 -1.0 -1.0 12.0 294.0 23.0
306 -1.0 -1.0 9.0 330.0 50.0
307 -1.0 -1.0 18.0 174.0 21.0
308 -1.0 -1.0 12.0 308.0 39.0
309 -1.0 -1.0 16.0 302.0 78.0
310 -1.0 -1.0 13.0 289.0 17.0
311 -1.0 -1.0 9.0 387.0 31.0
312 -1.0 -1.0 14.0 198.0 47.0
313 -1.0 -1.0 13.0 347.0 33.0
314 -1.0 -1.0 8.0 365.0 23.0
315 -1.0 -1.0 6.0 121.0 52.0
316 -1.0 -1.0 15.0 298.0 85.0
317 -1.0 -1.0 7.0 385.0 79.0
318 -1.0 -1.0 6.0 32.0 44.0
319 -1.0 -1.0 18.0 216.0 34.0
320 -1.0 -1.0 16.0 328.0 33.0
321 -1.0 -1.0 6.0 62.0 52.0
322 -1.0 -1.0 17.0 46.0 91.0
323 -1.0 -1.0 17.0 91.0 68.0
324 -1.0 -1.0 20.0 22.0 19.0
325 -1.0 -1.0 13.0 241.0 37.0
326 -1.0 -1.0 4.0 240.0 81.0
327 -1.0 -1.0 14.0 296.0 21.0
328 -1.0 -1.0 16.0 337.0 56.0
329 -1.0 -1.0 7.0 169.0 79.0
330 -1.0 -1.0 4.0 15.0 59.0
331 -1.0 -1.0 17.0 101.0 75.0
332 -1.0 -1.0 4.0 394.0 55.0
333 -1.0 -1.0 11.0 144.0 23.0
334 -1.0 -1.0 9.0 156.0 71.0
335 -1.0 -1.0 14.0 161.0 77.0
336 -1.0 -1.0 20.0 177.0 56.0
337 -1.0 -1.0 4.0 149.0 19.0
338 -1.0 -1.0 14.0 357.0 21.0
339 -1.0 -1.0 17.0 18.0 37.0
340 -1.0 -1.0 20.0 334.0 67.0
341 -1.0 -1.0 5.0 303.0 93.0
342 -1.0 -1.0 17.0 233.0 51.0
343 -1.0 -1.0 13.0 161.0 18.0
344 -1.0 -1.0 16.0 296.0 100.0
345 -1.0 -1.0 19.0 289.0 62.0
346 -1.0 -1.0 19.0 73.0 39.0
347 -1.0 -1.0 14.0 38.0 34.0
348 -1.0 -1.0 14.0 60.0 30.0
349 -1.0 -1.0 6.0 297.0 91.0
350 -1.0 -1.0 15.0 271.0 69.0
351 -1.0 -1.0 17.0 288.0 43.0
352 -1.0 -1.0 12.0 347.0 24.0
353 -1.0 -1.0 7.0 285.0 46.0
354 -1.0 -1.0 9.0 288.0 17.0
355 -1.0 -1.0 15.0 263.0 20.0
356 -1.0 -1.0 17.0 151.0 99.0
357 -1.0 -1.0 14.0 250.0 38.0
358 -1.0 -1.0 12.0 187.0 75.0
359 -1.0 -1.0 13.0 384.0 85.0
360 -1.0 -1.0 12.0 317.0 83.0
361 -1.0 -1.0 7.0 265.0 70.0
362 -1.0 -1.0 14.0 293.0 82.0
363 -1.0 -1.0 5.0 365.0 24.0
364 -1.0 -1.0 18.0 49.0 21.0
365 -1.0 -1.0 4.0 328.0 33.0
366 -1.0 -1.0 19.0 169.0 27.0
367 -1.0 -1.0 16.0 136.0 32.0
368 -1.0 -1.0 5.0 110.0 96.0
369 -1.0 -1.0 15.0 187.0 25.0
370 -1.0 -1.0 5.0 292.0 22.0
371 -1.0 -1.0 6.0 80.0 15.0
372 -1.0 -1.0 17.0 366.0 45.0
373 -1.0 -1.0 17.0 149.0 26.0
374 -1.0 -1.0 20.0 142.0 36.0
375 -1.0 -1.0 6.0 65.0 47.0
376 -1.0 -1.0 8.0 357.0 66.0
377 -1.0 -1.0 8.0 295.0 28.0
378 -1.0 -1.0 7.0 389.0 59.0
379 -1.0 -1.0 14.0 259.0 51.0
380 -1.0 -1.0 6.0 109.0 89.0
381 -1.0 -1.0 4.0 173.0 35.0
382 -1.0 -1.0 20.0 130.0 31.0
383 -1.0 -1.0 19.0 178.0 80.0
384 -1.0 -1.0 20.0 271.0 96.0
385 -1.0 -1.0 6.0 316.0 18.0
386 -1.0 -1.0 8.0 298.0 69.0
387 -1.0 -1.0 11.0 352.0 23.0
388 -1.0 -1.0 18.0 385.0 21.0
389 -1.0 -1.0 4.0 362.0 84.0
390 -1.0 -1.0 5.0 73.0 60.0
391 -1.0 -1.0 6.0 15.0 28.0
392 -1.0 -1.0 19.0 353.0 92.0
393 -1.0 -1.0 17.0 239.0 23.0
394 -1.0 -1.0 19.0 96.0 68.0
395 -1.0 -1.0 14.0 65.0 64.0
396 -1.0 -1.0 19.0 367.0 49.0
397 -1.0 -1.0 14.0 375.0 21.0
398 -1.0 -1.0 13.0 91.0 78.0
399 -1.0 -1.0 16.0 231.0 79.0
400 -1.0 -1.0 16.0 325.0 32.0
401 -1.0 -1.0 4.0 253.0 26.0
402 -1.0 -1.0 19.0 347.0 96.0
403 -1.0 -1.0 10.0 138.0 50.0
404 -1.0 -1.0 20.0 299.0 87.0
405 -1.0 -1.0 17.0 233.0 80.0
406 -1.0 -1.0 15.0 310.0 93.0
407 -1.0 -1.0 4.0 65.0 88.0
408 -1.0 -1.0 12.0 213.0 58.0
409 -1.0 -1.0 16.0 296.0 82.0
410 -1.0 -1.0 4.0 165.0 29.0
411 -1.0 -1.0 7.0 179.0 69.0
412 -1.0 -1.0 5.0 316.0 40.0
413 -1.0 -1.0 9.0 291.0 85.0
414 -1.0 -1.0 9.0 256.0 54.0
415 -1.0 -1.0 7.0 334.0 59.0
416 -1.0 -1.0 18.0 295.0 39.0
417 -1.0 -1.0 4.0 211.0 94.0
418 -1.0 -1.0 20.0 136.0 64.0
419 -1.0 -1.0 4.0 343.0 24.0
420 -1.0 -1.0 11.0 379.0 27.0
421 -1.0 -1.0 10.0 340.0 80.0
422 -1.0 -1.0 10.0 196.0 32.0
423 -1.0 -1.0 8.0 157.0 17.0
424 -1.0 -1.0 4.0 290.0 29.0
425 -1.0 -1.0 10.0 48.0 76.0
426 -1.0 -1.0 19.0 201.0 78.0
427 -1.0 -1.0 7.0 334.0 16.0
428 -1.0 -1.0 9.0 70.0 93.0
429 -1.0 -1.0 17.0 381.0 88.0
430 -1.0 -1.0 18.0 309.0 50.0
431 -1.0 -1.0 20.0 292.0 74.0
432 -1.0 -1.0 17.0 250.0 29.0
433 -1.0 -1.0 16.0 373.0 27.0
434 -1.0 -1.0 12.0 153.0 90.0
435 -1.0 -1.0 13.0 76.0 75.0
436 -1.0 -1.0 8.0 330.0 98.0
437 -1.0 -1.0 10.0 119.0 19.0
438 -1.0 -1.0 16.0 294.0 54.0
439 -1.0 -1.0 14.0 18.0 85.0
440 -1.0 -1.0 15.0 122.0 78.0
441 -1.0 -1.0 5.0 329.0 27.0
442 -1.0 -1.0 12.0 298.0 35.0
443 -1.0 -1.0 5.0 108.0 29.0
444 -1.0 -1.0 6.0 16.0 58.0
445 -1.0 -1.0 9.0 102.0 48.0
446 -1.0 -1.0 20.0 41.0 29.0
447 -1.0 -1.0 20.0 213.0 44.0
448 -1.0 -1.0 13.0 364.0 30.0
449 -1.0 -1.0 18.0 25.0 35.0
450 -1.0 -1.0 6.0 378.0 93.0
451 -1.0 -1.0 4.0 349.0 78.0
452 -1.0 -1.0 15.0 216.0 87.0
453 -1.0 -1.0 10.0 78.0 27.0
454 -1.0 -1.0 12.0 354.0 39.0
455 -1.0 -1.0 14.0 339.0 51.0
456 -1.0 -1.0 6.0 99.0 59.0
457 -1.0 -1.0 11.0 325.0 25.0
458 -1.0 -1.0 19.0 343.0 66.0
459 -1.0 -1.0 4.0 15.0 26.0
460 -1.0 -1.0 12.0 228.0 39.0
461 -1.0 -1.0 15.0 28.0 23.0
462 -1.0 -1.0 7.0 206.0 42.0
463 -1.0 -1.0 4.0 21.0 16.0
464 -1.0 -1.0 19.0 363.0 96.0
465 -1.0 -1.0 14.0 173.0 79.0
466 -1.0 -1.0 7.0 176.0 30.0
467 -1.0 -1.0 20.0 119.0 20.0
468 -1.0 -1.0 20.0 130.0 49.0
469 -1.0 -1.0 15.0 119.0 98.0
470 -1.0 -1.0 4.0 147.0 65.0
471 -1.0 -1.0 17.0 30.0 67.0
472 -1.0 -1.0 14.0 319.0 27.0
473 -1.0 -1.0 17.0 185.0 68.0
474 -1.0 -1.0 20.0 162.0 94.0
475 -1.0 -1.0 13.0 379.0 36.0
476 -1.0 -1.0 8.0 293.0 58.0
477 -1.0 -1.0 6.0 168.0 15.0
478 -1.0 -1.0 8.0 106.0 53.0
479 -1.0 -1.0 13.0 27.0 62.0
480 -1.0 -1.0 6.0 400.0 55.0
481 -1.0 -1.0 12.0 107.0 37.0
482 -1.0 -1.0 14.0 227.0 32.0
483 -1.0 -1.0 20.0 259.0 71.0
484 -1.0 -1.0 9.0 326.0 31.0
485 -1.0 -1.0 13.0 222.0 69.0
486 -1.0 -1.0 12.0 45.0 81.0
487 -1.0 -1.0 16.0 94.0 34.0
488 -1.0 -1.0 7.0 73.0 23.0
489 -1.0 -1.0 6.0 354.0 16.0
490 -1.0 -1.0 8.0 272.0 32.0
491 -1.0 -1.0 14.0 382.0 81.0
492 -1.0 -1.0 17.0 307.0 40.0
493 -1.0 -1.0 17.0 394.0 73.0
494 -1.0 -1.0 7.0 139.0 88.0
495 -1.0 -1.0 11.0 297.0 35.0
496 -1.0 -1.0 9.0 186.0 26.0
497 -1.0 -1.0 5.0 256.0 86.0
498 -1.0 -1.0 18.0 319.0 56.0
499 -1.0 -1.0 12.0 162.0 51.0
500 -1.0 -1.0 10.0 38.0 76.0
501 -1.0 -1.0 20.0 371.0 15.0
502 -1.0 -1.0 6.0 359.0 86.0
503 -1.0 -1.0 13.0 160.0 48.0
504 -1.0 -1.0 16.0 132.0 33.0
505 -1.0 -1.0 18.0 81.0 64.0
506 -1.0 -1.0 15.0 17.0 74.0
507 -1.0 -1.0 20.0 378.0 72.0
508 -1.0 -1.0 7.0 323.0 58.0
509 -1.0 -1.0 13.0 299.0 56.0
510 -1.0 -1.0 14.0 307.0 87.0
511 -1.0 -1.0 18.0 326.0 43.0
512 -1.0 -1.0 19.0 377.0 81.0
513 -1.0 -1.0 12.0 333.0 98.0
514 -1.0 -1.0 18.0 145.0 81.0
515 -1.0 -1.0 20.0 285.0 43.0
516 -1.0 -1.0 7.0 387.0 96.0
517 -1.0 -1.0 13.0 98.0 90.0
518 -1.0 -1.0 6.0 246.0 31.0
519 -1.0 -1.0 14.0 335.0 60.0
520 -1.0 -1.0 19.0 228.0 41.0
521 -1.0 -1.0 9.0 125.0 89.0
522 -1.0 -1.0 10.0 254.0 21.0
523 -1.0 -1.0 5.0 197.0 98.0
524 -1.0 -1.0 10.0 193.0 64.0
525 -1.0 -1.0 4.0 230.0 83.0
526 -1.0 -1.0 17.0 21.0 68.0
527 -1.0 -1.0 15.0 273.0 80.0
528 -1.0 -1.0 19.0 234.0 47.0
529 -1.0 -1.0 5.0 56.0 67.0
530 -1.0 -1.0 16.0 334.0 37.0
531 -1.0 -1.0 7.0 279.0 21.0
532 -1.0 -1.0 9.0 181.0 92.0
533 -1.0 -1.0 9.0 251.0 69.0
534 -1.0 -1.0 8.0 231.0 44.0
535 -1.0 -1.0 9.0 392.0 100.0
536 -1.0 -1.0 10.0 390.0 68.0
537 -1.0 -1.0 6.0 52.0 98.0
538 -1.0 -1.0 8.0 295.0 58.0
539 -1.0 -1.0 8.0 91.0 94.0
540 -1.0 -1.0 9.0 139.0 18.0
541 -1.0 -1.0 20.0 319.0 18.0
542 -1.0 -1.0 19.0 332.0 18.0
543 -1.0 -1.0 12.0 49.0 15.0
544 -1.0 -1.0 10.0 340.0 72.0
545 -1.0 -1.0 19.0 81.0 89.0
546 -1.0 -1.0 6.0 289.0 42.0
547 -1.0 -1.0 5.0 168.0 88.0
548 -1.0 -1.0 17.0 310.0 46.0
549 -1.0 -1.0 19.0 355.0 42.0
550 -1.0 -1.0 20.0 97.0 37.0
551 -1.0 -1.0 14.0 328.0 26.0
552 -1.0 -1.0 15.0 171.0 15.0
553 -1.0 -1.0 5.0 61.0 36.0
554 -1.0 -1.0 13.0 135.0 48.0
555 -1.0 -1.0 11.0 116.0 82.0
556 -1.0 -1.0 13.0 138.0 56.0
557 -1.0 -1.0 17.0 301.0 30.0
558 -1.0 -1.0 12.0 81.0 28.0
559 -1.0 -1.0 13.0 46.0 54.0
560 -1.0 -1.0 5.0 128.0 19.0
561 -1.0 -1.0 6.0 41.0 75.0
562 -1.0 -1.0 8.0 22.0 50.0
563 -1.0 -1.0 20.0 236.0 31.0
564 -1.0 -1.0 6.0 345.0 30.0
565 -1.0 -1.0 10.0 348.0 25.0
566 -1.0 -1.0 14.0 185.0 74.0
567 -1.0 -1.0 10.0 209.0 100.0
568 -1.0 -1.0 5.0 95.0 96.0
569 -1.0 -1.0 5.0 148.0 36.0
570 -1.0 -1.0 7.0 153.0 65.0
571 -1.0 -1.0 12.0 127.0 74.0
572 -1.0 -1.0 7.0 212.0 45.0
573 -1.0 -1.0 12.0 47.0 42.0
574 -1.0 -1.0 15.0 210.0 35.0
575 -1.0 -1.0 20.0 396.0 60.0
576 -1.0 -1.0 11.0 151.0 75.0
577 -1.0 -1.0 20.0 380.0 46.0
578 -1.0 -1.0 11.0 217.0 78.0
579 -1.0 -1.0 15.0 346.0 78.0
580 -1.0 -1.0 10.0 171.0 23.0
581 -1.0 -1.0 10.0 184.0 86.0
582 -1.0 -1.0 7.0 303.0 51.0
583 -1.0 -1.0 8.0 97.0 77.0
584 -1.0 -1.0 7.0 264.0 44.0
585 -1.0 -1.0 7.0 334.0 64.0
586 -1.0 -1.0 20.0 193.0 15.0
587 -1.0 -1.0 17.0 362.0 31.0
588 -1.0 -1.0 12.0 273.0 31.0
589 -1.0 -1.0 4.0 205.0 29.0
590 -1.0 -1.0 4.0 116.0 34.0
591 -1.0 -1.0 7.0 389.0 28.0
592 -1.0 -1.0 14.0 351.0 93.0
593 -1.0 -1.0 13.0 55.0 78.0
594 -1.0 -1.0 18.0 356.0 21.0
595 -1.0 -1.0 9.0 85.0 53.0
596 -1.0 -1.0 13.0 31.0 44.0
597 -1.0 -1.0 4.0 302.0 89.0
598 -1.0 -1.0 8.0 324.0 27.0
599 -1.0 -1.0 15.0 129.0 80.0
780
0 16 11
0 1 8
2 17 12
3 20 11
3 4 5
4 5 6
5 21 7
6 23 12
7 26 8
7 8 5
8 27 6
9 10 12
10 28 8
11 30 8
12 13 7
13 32 5
13 14 6
14 33 12
15 35 10
16 36 9
17 39 6
18 41 9
18 19 8
19 42 7
19 20 9
20 43 11
21 22 10
22 23 10
23 44 6
23 24 5
24 45 9
24 25 12
25 46 8
25 26 12
26 47 10
26 27 9
27 48 6
28 50 5
28 29 6
29 51 6
29 30 10
30 52 5
30 31 5
31 53 11
32 55 6
32 33 9
33 34 11
34 56 9
35 59 10
36 37 11
37 61 7
37 38 8
38 62 9
38 39 10
39 63 7
39 40 8
40 64 9
40 41 9
41 42 11
42 65 8
42 43 7
43 66 9
44 45 6
45 69 5
45 46 9
46 70 10
46 47 12
47 71 12
47 48 11
48 72 9
49 73 12
49 50 10
50 51 12
51 74 11
51 52 9
52 75 11
52 53 10
53 76 9
53 54 9
54 55 6
55 77 10
56 79 12
56 57 8
57 58 7
58 59 6
59 60 9
61 62 7
62 63 10
63 81 7
63 64 10
65 83 10
65 66 9
66 67 11
67 84 10
68 85 8
69 87 5
69 70 11
70 88 6
70 71 8
71 72 11
72 89 8
73 90 5
74 92 8
74 75 7
75 93 10
75 76 5
76 94 12
77 96 10
77 78 9
78 97 7
78 79 6
79 98 7
80 102 7
81 105 9
82 106 11
82 83 5
83 107 10
85 109 8
85 86 6
86 110 8
86 87 8
87 111 5
87 88 10
89 113 9
90 91 8
91 115 8
91 92 8
92 116 11
92 93 6
93 117 7
93 94 6
94 118 11
94 95 9
95 96 9
96 97 8
97 119 8
97 98 9
98 99 11
99 120 10
99 100 9
100 101 9
101 121 11
102 103 9
103 104 10
104 105 11
105 122 7
106 107 5
107 124 10
108 109 11
109 126 5
109 110 11
110 111 8
111 127 10
112 129 7
112 113 6
113 130 12
113 114 8
114 131 12
115 116 9
116 133 11
116 117 10
117 134 9
117 118 8
118 135 5
119 136 9
121 139 6
122 142 9
122 123 11
124 144 11
125 145 5
126 147 8
127 149 7
127 128 5
128 150 11
128 129 6
129 151 11
129 130 6
130 152 12
130 131 8
131 132 12
132 153 8
133 134 12
134 155 8
134 135 6
136 156 9
136 137 11
138 157 12
138 139 7
139 158 11
140 141 12
141 160 8
141 142 5
143 161 9
143 144 12
144 162 9
145 146 5
146 147 5
147 164 6
147 148 11
148 165 11
148 149 11
149 166 6
149 150 7
150 151 10
151 167 8
151 152 12
152 168 5
153 169 9
153 154 7
154 170 7
155 172 11
156 176 7
157 179 6
157 158 6
158 180 8
158 159 9
159 181 12
161 185 5
161 162 10
162 186 9
162 163 10
163 187 10
164 165 6
165 166 11
167 168 7
169 189 7
169 170 8
170 190 7
170 171 9
171 191 10
171 172 5
172 192 10
172 173 9
173 174 11
174 193 6
174 175 7
175 194 5
175 176 10
176 195 6
176 177 9
177 196 10
177 178 11
178 179 5
179 197 7
179 180 12
180 198 10
180 181 8
181 199 6
182 200 9
182 183 7
183 201 12
184 202 12
185 186 5
186 187 11
187 204 9
188 207 9
189 211 9
189 190 8
190 212 5
190 191 12
191 213 5
191 192 5
193 214 5
193 194 12
194 215 8
194 195 12
195 216 10
195 196 11
196 217 6
197 198 11
198 219 7
198 199 12
200 220 12
200 201 10
202 222 7
202 203 11
203 223 12
204 226 9
205 228 5
205 206 7
207 230 6
207 208 10
208 231 10
208 209 8
209 232 6
209 210 7
210 211 8
211 233 5
211 212 12
212 234 5
212 213 8
213 235 5
214 237 7
214 215 8
215 238 8
215 216 5
216 239 12
216 217 11
217 240 10
217 218 8
218 241 12
219 243 12
220 245 12
221 222 6
222 247 8
222 223 10
223 248 11
223 224 6
224 225 10
225 226 8
226 249 11
227 251 6
227 228 12
229 252 5
229 230 9
230 231 9
231 253 6
231 232 6
232 254 8
233 256 10
233 234 10
234 257 9
234 235 7
235 258 8
236 237 8
237 259 5
237 238 5
238 260 12
238 239 9
239 261 6
239 240 9
240 262 9
240 241 10
241 263 5
241 242 8
242 264 12
242 243 10
243 244 8
244 265 6
245 266 8
245 246 12
247 268 6
247 248 9
248 269 10
249 272 8
249 250 10
250 273 9
250 251 7
251 274 6
253 277 6
253 254 7
254 278 9
254 255 6
255 256 8
256 257 12
257 258 11
258 279 7
259 282 5
259 260 7
260 283 10
260 261 9
261 284 9
261 262 9
262 285 12
262 263 5
263 264 8
264 286 7
266 288 7
267 290 8
267 268 11
268 269 10
269 291 5
269 270 7
270 271 9
271 292 9
271 272 8
272 293 10
272 273 11
273 294 9
273 274 5
274 295 11
274 275 10
275 296 10
276 298 9
276 277 9
277 299 7
277 278 6
279 302 7
279 280 11
280 303 5
280 281 6
281 282 7
282 304 10
282 283 7
283 284 11
284 305 12
284 285 9
285 306 6
286 308 5
286 287 10
287 309 8
288 311 6
288 289 10
289 290 12
291 312 6
292 313 8
292 293 5
293 314 6
293 294 6
294 295 6
295 315 10
295 296 5
296 297 10
297 316 7
298 318 9
298 299 5
299 319 12
300 321 6
300 301 7
301 322 7
302 303 9
303 324 8
305 306 10
306 307 12
307 327 10
307 308 8
308 328 5
308 309 5
309 329 12
309 310 11
310 330 9
311 331 12
312 333 6
313 314 5
314 335 5
315 337 10
316 338 11
316 317 12
317 339 9
317 318 7
318 340 11
318 319 7
319 341 8
319 320 5
320 321 11
321 342 10
321 322 6
322 343 10
322 323 11
323 344 6
324 325 5
326 346 9
327 348 5
327 328 12
328 349 5
328 329 11
329 330 10
330 350 11
331 351 9
332 352 7
333 334 11
334 354 8
335 336 9
336 356 8
336 337 5
338 358 7
338 339 7
339 340 6
340 341 8
341 359 7
342 343 5
343 344 12
345 346 6
346 362 7
346 347 10
347 363 9
348 365 12
348 349 7
350 367 10
352 369 7
352 353 5
353 370 5
354 371 11
354 355 7
355 372 6
356 373 11
357 358 10
358 375 9
360 378 11
361 379 5
362 380 11
362 363 11
363 381 11
363 364 9
364 365 8
365 382 8
366 384 6
366 367 9
368 385 7
368 369 12
369 370 5
370 386 8
371 372 12
372 388 12
373 390 11
373 374 7
375 376 11
377 392 6
377 378 8
379 393 7
380 394 7
380 381 9
381 395 8
382 397 8
382 383 10
383 398 12
383 384 10
384 399 11
385 402 10
386 387 6
388 405 9
388 389 11
389 406 12
389 390 7
390 407 7
391 412 11
392 415 5
393 418 10
394 420 7
394 395 7
395 396 6
396 421 8
396 397 6
397 398 11
398 422 9
398 399 7
399 400 11
400 423 7
401 424 7
401 402 9
402 425 11
402 403 6
404 427 6
404 405 6
405 428 12
405 406 6
406 407 9
408 409 6
409 430 8
409 410 9
410 431 11
410 411 9
411 432 8
412 413 12
413 414 8
414 415 8
415 434 9
415 416 12
416 435 12
416 417 12
417 436 6
417 418 12
418 437 10
418 419 5
419 420 12
420 438 7
421 439 10
423 442 10
424 443 11
424 425 7
426 446 8
426 427 9
427 447 9
427 428 5
428 448 11
429 451 11
430 453 9
430 431 11
431 454 10
431 432 9
432 433 11
433 455 6
434 458 5
434 435 6
435 436 11
436 459 9
436 437 12
437 460 8
439 463 7
439 440 8
441 464 9
441 442 9
442 465 9
443 466 7
444 467 12
444 445 7
445 468 8
445 446 7
446 469 12
446 447 8
447 448 10
448 470 11
448 449 12
449 471 9
449 450 9
450 472 10
450 451 11
451 473 6
451 452 6
452 453 7
453 474 12
453 454 10
454 475 10
455 477 10
456 457 8
457 479 11
457 458 8
458 480 8
459 460 12
460 461 6
461 481 9
462 483 5
462 463 12
463 484 11
464 486 11
464 465 7
465 487 7
466 488 11
467 489 11
467 468 7
468 490 7
468 469 7
469 491 10
470 471 5
471 493 5
471 472 12
472 494 12
472 473 11
474 475 12
475 496 11
475 476 12
476 497 7
476 477 6
477 478 8
479 480 11
480 499 12
481 502 12
481 482 7
482 503 12
482 483 12
483 484 7
484 504 7
484 485 5
486 506 12
486 487 11
487 507 10
488 508 5
489 510 10
489 490 7
490 511 5
490 491 9
491 492 5
492 512 12
493 494 6
495 514 9
496 497 5
498 518 5
500 520 9
500 501 7
501 521 6
501 502 10
502 503 12
503 522 9
504 524 10
505 526 9
505 506 8
506 527 5
506 507 10
508 509 10
509 510 7
510 528 6
510 511 5
512 529 10
512 513 6
513 530 9
514 532 5
514 515 8
516 535 11
516 517 6
517 536 8
517 518 11
519 539 7
519 520 7
520 540 8
520 521 7
521 541 11
522 542 5
522 523 5
523 524 7
524 543 5
524 525 6
525 544 10
525 526 10
526 527 12
527 545 11
528 547 7
529 530 11
530 549 7
530 531 6
531 550 9
532 552 6
533 554 6
533 534 12
534 535 12
535 536 5
537 538 7
538 555 7
538 539 6
539 556 11
539 540 5
540 557 11
540 541 6
543 559 12
543 544 5
544 560 6
546 562 11
547 563 5
547 548 11
548 564 6
549 565 8
549 550 9
550 566 10
551 552 12
552 553 8
553 567 9
553 554 6
555 570 10
555 556 7
556 571 9
556 557 8
557 572 7
558 559 9
559 560 8
560 576 12
560 561 6
562 578 10
563 580 12
563 564 8
564 581 6
565 566 11
566 584 8
567 587 11
568 589 11
569 593 11
569 570 5
570 571 6
571 594 11
571 572 8
572 573 7
573 595 6
573 574 9
574 575 10
576 596 10
577 599 10
578 579 8
579 580 7
580 581 9
581 582 6
582 583 6
584 585 7
586 587 10
587 588 5
588 589 6
589 590 5
590 591 5
591 592 6
592 593 10
596 597 10
597 598 9
598 599 9
10 0.05 0.05 0.05
