600
0 -1.0 -1.0 18.0 187.0 24.0
1 -1.0 -1.0 12.0 293.0 42.0
2 -1.0 -1.0 5.0 288.0 19.0
3 -1.0 -1.0 16.0 335.0 47.0
4 -1.0 -1.0 4.0 195.0 57.0
5 -1.0 -1.0 9.0 384.0 38.0
6 -1.0 -1.0 5.0 75.0 74.0
7 -1.0 -1.0 4.0 293.0 31.0
8 -1.0 -1.0 4.0 388.0 16.0
9 -1.0 -1.0 9.0 330.0 85.0
10 -1.0 -1.0 8.0 154.0 53.0
11 -1.0 -1.0 17.0 207.0 95.0
12 -1.0 -1.0 6.0 301.0 90.0
13 -1.0 -1.0 20.0 371.0 27.0
14 -1.0 -1.0 14.0 180.0 21.0
15 -1.0 -1.0 10.0 196.0 75.0
16 -1.0 -1.0 15.0 78.0 84.0
17 -1.0 -1.0 11.0 329.0 46.0
18 -1.0 -1.0 14.0 359.0 48.0
19 -1.0 -1.0 14.0 155.0 60.0
20 -1.0 -1.0 12.0 99.0 50.0
21 -1.0 -1.0 16.0 22.0 100.0
22 -1.0 -1.0 4.0 384.0 60.0
23 -1.0 -1.0 11.0 193.0 33.0
24 -1.0 -1.0 14.0 382.0 81.0
25 -1.0 -1.0 4.0 28.0 93.0
26 -1.0 -1.0 17.0 367.0 22.0
27 -1.0 -1.0 18.0 47.0 31.0
28 -1.0 -1.0 19.0 37.0 39.0
29 -1.0 -1.0 5.0 309.0 44.0
30 -1.0 -1.0 9.0 387.0 50.0
31 -1.0 -1.0 10.0 69.0 78.0
32 -1.0 -1.0 13.0 247.0 21.0
33 -1.0 -1.0 13.0 65.0 33.0
34 -1.0 -1.0 17.0 121.0 17.0
35 -1.0 -1.0 20.0 144.0 18.0
36 -1.0 -1.0 8.0 206.0 69.0
37 -1.0 -1.0 18.0 365.0 85.0
38 -1.0 -1.0 11.0 175.0 53.0
39 -1.0 -1.0 19.0 134.0 81.0
40 -1.0 -1.0 18.0 97.0 57.0
41 -1.0 -1.0 18.0 299.0 43.0
42 -1.0 -1.0 15.0 313.0 43.0
43 -1.0 -1.0 14.0 35.0 78.0
44 -1.0 -1.0 7.0 311.0 60.0
45 -1.0 -1.0 8.0 86.0 34.0
46 -1.0 -1.0 7.0 292.0 16.0
47 -1.0 -1.0 19.0 309.0 59.0
48 -1.0 -1.0 14.0 350.0 86.0
49 -1.0 -1.0 7.0 261.0 90.0
50 -1.0 -1.0 11.0 89.0 74.0
51 -1.0 -1.0 11.0 205.0 77.0
52 -1.0 -1.0 14.0 262.0 69.0
53 -1.0 -1.0 11.0 220.0 30.0
54 -1.0 -1.0 18.0 213.0 30.0
55 -1.0 -1.0 8.0 331.0 77.0
56 -1.0 -1.0 16.0 22.0 23.0
57 -1.0 -1.0 11.0 325.0 15.0
58 -1.0 -1.0 4.0 31.0 21.0
59 -1.0 -1.0 5.0 66.0 86.0
60 -1.0 -1.0 20.0 105.0 93.0
61 -1.0 -1.0 9.0 44.0 54.0
62 -1.0 -1.0 7.0 202.0 56.0
63 -1.0 -1.0 20.0 247.0 98.0
64 -1.0 -1.0 12.0 284.0 41.0
65 -1.0 -1.0 19.0 310.0 41.0
66 -1.0 -1.0 9.0 160.0 69.0
67 -1.0 -1.0 16.0 24.0 20.0
68 -1.0 -1.0 20.0 238.0 43.0
69 -1.0 -1.0 18.0 132.0 21.0
70 -1.0 -1.0 16.0 338.0 34.0
71 -1.0 -1.0 9.0 42.0 67.0
72 -1.0 -1.0 19.0 71.0 65.0
73 -1.0 -1.0 12.0 347.0 83.0
74 -1.0 -1.0 9.0 139.0 17.0
75 -1.0 -1.0 7.0 280.0 77.0
76 -1.0 -1.0 17.0 83.0 51.0
77 -1.0 -1.0 5.0 54.0 35.0
78 -1.0 -1.0 12.0 231.0 96.0
79 -1.0 -1.0 10.0 269.0 22.0
80 -1.0 -1.0 19.0 128.0 41.0
81 -1.0 -1.0 4.0 15.0 28.0
82 -1.0 -1.0 18.0 377.0 35.0
83 -1.0 -1.0 4.0 41.0 47.0
84 -1.0 -1.0 4.0 319.0 61.0
85 -1.0 -1.0 6.0 347.0 61.0
86 -1.0 -1.0 12.0 63.0 83.0
87 -1.0 -1.0 14.0 275.0 66.0
88 -1.0 -1.0 15.0 33.0 43.0
89 -1.0 -1.0 12.0 108.0 25.0
90 -1.0 -1.0 6.0 391.0 47.0
91 -1.0 -1.0 9.0 335.0 15.0
92 -1.0 -1.0 4.0 209.0 26.0
93 -1.0 -1.0 13.0 64.0 54.0
94 -1.0 -1.0 11.0 180.0 79.0
95 -1.0 -1.0 19.0 286.0 59.0
96 -1.0 -1.0 5.0 207.0 29.0
97 -1.0 -1.0 6.0 199.0 81.0
98 -1.0 -1.0 8.0 106.0 35.0
99 -1.0 -1.0 4.0 75.0 61.0
100 -1.0 -1.0 13.0 69.0 41.0
101 -1.0 -1.0 17.0 316.0 90.0
102 -1.0 -1.0 18.0 373.0 55.0
103 -1.0 -1.0 18.0 84.0 59.0
104 -1.0 -1.0 17.0 389.0 32.0
105 -1.0 -1.0 19.0 324.0 58.0
106 -1.0 -1.0 10.0 141.0 85.0
107 -1.0 -1.0 17.0 94.0 59.0
108 -1.0 -1.0 7.0 49.0 51.0
109 -1.0 -1.0 19.0 156.0 61.0
110 -1.0 -1.0 10.0 260.0 86.0
111 -1.0 -1.0 5.0 287.0 34.0
112 -1.0 -1.0 20.0 291.0 15.0
113 -1.0 -1.0 7.0 257.0 55.0
114 -1.0 -1.0 19.0 37.0 37.0
115 -1.0 -1.0 8.0 379.0 65.0
116 -1.0 -1.0 18.0 208.0 83.0
117 -1.0 -1.0 16.0 127.0 61.0
118 -1.0 -1.0 5.0 165.0 86.0
119 -1.0 -1.0 7.0 78.0 27.0
120 -1.0 -1.0 13.0 49.0 48.0
121 -1.0 -1.0 14.0 111.0 21.0
122 -1.0 -1.0 5.0 239.0 37.0
123 -1.0 -1.0 9.0 188.0 92.0
124 -1.0 -1.0 7.0 335.0 65.0
125 -1.0 -1.0 17.0 193.0 60.0
126 -1.0 -1.0 14.0 294.0 37.0
127 -1.0 -1.0 6.0 59.0 71.0
128 -1.0 -1.0 5.0 236.0 84.0
129 -1.0 -1.0 19.0 44.0 29.0
130 -1.0 -1.0 6.0 346.0 67.0
131 -1.0 -1.0 8.0 83.0 80.0
132 -1.0 -1.0 9.0 75.0 22.0
133 -1.0 -1.0 18.0 123.0 15.0
134 -1.0 -1.0 14.0 45.0 78.0
135 -1.0 -1.0 11.0 195.0 77.0
136 -1.0 -1.0 12.0 364.0 99.0
137 -1.0 -1.0 17.0 317.0 82.0
138 -1.0 -1.0 10.0 61.0 80.0
139 -1.0 -1.0 18.0 189.0 61.0
140 -1.0 -1.0 7.0 227.0 69.0
141 -1.0 -1.0 20.0 335.0 72.0
142 -1.0 -1.0 12.0 342.0 18.0
143 -1.0 -1.0 10.0 260.0 37.0
144 -1.0 -1.0 7.0 285.0 44.0
145 -1.0 -1.0 13.0 234.0 58.0
146 -1.0 -1.0 11.0 49.0 74.0
147 -1.0 -1.0 10.0 115.0 57.0
148 -1.0 -1.0 13.0 120.0 91.0
149 -1.0 -1.0 12.0 89.0 58.0
150 -1.0 -1.0 19.0 233.0 99.0
151 -1.0 -1.0 17.0 63.0 52.0
152 -1.0 -1.0 17.0 165.0 38.0
153 -1.0 -1.0 18.0 65.0 67.0
154 -1.0 -1.0 16.0 309.0 91.0
155 -1.0 -1.0 12.0 335.0 60.0
156 -1.0 -1.0 13.0 26.0 53.0
157 -1.0 -1.0 7.0 121.0 78.0
158 -1.0 -1.0 8.0 127.0 36.0
159 -1.0 -1.0 6.0 153.0 40.0
160 -1.0 -1.0 17.0 261.0 98.0
161 -1.0 -1.0 19.0 215.0 37.0
162 -1.0 -1.0 11.0 120.0 57.0
163 -1.0 -1.0 16.0 40.0 96.0
164 -1.0 -1.0 18.0 298.0 70.0
165 -1.0 -1.0 12.0 54.0 28.0
166 -1.0 -1.0 19.0 275.0 22.0
167 -1.0 -1.0 18.0 276.0 34.0
168 -1.0 -1.0 20.0 232.0 42.0
169 -1.0 -1.0 6.0 385.0 99.0
170 -1.0 -1.0 11.0 104.0 30.0
171 -1.0 -1.0 8.0 15.0 49.0
172 -1.0 -1.0 19.0 381.0 75.0
173 -1.0 -1.0 10.0 250.0 91.0
174 -1.0 -1.0 12.0 128.0 50.0
175 -1.0 -1.0 19.0 118.0 72.0
176 -1.0 -1.0 6.0 87.0 57.0
177 -1.0 -1.0 20.0 269.0 46.0
178 -1.0 -1.0 20.0 285.0 52.0
179 -1.0 -1.0 18.0 138.0 84.0
180 -1.0 -1.0 11.0 16.0 70.0
181 -1.0 -1.0 12.0 377.0 79.0
182 -1.0 -1.0 17.0 87.0 55.0
183 -1.0 -1.0 16.0 38.0 54.0
184 -1.0 -1.0 13.0 148.0 32.0
185 -1.0 -1.0 16.0 35.0 45.0
186 -1.0 -1.0 13.0 120.0 82.0
187 -1.0 -1.0 15.0 318.0 23.0
188 -1.0 -1.0 7.0 157.0 73.0
189 -1.0 -1.0 16.0 111.0 80.0
190 -1.0 -1.0 11.0 264.0 67.0
191 -1.0 -1.0 10.0 331.0 85.0
192 -1.0 -1.0 16.0 20.0 57.0
193 -1.0 -1.0 6.0 39.0 51.0
194 -1.0 -1.0 19.0 150.0 94.0
195 -1.0 -1.0 11.0 353.0 43.0
196 -1.0 -1.0 18.0 95.0 95.0
197 -1.0 -1.0 16.0 261.0 39.0
198 -1.0 -1.0 15.0 72.0 23.0
199 -1.0 -1.0 7.0 135.0 34.0
200 -1.0 -1.0 13.0 85.0 31.0
201 -1.0 -1.0 15.0 175.0 46.0
202 -1.0 -1.0 10.0 381.0 60.0
203 -1.0 -1.0 13.0 322.0 45.0
204 -1.0 -1.0 7.0 194.0 29.0
205 -1.0 -1.0 14.0 82.0 53.0
206 -1.0 -1.0 12.0 305.0 90.0
207 -1.0 -1.0 16.0 336.0 89.0
208 -1.0 -1.0 12.0 155.0 55.0
209 -1.0 -1.0 10.0 313.0 84.0
210 -1.0 -1.0 16.0 365.0 73.0
211 -1.0 -1.0 15.0 210.0 33.0
212 -1.0 -1.0 8.0 119.0 78.0
213 -1.0 -1.0 8.0 309.0 85.0
214 -1.0 -1.0 11.0 320.0 27.0
215 -1.0 -1.0 18.0 112.0 24.0
216 -1.0 -1.0 19.0 52.0 51.0
217 -1.0 -1.0 16.0 281.0 77.0
218 -1.0 -1.0 17.0 373.0 82.0
219 -1.0 -1.0 13.0 228.0 18.0
220 -1.0 -1.0 9.0 237.0 96.0
221 -1.0 -1.0 4.0 243.0 80.0
222 -1.0 -1.0 17.0 43.0 75.0
223 -1.0 -1.0 7.0 202.0 95.0
224 -1.0 -1.0 10.0 314.0 30.0
225 -1.0 -1.0 10.0 262.0 100.0
226 -1.0 -1.0 12.0 113.0 71.0
227 -1.0 -1.0 11.0 148.0 45.0
228 -1.0 -1.0 9.0 342.0 52.0
229 -1.0 -1.0 8.0 296.0 97.0
230 -1.0 -1.0 8.0 60.0 62.0
231 -1.0 -1.0 5.0 132.0 23.0
232 -1.0 -1.0 16.0 63.0 35.0
233 -1.0 -1.0 14.0 198.0 65.0
234 -1.0 -1.0 15.0 233.0 19.0
235 -1.0 -1.0 18.0 42.0 86.0
236 -1.0 -1.0 19.0 253.0 36.0
237 -1.0 -1.0 5.0 234.0 23.0
238 -1.0 -1.0 17.0 99.0 85.0
239 -1.0 -1.0 16.0 201.0 79.0
240 -1.0 -1.0 11.0 169.0 33.0
241 -1.0 -1.0 19.0 263.0 30.0
242 -1.0 -1.0 16.0 360.0 54.0
243 -1.0 -1.0 4.0 271.0 81.0
244 -1.0 -1.0 6.0 124.0 49.0
245 -1.0 -1.0 18.0 377.0 38.0
246 -1.0 -1.0 15.0 79.0 17.0
247 -1.0 -1.0 4.0 344.0 84.0
248 -1.0 -1.0 16.0 153.0 64.0
249 -1.0 -1.0 16.0 55.0 92.0
250 -1.0 -1.0 5.0 236.0 97.0
251 -1.0 -1.0 15.0 120.0 94.0
252 -1.0 -1.0 8.0 140.0 55.0
253 -1.0 -1.0 14.0 392.0 28.0
254 -1.0 -1.0 20.0 136.0 62.0
255 -1.0 -1.0 11.0 191.0 44.0
256 -1.0 -1.0 9.0 200.0 46.0
257 -1.0 -1.0 16.0 52.0 88.0
258 -1.0 -1.0 7.0 275.0 17.0
259 -1.0 -1.0 10.0 235.0 80.0
260 -1.0 -1.0 20.0 336.0 83.0
261 -1.0 -1.0 15.0 260.0 86.0
262 -1.0 -1.0 18.0 316.0 77.0
263 -1.0 -1.0 18.0 204.0 34.0
264 -1.0 -1.0 12.0 161.0 75.0
265 -1.0 -1.0 17.0 201.0 85.0
266 -1.0 -1.0 17.0 318.0 62.0
267 -1.0 -1.0 9.0 126.0 71.0
268 -1.0 -1.0 19.0 208.0 84.0
269 -1.0 -1.0 7.0 133.0 41.0
270 -1.0 -1.0 7.0 145.0 62.0
271 -1.0 -1.0 7.0 114.0 90.0
272 -1.0 -1.0 14.0 264.0 19.0
273 -1.0 -1.0 6.0 338.0 29.0
274 -1.0 -1.0 15.0 223.0 81.0
275 -1.0 -1.0 18.0 186.0 20.0
276 -1.0 -1.0 14.0 346.0 68.0
277 -1.0 -1.0 6.0 296.0 58.0
278 -1.0 -1.0 12.0 283.0 68.0
279 -1.0 -1.0 7.0 176.0 36.0
280 -1.0 -1.0 19.0 186.0 15.0
281 -1.0 -1.0 13.0 78.0 63.0
282 -1.0 -1.0 16.0 328.0 23.0
283 -1.0 -1.0 14.0 98.0 40.0
284 -1.0 -1.0 11.0 342.0 99.0
285 -1.0 -1.0 17.0 207.0 17.0
286 -1.0 -1.0 4.0 94.0 79.0
287 -1.0 -1.0 16.0 116.0 73.0
288 -1.0 -1.0 16.0 398.0 42.0
289 -1.0 -1.0 20.0 237.0 26.0
290 -1.0 -1.0 17.0 325.0 18.0
291 -1.0 -1.0 18.0 304.0 15.0
292 -1.0 -1.0 19.0 182.0 32.0
293 -1.0 -1.0 15.0 271.0 69.0
294 -1.0 -1.0 8.0 211.0 86.0
295 -1.0 -1.0 11.0 219.0 17.0
296 -1.0 -1.0 7.0 105.0 44.0
297 -1.0 -1.0 9.0 187.0 75.0
298 -1.0 -1.0 6.0 16.0 58.0
299 -1.0 -1.0 13.0 298.0 29.0
300 -1.0 -1.0 13.0 289.0 70.0
301 -1.0 -1.0 15.0 89.0 79.0
302 -1.0 -1.0 18.0 81.0 20.0
303 -1.0 -1.0 11.0 189.0 55.0
304 -1.0 -1.0 18.0 268.0 89.0
305 -1.0 -1.0 11.0 321.0 41.0
306 -1.0 -1.0 11.0 261.0 53.0
307 -1.0 -1.0 7.0 331.0 58.0
308 -1.0 -1.0 8.0 193.0 83.0
309 -1.0 -1.0 9.0 357.0 96.0
310 -1.0 -1.0 16.0 165.0 95.0
311 -1.0 -1.0 20.0 352.0 61.0
312 -1.0 -1.0 14.0 37.0 34.0
313 -1.0 -1.0 15.0 365.0 63.0
314 -1.0 -1.0 9.0 329.0 85.0
315 -1.0 -1.0 13.0 320.0 92.0
316 -1.0 -1.0 17.0 211.0 69.0
317 -1.0 -1.0 5.0 340.0 62.0
318 -1.0 -1.0 4.0 103.0 20.0
319 -1.0 -1.0 4.0 50.0 85.0
320 -1.0 -1.0 10.0 82.0 46.0
321 -1.0 -1.0 20.0 29.0 29.0
322 -1.0 -1.0 13.0 81.0 59.0
323 -1.0 -1.0 14.0 56.0 60.0
324 -1.0 -1.0 17.0 154.0 28.0
325 -1.0 -1.0 16.0 47.0 86.0
326 -1.0 -1.0 10.0 160.0 62.0
327 -1.0 -1.0 18.0 385.0 100.0
328 -1.0 -1.0 10.0 284.0 81.0
329 -1.0 -1.0 9.0 126.0 66.0
330 -1.0 -1.0 6.0 297.0 44.0
331 -1.0 -1.0 19.0 354.0 87.0
332 -1.0 -1.0 12.0 289.0 69.0
333 -1.0 -1.0 18.0 189.0 37.0
334 -1.0 -1.0 4.0 95.0 47.0
335 -1.0 -1.0 8.0 314.0 16.0
336 -1.0 -1.0 11.0 291.0 67.0
337 -1.0 -1.0 13.0 278.0 95.0
338 -1.0 -1.0 7.0 350.0 16.0
339 -1.0 -1.0 4.0 83.0 78.0
340 -1.0 -1.0 10.0 132.0 20.0
341 -1.0 -1.0 18.0 308.0 57.0
342 -1.0 -1.0 10.0 319.0 22.0
343 -1.0 -1.0 9.0 325.0 28.0
344 -1.0 -1.0 5.0 154.0 46.0
345 -1.0 -1.0 5.0 184.0 39.0
346 -1.0 -1.0 19.0 112.0 26.0
347 -1.0 -1.0 10.0 196.0 79.0
348 -1.0 -1.0 8.0 99.0 63.0
349 -1.0 -1.0 4.0 183.0 41.0
350 -1.0 -1.0 10.0 266.0 23.0
351 -1.0 -1.0 8.0 352.0 76.0
352 -1.0 -1.0 9.0 214.0 36.0
353 -1.0 -1.0 14.0 318.0 88.0
354 -1.0 -1.0 5.0 380.0 53.0
355 -1.0 -1.0 10.0 127.0 16.0
356 -1.0 -1.0 20.0 183.0 92.0
357 -1.0 -1.0 16.0 124.0 93.0
358 -1.0 -1.0 14.0 73.0 75.0
359 -1.0 -1.0 9.0 23.0 46.0
360 -1.0 -1.0 11.0 351.0 97.0
361 -1.0 -1.0 18.0 164.0 51.0
362 -1.0 -1.0 9.0 145.0 36.0
363 -1.0 -1.0 16.0 135.0 73.0
364 -1.0 -1.0 12.0 126.0 73.0
365 -1.0 -1.0 9.0 37.0 94.0
366 -1.0 -1.0 20.0 58.0 65.0
367 -1.0 -1.0 15.0 400.0 18.0
368 -1.0 -1.0 20.0 248.0 56.0
369 -1.0 -1.0 5.0 40.0 83.0
370 -1.0 -1.0 5.0 181.0 48.0
371 -1.0 -1.0 20.0 69.0 79.0
372 -1.0 -1.0 6.0 295.0 98.0
373 -1.0 -1.0 4.0 91.0 23.0
374 -1.0 -1.0 19.0 209.0 30.0
375 -1.0 -1.0 19.0 157.0 100.0
376 -1.0 -1.0 13.0 352.0 77.0
377 -1.0 -1.0 18.0 101.0 77.0
378 -1.0 -1.0 5.0 261.0 47.0
379 -1.0 -1.0 20.0 343.0 79.0
380 -1.0 -1.0 20.0 303.0 41.0
381 -1.0 -1.0 19.0 368.0 83.0
382 -1.0 -1.0 19.0 216.0 29.0
383 -1.0 -1.0 18.0 336.0 67.0
384 -1.0 -1.0 5.0 159.0 44.0
385 -1.0 -1.0 13.0 233.0 68.0
386 -1.0 -1.0 16.0 29.0 86.0
387 -1.0 -1.0 15.0 133.0 75.0
388 -1.0 -1.0 7.0 235.0 19.0
389 -1.0 -1.0 11.0 267.0 62.0
390 -1.0 -1.0 18.0 89.0 68.0
391 -1.0 -1.0 18.0 348.0 15.0
392 -1.0 -1.0 13.0 68.0 36.0
393 -1.0 -1.0 12.0 330.0 48.0
394 -1.0 -1.0 11.0 271.0 76.0
395 -1.0 -1.0 5.0 368.0 86.0
396 -1.0 -1.0 19.0 300.0 46.0
397 -1.0 -1.0 5.0 286.0 27.0
398 -1.0 -1.0 13.0 211.0 60.0
399 -1.0 -1.0 6.0 96.0 37.0
400 -1.0 -1.0 14.0 205.0 68.0
401 -1.0 -1.0 16.0 25.0 56.0
402 -1.0 -1.0 6.0 149.0 26.0
403 -1.0 -1.0 17.0 237.0 19.0
404 -1.0 -1.0 11.0 394.0 96.0
405 -1.0 -1.0 6.0 319.0 37.0
406 -1.0 -1.0 8.0 360.0 17.0
407 -1.0 -1.0 9.0 40.0 65.0
408 -1.0 -1.0 8.0 176.0 16.0
409 -1.0 -1.0 13.0 168.0 31.0
410 -1.0 -1.0 14.0 192.0 55.0
411 -1.0 -1.0 16.0 325.0 35.0
412 -1.0 -1.0 10.0 112.0 80.0
413 -1.0 -1.0 17.0 278.0 60.0
414 -1.0 -1.0 20.0 355.0 92.0
415 -1.0 -1.0 9.0 20.0 97.0
416 -1.0 -1.0 16.0 374.0 95.0
417 -1.0 -1.0 6.0 227.0 91.0
418 -1.0 -1.0 15.0 254.0 47.0
419 -1.0 -1.0 11.0 313.0 95.0
420 -1.0 -1.0 12.0 323.0 84.0
421 -1.0 -1.0 14.0 317.0 36.0
422 -1.0 -1.0 5.0 338.0 89.0
423 -1.0 -1.0 4.0 61.0 49.0
424 -1.0 -1.0 4.0 250.0 75.0
425 -1.0 -1.0 12.0 274.0 75.0
426 -1.0 -1.0 11.0 165.0 21.0
427 -1.0 -1.0 10.0 254.0 99.0
428 -1.0 -1.0 8.0 400.0 69.0
429 -1.0 -1.0 16.0 98.0 21.0
430 -1.0 -1.0 8.0 44.0 23.0
431 -1.0 -1.0 5.0 314.0 33.0
432 -1.0 -1.0 7.0 54.0 99.0
433 -1.0 -1.0 18.0 136.0 49.0
434 -1.0 -1.0 8.0 374.0 93.0
435 -1.0 -1.0 4.0 155.0 69.0
436 -1.0 -1.0 19.0 345.0 30.0
437 -1.0 -1.0 20.0 37.0 24.0
438 -1.0 -1.0 13.0 32.0 62.0
439 -1.0 -1.0 13.0 317.0 96.0
440 -1.0 -1.0 5.0 155.0 56.0
441 -1.0 -1.0 10.0 272.0 59.0
442 -1.0 -1.0 5.0 382.0 45.0
443 -1.0 -1.0 7.0 127.0 93.0
444 -1.0 -1.0 6.0 95.0 71.0
445 -1.0 -1.0 13.0 363.0 100.0
446 -1.0 -1.0 4.0 80.0 82.0
447 -1.0 -1.0 19.0 21.0 99.0
448 -1.0 -1.0 10.0 307.0 56.0
449 -1.0 -1.0 16.0 293.0 41.0
450 -1.0 -1.0 10.0 19.0 54.0
451 -1.0 -1.0 9.0 365.0 46.0
452 -1.0 -1.0 11.0 75.0 69.0
453 -1.0 -1.0 11.0 134.0 52.0
454 -1.0 -1.0 19.0 397.0 57.0
455 -1.0 -1.0 17.0 198.0 82.0
456 -1.0 -1.0 18.0 321.0 22.0
457 -1.0 -1.0 4.0 136.0 94.0
458 -1.0 -1.0 15.0 361.0 62.0
459 -1.0 -1.0 8.0 224.0 28.0
460 -1.0 -1.0 11.0 347.0 49.0
461 -1.0 -1.0 11.0 106.0 32.0
462 -1.0 -1.0 6.0 360.0 53.0
463 -1.0 -1.0 9.0 27.0 73.0
464 -1.0 -1.0 20.0 97.0 87.0
465 -1.0 -1.0 14.0 16.0 57.0
466 -1.0 -1.0 14.0 261.0 52.0
467 -1.0 -1.0 10.0 244.0 65.0
468 -1.0 -1.0 6.0 221.0 100.0
469 -1.0 -1.0 14.0 247.0 69.0
470 -1.0 -1.0 17.0 103.0 75.0
471 -1.0 -1.0 18.0 259.0 42.0
472 -1.0 -1.0 12.0 187.0 53.0
473 -1.0 -1.0 5.0 175.0 69.0
474 -1.0 -1.0 8.0 109.0 93.0
475 -1.0 -1.0 17.0 157.0 26.0
476 -1.0 -1.0 11.0 389.0 37.0
477 -1.0 -1.0 9.0 62.0 15.0
478 -1.0 -1.0 15.0 118.0 57.0
479 -1.0 -1.0 12.0 260.0 56.0
480 -1.0 -1.0 9.0 203.0 72.0
481 -1.0 -1.0 13.0 121.0 44.0
482 -1.0 -1.0 8.0 224.0 56.0
483 -1.0 -1.0 15.0 109.0 56.0
484 -1.0 -1.0 6.0 273.0 49.0
485 -1.0 -1.0 17.0 226.0 24.0
486 -1.0 -1.0 17.0 48.0 80.0
487 -1.0 -1.0 4.0 201.0 18.0
488 -1.0 -1.0 20.0 49.0 96.0
489 -1.0 -1.0 4.0 253.0 41.0
490 -1.0 -1.0 18.0 40.0 79.0
491 -1.0 -1.0 10.0 140.0 45.0
492 -1.0 -1.0 18.0 262.0 86.0
493 -1.0 -1.0 19.0 393.0 54.0
494 -1.0 -1.0 4.0 203.0 82.0
495 -1.0 -1.0 14.0 395.0 42.0
496 -1.0 -1.0 4.0 400.0 15.0
497 -1.0 -1.0 12.0 299.0 94.0
498 -1.0 -1.0 18.0 382.0 50.0
499 -1.0 -1.0 11.0 37.0 74.0
500 -1.0 -1.0 4.0 53.0 86.0
501 -1.0 -1.0 10.0 96.0 19.0
502 -1.0 -1.0 17.0 180.0 95.0
503 -1.0 -1.0 14.0 162.0 58.0
504 -1.0 -1.0 5.0 227.0 15.0
505 -1.0 -1.0 10.0 350.0 18.0
506 -1.0 -1.0 15.0 355.0 84.0
507 -1.0 -1.0 14.0 265.0 24.0
508 -1.0 -1.0 19.0 272.0 65.0
509 -1.0 -1.0 16.0 352.0 76.0
510 -1.0 -1.0 5.0 253.0 84.0
511 -1.0 -1.0 7.0 121.0 68.0
512 -1.0 -1.0 14.0 233.0 44.0
513 -1.0 -1.0 10.0 176.0 100.0
514 -1.0 -1.0 11.0 300.0 22.0
515 -1.0 -1.0 15.0 231.0 37.0
516 -1.0 -1.0 20.0 329.0 36.0
517 -1.0 -1.0 8.0 343.0 41.0
518 -1.0 -1.0 8.0 361.0 33.0
519 -1.0 -1.0 15.0 213.0 43.0
520 -1.0 -1.0 13.0 302.0 50.0
521 -1.0 -1.0 12.0 148.0 76.0
522 -1.0 -1.0 10.0 146.0 84.0
523 -1.0 -1.0 10.0 24.0 74.0
524 -1.0 -1.0 13.0 119.0 74.0
525 -1.0 -1.0 20.0 263.0 74.0
526 -1.0 -1.0 17.0 226.0 97.0
527 -1.0 -1.0 8.0 43.0 58.0
528 -1.0 -1.0 9.0 368.0 51.0
529 -1.0 -1.0 12.0 206.0 97.0
530 -1.0 -1.0 9.0 284.0 87.0
531 -1.0 -1.0 20.0 347.0 27.0
532 -1.0 -1.0 11.0 107.0 15.0
533 -1.0 -1.0 13.0 284.0 48.0
534 -1.0 -1.0 9.0 166.0 19.0
535 -1.0 -1.0 14.0 289.0 17.0
536 -1.0 -1.0 11.0 378.0 40.0
537 -1.0 -1.0 14.0 255.0 81.0
538 -1.0 -1.0 7.0 228.0 78.0
539 -1.0 -1.0 7.0 43.0 58.0
540 -1.0 -1.0 17.0 237.0 29.0
541 -1.0 -1.0 17.0 71.0 50.0
542 -1.0 -1.0 9.0 358.0 62.0
543 -1.0 -1.0 5.0 300.0 22.0
544 -1.0 -1.0 11.0 312.0 60.0
545 -1.0 -1.0 20.0 268.0 63.0
546 -1.0 -1.0 4.0 33.0 19.0
547 -1.0 -1.0 13.0 127.0 95.0
548 -1.0 -1.0 20.0 132.0 82.0
549 -1.0 -1.0 19.0 388.0 16.0
550 -1.0 -1.0 9.0 214.0 61.0
551 -1.0 -1.0 10.0 85.0 85.0
552 -1.0 -1.0 14.0 206.0 75.0
553 -1.0 -1.0 16.0 210.0 49.0
554 -1.0 -1.0 10.0 175.0 31.0
555 -1.0 -1.0 6.0 358.0 46.0
556 -1.0 -1.0 15.0 224.0 36.0
557 -1.0 -1.0 4.0 382.0 22.0
558 -1.0 -1.0 12.0 393.0 60.0
559 -1.0 -1.0 5.0 29.0 55.0
560 -1.0 -1.0 15.0 161.0 95.0
561 -1.0 -1.0 17.0 400.0 86.0
562 -1.0 -1.0 5.0 77.0 93.0
563 -1.0 -1.0 19.0 393.0 27.0
564 -1.0 -1.0 13.0 243.0 98.0
565 -1.0 -1.0 6.0 34.0 91.0
566 -1.0 -1.0 10.0 193.0 40.0
567 -1.0 -1.0 14.0 207.0 37.0
568 -1.0 -1.0 5.0 135.0 70.0
569 -1.0 -1.0 9.0 322.0 99.0
570 -1.0 -1.0 20.0 213.0 89.0
571 -1.0 -1.0 6.0 144.0 66.0
572 -1.0 -1.0 15.0 19.0 72.0
573 -1.0 -1.0 7.0 170.0 94.0
574 -1.0 -1.0 12.0 327.0 71.0
575 -1.0 -1.0 5.0 318.0 15.0
576 -1.0 -1.0 13.0 368.0 69.0
577 -1.0 -1.0 18.0 362.0 75.0
578 -1.0 -1.0 13.0 206.0 54.0
579 -1.0 -1.0 16.0 191.0 39.0
580 -1.0 -1.0 14.0 115.0 75.0
581 -1.0 -1.0 4.0 35.0 61.0
582 -1.0 -1.0 19.0 70.0 19.0
583 -1.0 -1.0 14.0 164.0 51.0
584 -1.0 -1.0 14.0 141.0 99.0
585 -1.0 -1.0 20.0 139.0 94.0
586 -1.0 -1.0 9.0 280.0 84.0
587 -1.0 -1.0 20.0 382.0 48.0
588 -1.0 -1.0 19.0 345.0 59.0
589 -1.0 -1.0 14.0 134.0 61.0
590 -1.0 -1.0 5.0 107.0 60.0
591 -1.0 -1.0 20.0 158.0 44.0
592 -1.0 -1.0 12.0 111.0 87.0
593 -1.0 -1.0 4.0 376.0 84.0
594 -1.0 -1.0 17.0 286.0 59.0
595 -1.0 -1.0 14.0 274.0 71.0
596 -1.0 -1.0 10.0 242.0 98.0
597 -1.0 -1.0 10.0 160.0 90.0
598 -1.0 -1.0 8.0 363.0 15.0
599 -1.0 -1.0 14.0 30.0 16.0
773
0 1 7
1 26 9
1 2 11
2 3 7
3 27 5
3 4 12
4 5 8
5 28 9
6 30 9
6 7 9
7 31 12
8 9 6
9 33 8
9 10 10
10 34 6
10 11 8
11 35 12
11 12 6
12 36 8
12 13 11
13 37 5
13 14 7
14 38 6
14 15 12
16 39 7
16 17 8
17 40 6
17 18 10
18 41 12
18 19 6
19 42 6
19 20 9
20 43 10
20 21 6
21 44 6
22 23 12
23 46 11
24 25 7
25 47 5
26 49 5
27 51 12
28 29 7
29 30 7
30 53 8
30 31 7
31 32 12
32 54 8
33 56 11
33 34 6
34 35 9
35 57 7
35 36 10
36 58 11
36 37 11
37 38 6
38 59 12
39 62 8
39 40 6
40 63 11
40 41 8
41 64 7
41 42 9
42 65 7
42 43 8
43 44 7
44 45 10
45 66 7
46 68 12
47 48 12
48 49 11
49 70 7
49 50 10
50 51 8
51 71 8
51 52 8
54 74 11
54 55 7
55 75 7
55 56 9
56 76 7
57 58 7
58 78 6
59 60 5
60 61 7
61 62 11
62 80 10
62 63 9
63 81 12
63 64 11
64 82 10
64 65 6
66 67 8
67 84 7
67 68 9
68 85 5
69 86 5
71 88 6
72 90 12
73 74 10
74 75 10
75 92 7
75 76 8
76 77 10
77 93 10
78 95 5
78 79 8
80 81 5
81 99 7
81 82 7
82 100 7
83 103 9
84 105 12
84 85 7
85 106 11
86 107 8
86 87 9
87 108 9
89 111 6
89 90 12
90 112 8
90 91 12
92 114 8
93 94 7
94 116 8
94 95 7
95 117 8
96 119 10
96 97 9
97 120 9
97 98 9
99 100 12
100 121 12
100 101 7
101 122 12
101 102 8
102 123 11
102 103 8
103 124 5
103 104 9
104 125 5
104 105 5
105 106 5
106 126 5
107 108 8
108 109 6
109 127 10
110 111 10
111 112 11
112 129 9
113 131 10
114 133 7
114 115 12
115 134 11
116 117 7
117 135 5
117 118 6
118 119 6
119 136 12
119 120 6
120 137 9
121 140 6
121 122 7
122 141 10
122 123 5
123 142 7
123 124 11
124 143 10
124 125 8
127 146 7
128 149 9
129 130 9
130 151 5
130 131 9
131 152 6
131 132 5
132 133 9
133 153 10
133 134 11
134 154 10
135 157 12
136 158 8
136 137 11
137 159 8
138 139 11
139 140 7
140 141 5
141 161 6
141 142 6
142 162 9
142 143 7
143 163 7
144 165 9
145 168 7
145 146 8
146 147 6
147 148 5
148 149 5
149 169 7
150 170 11
151 171 5
151 152 5
152 172 8
153 174 6
153 154 11
154 155 9
155 156 9
156 157 11
157 175 12
158 176 12
158 159 12
159 160 8
160 177 6
161 180 10
161 162 9
162 181 8
162 163 7
163 182 7
163 164 9
164 183 6
164 165 10
165 184 5
165 166 9
166 185 10
167 186 12
167 168 12
168 187 11
169 190 5
170 192 9
171 193 11
171 172 9
172 194 8
172 173 11
173 195 9
173 174 9
174 196 9
175 199 11
176 201 5
178 202 12
178 179 7
179 180 7
180 203 10
180 181 10
181 204 12
181 182 11
182 205 8
182 183 6
183 206 12
183 184 7
184 185 11
185 207 9
186 208 9
186 187 9
187 209 8
188 189 8
189 211 10
189 190 8
190 191 11
191 192 7
193 213 12
193 194 12
194 214 6
194 195 11
195 215 9
195 196 6
197 198 6
198 217 11
198 199 11
199 218 8
199 200 7
200 219 5
200 201 10
201 220 12
202 223 10
203 224 6
203 204 12
204 205 8
205 225 7
205 206 6
206 226 6
208 209 6
209 210 9
211 227 6
212 230 7
212 213 5
213 231 7
213 214 12
214 232 12
214 215 8
216 233 12
217 235 10
217 218 6
218 236 5
218 219 10
219 220 7
221 222 8
222 223 9
224 238 7
225 240 5
225 226 12
226 241 8
227 246 11
227 228 6
229 230 10
230 231 12
231 248 6
231 232 12
232 249 11
233 251 9
233 234 11
234 252 8
234 235 11
235 253 9
235 236 12
237 257 5
237 238 9
238 258 10
238 239 9
239 259 6
239 240 9
240 260 10
240 241 7
241 261 11
241 242 8
243 262 12
244 264 11
244 245 6
245 246 5
246 265 5
247 267 12
248 269 11
248 249 12
249 270 7
250 251 11
251 271 8
251 252 12
252 272 8
252 253 8
253 273 5
254 276 8
254 255 5
255 277 6
255 256 7
257 278 7
257 258 8
258 279 7
258 259 9
259 260 10
260 261 10
261 280 9
262 263 12
263 282 6
263 264 11
264 283 9
265 284 7
265 266 7
266 285 10
266 267 7
267 268 12
269 286 9
269 270 12
270 287 8
271 288 5
271 272 8
272 289 7
272 273 10
273 290 9
273 274 12
274 275 5
275 291 9
275 276 10
276 292 11
276 277 5
278 296 9
278 279 5
279 297 6
280 299 6
280 281 11
281 300 11
282 301 10
282 283 6
284 285 10
286 287 11
287 305 5
288 308 9
288 289 8
289 309 8
289 290 12
290 310 6
291 292 7
292 311 9
293 312 10
293 294 6
294 313 8
294 295 10
295 314 9
295 296 10
296 315 11
296 297 5
297 316 8
297 298 6
299 318 8
299 300 12
300 319 9
301 322 5
302 324 9
303 326 7
304 328 12
305 329 7
305 306 6
306 330 7
306 307 11
307 331 11
307 308 7
308 309 10
309 332 10
309 310 8
310 333 5
311 336 9
312 338 6
312 313 5
313 339 9
313 314 12
314 340 12
314 315 6
315 341 8
315 316 10
317 343 12
317 318 8
318 319 6
319 344 5
319 320 10
320 345 12
321 322 8
322 346 10
322 323 10
323 347 5
323 324 8
324 325 8
326 349 7
326 327 7
327 350 12
327 328 5
328 351 5
329 353 8
329 330 11
330 354 9
330 331 9
331 355 5
332 357 12
332 333 7
333 358 10
333 334 12
334 335 6
335 359 10
335 336 10
336 337 8
337 360 5
337 338 10
338 361 7
338 339 7
339 340 8
340 362 9
340 341 11
341 363 9
342 364 10
342 343 7
343 365 5
344 366 12
344 345 12
345 367 7
346 347 9
347 369 12
348 372 10
348 349 9
349 373 6
349 350 9
350 374 6
350 351 7
351 352 11
352 353 11
353 375 7
353 354 8
354 376 11
354 355 10
355 356 10
356 357 6
357 377 10
357 358 9
358 378 10
360 361 5
362 363 10
363 380 8
364 365 8
366 383 9
366 367 12
368 384 12
369 385 6
369 370 6
370 386 7
370 371 11
371 387 9
371 372 5
372 388 9
372 373 12
373 389 5
373 374 7
375 390 8
375 376 6
377 378 6
379 394 5
380 396 6
380 381 6
382 397 8
382 383 10
384 398 8
385 400 8
385 386 6
386 401 12
386 387 8
387 402 8
387 388 10
388 403 9
388 389 11
389 404 10
390 407 8
391 411 9
392 393 5
393 394 10
394 414 7
394 395 5
395 396 7
396 415 12
397 419 11
398 399 8
399 422 10
399 400 11
400 401 10
401 423 9
401 402 9
402 403 5
403 424 7
403 404 11
404 425 11
405 427 5
405 406 11
406 407 8
407 428 5
408 429 11
409 410 10
410 411 7
411 431 6
411 412 7
412 413 11
413 432 6
415 435 9
415 416 11
416 436 9
416 417 8
417 418 8
418 437 9
418 419 12
419 438 11
419 420 10
420 421 10
423 440 7
424 425 11
425 442 9
425 426 10
426 443 7
426 427 8
427 444 10
429 447 7
429 430 6
430 448 7
431 450 7
433 453 6
434 454 5
434 435 12
435 436 8
436 455 11
437 456 5
437 438 12
439 440 12
440 461 11
440 441 10
441 462 12
442 464 11
442 443 10
443 465 12
443 444 8
444 466 5
444 445 10
445 467 5
446 468 10
446 447 11
447 448 11
448 469 12
449 471 12
449 450 7
450 451 11
451 472 11
452 453 12
453 474 9
454 476 10
455 477 7
456 479 8
457 481 7
457 458 9
459 482 6
459 460 7
460 483 8
461 485 10
461 462 10
462 463 9
463 486 5
463 464 5
464 487 12
464 465 11
465 488 7
465 466 8
466 489 11
466 467 5
469 470 8
470 491 10
470 471 9
471 492 6
472 473 8
473 494 11
474 496 6
474 475 11
475 497 6
475 476 5
476 498 11
477 499 5
477 478 6
478 479 9
479 500 11
479 480 11
480 501 6
480 481 7
481 502 6
482 504 12
482 483 8
483 484 8
484 505 6
484 485 10
485 506 9
486 508 7
486 487 11
487 488 12
488 509 10
488 489 10
489 510 5
490 514 7
491 492 12
492 516 12
492 493 12
494 495 12
495 496 11
496 497 9
497 518 12
497 498 9
499 519 6
500 501 11
501 502 6
502 521 9
502 503 12
504 522 5
505 524 6
505 506 5
506 507 9
507 508 9
509 525 12
509 510 12
510 511 6
511 526 8
511 512 6
512 527 9
512 513 8
513 528 7
513 514 11
514 529 6
514 515 10
517 532 9
518 536 6
519 538 8
519 520 8
520 539 12
522 543 6
522 523 8
523 544 8
523 524 10
524 545 5
525 548 8
526 550 6
526 527 9
527 551 6
527 528 11
528 552 5
528 529 5
530 554 7
531 556 8
531 532 12
532 557 5
532 533 5
533 534 6
534 535 12
535 558 12
535 536 8
536 559 9
537 560 7
537 538 7
538 539 7
539 561 5
539 540 7
540 541 7
541 562 12
542 564 9
543 544 7
544 545 11
545 565 10
545 546 7
547 567 5
548 569 8
548 549 12
549 570 12
549 550 6
550 571 7
550 551 7
551 552 9
552 572 11
553 573 6
553 554 7
554 574 8
554 555 5
555 556 5
556 557 5
557 575 12
558 559 10
559 578 8
560 580 6
561 581 11
562 582 8
562 563 12
563 564 7
565 585 10
566 567 10
567 586 10
567 568 7
568 569 10
569 587 10
569 570 8
570 571 7
571 588 5
573 574 12
574 590 9
575 576 7
576 577 9
577 593 5
578 579 5
579 595 8
579 580 7
581 597 8
582 599 7
583 584 12
584 585 10
588 589 7
590 591 10
591 592 11
593 594 6
596 597 6
597 598 5
598 599 7
10 0.05 0.05 0.05
