600
0 -1.0 -1.0 9.0 170.0 85.0
1 -1.0 -1.0 10.0 175.0 16.0
2 -1.0 -1.0 6.0 290.0 26.0
3 -1.0 -1.0 7.0 104.0 45.0
4 -1.0 -1.0 20.0 162.0 21.0
5 -1.0 -1.0 12.0 159.0 69.0
6 -1.0 -1.0 9.0 321.0 60.0
7 -1.0 -1.0 18.0 208.0 44.0
8 -1.0 -1.0 15.0 71.0 91.0
9 -1.0 -1.0 15.0 253.0 67.0
10 -1.0 -1.0 13.0 241.0 23.0
11 -1.0 -1.0 5.0 117.0 89.0
12 -1.0 -1.0 16.0 321.0 75.0
13 -1.0 -1.0 4.0 177.0 19.0
14 -1.0 -1.0 6.0 198.0 23.0
15 -1.0 -1.0 20.0 339.0 26.0
16 -1.0 -1.0 14.0 36.0 84.0
17 -1.0 -1.0 8.0 161.0 91.0
18 -1.0 -1.0 20.0 374.0 54.0
19 -1.0 -1.0 5.0 67.0 21.0
20 -1.0 -1.0 17.0 396.0 20.0
21 -1.0 -1.0 9.0 362.0 20.0
22 -1.0 -1.0 16.0 259.0 54.0
23 -1.0 -1.0 8.0 172.0 89.0
24 -1.0 -1.0 15.0 66.0 100.0
25 -1.0 -1.0 19.0 133.0 28.0
26 -1.0 -1.0 11.0 17.0 69.0
27 -1.0 -1.0 19.0 128.0 77.0
28 -1.0 -1.0 16.0 256.0 82.0
29 -1.0 -1.0 11.0 386.0 84.0
30 -1.0 -1.0 17.0 294.0 20.0
31 -1.0 -1.0 6.0 335.0 85.0
32 -1.0 -1.0 4.0 372.0 76.0
33 -1.0 -1.0 5.0 40.0 26.0
34 -1.0 -1.0 17.0 226.0 20.0
35 -1.0 -1.0 18.0 377.0 36.0
36 -1.0 -1.0 12.0 292.0 57.0
37 -1.0 -1.0 13.0 153.0 76.0
38 -1.0 -1.0 11.0 150.0 94.0
39 -1.0 -1.0 7.0 258.0 80.0
40 -1.0 -1.0 20.0 64.0 55.0
41 -1.0 -1.0 18.0 57.0 75.0
42 -1.0 -1.0 17.0 276.0 73.0
43 -1.0 -1.0 17.0 346.0 25.0
44 -1.0 -1.0 4.0 213.0 97.0
45 -1.0 -1.0 17.0 49.0 70.0
46 -1.0 -1.0 10.0 62.0 22.0
47 -1.0 -1.0 4.0 344.0 33.0
48 -1.0 -1.0 13.0 313.0 43.0
49 -1.0 -1.0 13.0 315.0 39.0
50 -1.0 -1.0 10.0 45.0 97.0
51 -1.0 -1.0 7.0 69.0 79.0
52 -1.0 -1.0 8.0 324.0 24.0
53 -1.0 -1.0 6.0 216.0 76.0
54 -1.0 -1.0 4.0 392.0 55.0
55 -1.0 -1.0 18.0 387.0 70.0
56 -1.0 -1.0 16.0 71.0 39.0
57 -1.0 -1.0 6.0 321.0 44.0
58 -1.0 -1.0 5.0 226.0 53.0
59 -1.0 -1.0 15.0 134.0 42.0
60 -1.0 -1.0 18.0 318.0 20.0
61 -1.0 -1.0 20.0 378.0 100.0
62 -1.0 -1.0 18.0 210.0 15.0
63 -1.0 -1.0 20.0 389.0 58.0
64 -1.0 -1.0 20.0 67.0 83.0
65 -1.0 -1.0 16.0 349.0 91.0
66 -1.0 -1.0 14.0 134.0 44.0
67 -1.0 -1.0 8.0 142.0 44.0
68 -1.0 -1.0 9.0 283.0 94.0
69 -1.0 -1.0 12.0 331.0 43.0
70 -1.0 -1.0 10.0 27.0 68.0
71 -1.0 -1.0 6.0 362.0 91.0
72 -1.0 -1.0 12.0 368.0 94.0
73 -1.0 -1.0 7.0 245.0 58.0
74 -1.0 -1.0 9.0 241.0 87.0
75 -1.0 -1.0 11.0 42.0 42.0
76 -1.0 -1.0 6.0 225.0 38.0
77 -1.0 -1.0 7.0 228.0 99.0
78 -1.0 -1.0 14.0 113.0 97.0
79 -1.0 -1.0 13.0 175.0 31.0
80 -1.0 -1.0 16.0 397.0 39.0
81 -1.0 -1.0 20.0 364.0 91.0
82 -1.0 -1.0 15.0 295.0 39.0
83 -1.0 -1.0 10.0 104.0 100.0
84 -1.0 -1.0 9.0 123.0 43.0
85 -1.0 -1.0 17.0 399.0 89.0
86 -1.0 -1.0 4.0 56.0 71.0
87 -1.0 -1.0 18.0 230.0 25.0
88 -1.0 -1.0 7.0 272.0 24.0
89 -1.0 -1.0 19.0 189.0 23.0
90 -1.0 -1.0 19.0 208.0 47.0
91 -1.0 -1.0 20.0 391.0 59.0
92 -1.0 -1.0 13.0 373.0 17.0
93 -1.0 -1.0 9.0 226.0 51.0
94 -1.0 -1.0 17.0 33.0 33.0
95 -1.0 -1.0 7.0 200.0 93.0
96 -1.0 -1.0 15.0 86.0 50.0
97 -1.0 -1.0 11.0 172.0 54.0
98 -1.0 -1.0 13.0 378.0 99.0
99 -1.0 -1.0 9.0 83.0 83.0
100 -1.0 -1.0 20.0 178.0 57.0
101 -1.0 -1.0 10.0 228.0 85.0
102 -1.0 -1.0 7.0 336.0 63.0
103 -1.0 -1.0 13.0 223.0 52.0
104 -1.0 -1.0 6.0 93.0 99.0
105 -1.0 -1.0 10.0 106.0 85.0
106 -1.0 -1.0 6.0 191.0 19.0
107 -1.0 -1.0 8.0 88.0 63.0
108 -1.0 -1.0 8.0 192.0 98.0
109 -1.0 -1.0 18.0 162.0 38.0
110 -1.0 -1.0 18.0 207.0 84.0
111 -1.0 -1.0 16.0 337.0 51.0
112 -1.0 -1.0 9.0 247.0 61.0
113 -1.0 -1.0 12.0 368.0 34.0
114 -1.0 -1.0 20.0 51.0 100.0
115 -1.0 -1.0 4.0 188.0 67.0
116 -1.0 -1.0 16.0 156.0 59.0
117 -1.0 -1.0 6.0 381.0 33.0
118 -1.0 -1.0 8.0 105.0 62.0
119 -1.0 -1.0 5.0 270.0 17.0
120 -1.0 -1.0 15.0 139.0 45.0
121 -1.0 -1.0 6.0 149.0 48.0
122 -1.0 -1.0 16.0 169.0 26.0
123 -1.0 -1.0 16.0 334.0 50.0
124 -1.0 -1.0 5.0 301.0 80.0
125 -1.0 -1.0 11.0 63.0 58.0
126 -1.0 -1.0 13.0 15.0 57.0
127 -1.0 -1.0 19.0 21.0 75.0
128 -1.0 -1.0 13.0 53.0 53.0
129 -1.0 -1.0 16.0 212.0 72.0
130 -1.0 -1.0 5.0 217.0 85.0
131 -1.0 -1.0 14.0 166.0 73.0
132 -1.0 -1.0 4.0 86.0 78.0
133 -1.0 -1.0 14.0 53.0 42.0
134 -1.0 -1.0 9.0 243.0 86.0
135 -1.0 -1.0 6.0 291.0 58.0
136 -1.0 -1.0 9.0 355.0 80.0
137 -1.0 -1.0 11.0 271.0 55.0
138 -1.0 -1.0 20.0 151.0 18.0
139 -1.0 -1.0 5.0 278.0 68.0
140 -1.0 -1.0 15.0 334.0 56.0
141 -1.0 -1.0 8.0 389.0 23.0
142 -1.0 -1.0 5.0 265.0 96.0
143 -1.0 -1.0 20.0 206.0 43.0
144 -1.0 -1.0 17.0 375.0 59.0
145 -1.0 -1.0 9.0 209.0 78.0
146 -1.0 -1.0 6.0 338.0 28.0
147 -1.0 -1.0 9.0 312.0 97.0
148 -1.0 -1.0 11.0 345.0 99.0
149 -1.0 -1.0 15.0 315.0 33.0
150 -1.0 -1.0 15.0 161.0 38.0
151 -1.0 -1.0 16.0 99.0 95.0
152 -1.0 -1.0 16.0 55.0 20.0
153 -1.0 -1.0 13.0 144.0 96.0
154 -1.0 -1.0 7.0 324.0 84.0
155 -1.0 -1.0 20.0 134.0 22.0
156 -1.0 -1.0 8.0 181.0 32.0
157 -1.0 -1.0 4.0 255.0 28.0
158 -1.0 -1.0 14.0 89.0 16.0
159 -1.0 -1.0 7.0 171.0 93.0
160 -1.0 -1.0 16.0 273.0 43.0
161 -1.0 -1.0 9.0 389.0 25.0
162 -1.0 -1.0 13.0 212.0 44.0
163 -1.0 -1.0 11.0 316.0 19.0
164 -1.0 -1.0 4.0 250.0 96.0
165 -1.0 -1.0 18.0 39.0 100.0
166 -1.0 -1.0 12.0 17.0 65.0
167 -1.0 -1.0 5.0 175.0 40.0
168 -1.0 -1.0 6.0 296.0 79.0
169 -1.0 -1.0 9.0 369.0 40.0
170 -1.0 -1.0 14.0 150.0 66.0
171 -1.0 -1.0 4.0 354.0 89.0
172 -1.0 -1.0 15.0 251.0 95.0
173 -1.0 -1.0 13.0 357.0 15.0
174 -1.0 -1.0 14.0 118.0 65.0
175 -1.0 -1.0 12.0 306.0 92.0
176 -1.0 -1.0 8.0 134.0 99.0
177 -1.0 -1.0 11.0 340.0 28.0
178 -1.0 -1.0 10.0 137.0 100.0
179 -1.0 -1.0 16.0 282.0 49.0
180 -1.0 -1.0 10.0 273.0 24.0
181 -1.0 -1.0 19.0 15.0 19.0
182 -1.0 -1.0 18.0 126.0 74.0
183 -1.0 -1.0 16.0 196.0 15.0
184 -1.0 -1.0 7.0 325.0 36.0
185 -1.0 -1.0 20.0 388.0 57.0
186 -1.0 -1.0 19.0 225.0 66.0
187 -1.0 -1.0 10.0 361.0 68.0
188 -1.0 -1.0 19.0 23.0 73.0
189 -1.0 -1.0 8.0 226.0 41.0
190 -1.0 -1.0 11.0 371.0 93.0
191 -1.0 -1.0 5.0 237.0 63.0
192 -1.0 -1.0 11.0 26.0 73.0
193 -1.0 -1.0 8.0 195.0 26.0
194 -1.0 -1.0 5.0 221.0 86.0
195 -1.0 -1.0 17.0 153.0 65.0
196 -1.0 -1.0 4.0 136.0 36.0
197 -1.0 -1.0 17.0 324.0 87.0
198 -1.0 -1.0 8.0 163.0 83.0
199 -1.0 -1.0 9.0 326.0 24.0
200 -1.0 -1.0 14.0 67.0 47.0
201 -1.0 -1.0 5.0 88.0 33.0
202 -1.0 -1.0 7.0 346.0 40.0
203 -1.0 -1.0 15.0 163.0 64.0
204 -1.0 -1.0 14.0 48.0 52.0
205 -1.0 -1.0 14.0 297.0 98.0
206 -1.0 -1.0 14.0 69.0 28.0
207 -1.0 -1.0 6.0 109.0 24.0
208 -1.0 -1.0 14.0 282.0 70.0
209 -1.0 -1.0 11.0 150.0 41.0
210 -1.0 -1.0 6.0 54.0 34.0
211 -1.0 -1.0 16.0 201.0 78.0
212 -1.0 -1.0 19.0 264.0 91.0
213 -1.0 -1.0 15.0 309.0 77.0
214 -1.0 -1.0 15.0 260.0 31.0
215 -1.0 -1.0 13.0 79.0 57.0
216 -1.0 -1.0 17.0 196.0 52.0
217 -1.0 -1.0 17.0 125.0 81.0
218 -1.0 -1.0 14.0 52.0 79.0
219 -1.0 -1.0 14.0 314.0 22.0
220 -1.0 -1.0 6.0 399.0 85.0
221 -1.0 -1.0 12.0 193.0 78.0
222 -1.0 -1.0 10.0 310.0 16.0
223 -1.0 -1.0 8.0 138.0 39.0
224 -1.0 -1.0 4.0 140.0 85.0
225 -1.0 -1.0 12.0 247.0 92.0
226 -1.0 -1.0 6.0 179.0 93.0
227 -1.0 -1.0 20.0 59.0 26.0
228 -1.0 -1.0 14.0 262.0 29.0
229 -1.0 -1.0 5.0 148.0 73.0
230 -1.0 -1.0 8.0 24.0 20.0
231 -1.0 -1.0 11.0 284.0 28.0
232 -1.0 -1.0 17.0 152.0 39.0
233 -1.0 -1.0 5.0 255.0 25.0
234 -1.0 -1.0 14.0 157.0 95.0
235 -1.0 -1.0 20.0 176.0 73.0
236 -1.0 -1.0 12.0 331.0 81.0
237 -1.0 -1.0 14.0 18.0 30.0
238 -1.0 -1.0 12.0 370.0 44.0
239 -1.0 -1.0 15.0 65.0 41.0
240 -1.0 -1.0 11.0 344.0 18.0
241 -1.0 -1.0 9.0 386.0 67.0
242 -1.0 -1.0 11.0 99.0 62.0
243 -1.0 -1.0 4.0 272.0 54.0
244 -1.0 -1.0 16.0 258.0 49.0
245 -1.0 -1.0 15.0 126.0 19.0
246 -1.0 -1.0 6.0 363.0 58.0
247 -1.0 -1.0 10.0 26.0 50.0
248 -1.0 -1.0 10.0 211.0 41.0
249 -1.0 -1.0 18.0 127.0 17.0
250 -1.0 -1.0 17.0 386.0 96.0
251 -1.0 -1.0 11.0 96.0 26.0
252 -1.0 -1.0 6.0 162.0 85.0
253 -1.0 -1.0 18.0 204.0 62.0
254 -1.0 -1.0 6.0 104.0 86.0
255 -1.0 -1.0 15.0 252.0 87.0
256 -1.0 -1.0 18.0 244.0 67.0
257 -1.0 -1.0 20.0 331.0 89.0
258 -1.0 -1.0 10.0 340.0 37.0
259 -1.0 -1.0 20.0 332.0 28.0
260 -1.0 -1.0 18.0 159.0 23.0
261 -1.0 -1.0 15.0 371.0 81.0
262 -1.0 -1.0 5.0 257.0 95.0
263 -1.0 -1.0 15.0 368.0 26.0
264 -1.0 -1.0 6.0 332.0 88.0
265 -1.0 -1.0 11.0 16.0 59.0
266 -1.0 -1.0 4.0 274.0 42.0
267 -1.0 -1.0 10.0 208.0 89.0
268 -1.0 -1.0 17.0 56.0 17.0
269 -1.0 -1.0 15.0 25.0 96.0
270 -1.0 -1.0 11.0 135.0 25.0
271 -1.0 -1.0 9.0 217.0 92.0
272 -1.0 -1.0 19.0 251.0 98.0
273 -1.0 -1.0 20.0 201.0 95.0
274 -1.0 -1.0 12.0 89.0 30.0
275 -1.0 -1.0 5.0 323.0 34.0
276 -1.0 -1.0 13.0 342.0 49.0
277 -1.0 -1.0 13.0 171.0 76.0
278 -1.0 -1.0 17.0 392.0 66.0
279 -1.0 -1.0 5.0 298.0 76.0
280 -1.0 -1.0 4.0 396.0 17.0
281 -1.0 -1.0 10.0 172.0 57.0
282 -1.0 -1.0 9.0 296.0 68.0
283 -1.0 -1.0 15.0 330.0 42.0
284 -1.0 -1.0 7.0 55.0 25.0
285 -1.0 -1.0 5.0 311.0 16.0
286 -1.0 -1.0 14.0 58.0 50.0
287 -1.0 -1.0 16.0 115.0 46.0
288 -1.0 -1.0 18.0 157.0 65.0
289 -1.0 -1.0 13.0 181.0 55.0
290 -1.0 -1.0 9.0 36.0 85.0
291 -1.0 -1.0 12.0 360.0 47.0
292 -1.0 -1.0 20.0 184.0 85.0
293 -1.0 -1.0 9.0 19.0 85.0
294 -1.0 -1.0 11.0 174.0 64.0
295 -1.0 -1.0 8.0 244.0 54.0
296 -1.0 -1.0 19.0 283.0 95.0
297 -1.0 -1.0 12.0 69.0 57.0
298 -1.0 -1.0 8.0 120.0 72.0
299 -1.0 -1.0 18.0 385.0 26.0
300 -1.0 -1.0 17.0 299.0 16.0
301 -1.0 -1.0 18.0 313.0 72.0
302 -1.0 -1.0 9.0 346.0 49.0
303 -1.0 -1.0 19.0 18.0 15.0
304 -1.0 -1.0 13.0 240.0 22.0
305 -1.0 -1.0 5.0 263.0 23.0
306 -1.0 -1.0 9.0 132.0 71.0
307 -1.0 -1.0 15.0 220.0 98.0
308 -1.0 -1.0 12.0 181.0 64.0
309 -1.0 -1.0 7.0 18.0 33.0
310 -1.0 -1.0 17.0 199.0 30.0
311 -1.0 -1.0 19.0 81.0 95.0
312 -1.0 -1.0 16.0 220.0 30.0
313 -1.0 -1.0 4.0 383.0 32.0
314 -1.0 -1.0 11.0 186.0 91.0
315 -1.0 -1.0 19.0 284.0 65.0
316 -1.0 -1.0 17.0 238.0 56.0
317 -1.0 -1.0 20.0 138.0 77.0
318 -1.0 -1.0 5.0 93.0 62.0
319 -1.0 -1.0 14.0 131.0 40.0
320 -1.0 -1.0 12.0 291.0 75.0
321 -1.0 -1.0 6.0 221.0 73.0
322 -1.0 -1.0 16.0 112.0 86.0
323 -1.0 -1.0 17.0 67.0 55.0
324 -1.0 -1.0 15.0 181.0 62.0
325 -1.0 -1.0 20.0 128.0 28.0
326 -1.0 -1.0 14.0 129.0 19.0
327 -1.0 -1.0 12.0 299.0 42.0
328 -1.0 -1.0 13.0 60.0 64.0
329 -1.0 -1.0 19.0 163.0 74.0
330 -1.0 -1.0 14.0 303.0 97.0
331 -1.0 -1.0 12.0 304.0 56.0
332 -1.0 -1.0 19.0 352.0 81.0
333 -1.0 -1.0 7.0 36.0 48.0
334 -1.0 -1.0 18.0 273.0 17.0
335 -1.0 -1.0 14.0 347.0 55.0
336 -1.0 -1.0 7.0 263.0 91.0
337 -1.0 -1.0 16.0 288.0 78.0
338 -1.0 -1.0 15.0 352.0 76.0
339 -1.0 -1.0 14.0 79.0 47.0
340 -1.0 -1.0 17.0 36.0 36.0
341 -1.0 -1.0 16.0 204.0 94.0
342 -1.0 -1.0 11.0 295.0 34.0
343 -1.0 -1.0 17.0 35.0 36.0
344 -1.0 -1.0 8.0 203.0 31.0
345 -1.0 -1.0 20.0 273.0 74.0
346 -1.0 -1.0 13.0 154.0 53.0
347 -1.0 -1.0 13.0 230.0 85.0
348 -1.0 -1.0 14.0 277.0 30.0
349 -1.0 -1.0 6.0 294.0 33.0
350 -1.0 -1.0 4.0 289.0 54.0
351 -1.0 -1.0 17.0 366.0 89.0
352 -1.0 -1.0 5.0 140.0 71.0
353 -1.0 -1.0 5.0 310.0 65.0
354 -1.0 -1.0 18.0 149.0 99.0
355 -1.0 -1.0 8.0 377.0 33.0
356 -1.0 -1.0 19.0 121.0 72.0
357 -1.0 -1.0 18.0 381.0 70.0
358 -1.0 -1.0 17.0 55.0 92.0
359 -1.0 -1.0 16.0 265.0 69.0
360 -1.0 -1.0 12.0 242.0 46.0
361 -1.0 -1.0 4.0 211.0 20.0
362 -1.0 -1.0 9.0 234.0 95.0
363 -1.0 -1.0 18.0 367.0 27.0
364 -1.0 -1.0 15.0 157.0 36.0
365 -1.0 -1.0 12.0 47.0 51.0
366 -1.0 -1.0 8.0 60.0 39.0
367 -1.0 -1.0 9.0 302.0 28.0
368 -1.0 -1.0 15.0 100.0 28.0
369 -1.0 -1.0 6.0 298.0 47.0
370 -1.0 -1.0 20.0 176.0 23.0
371 -1.0 -1.0 17.0 109.0 24.0
372 -1.0 -1.0 4.0 283.0 24.0
373 -1.0 -1.0 19.0 263.0 39.0
374 -1.0 -1.0 12.0 308.0 35.0
375 -1.0 -1.0 19.0 373.0 49.0
376 -1.0 -1.0 15.0 307.0 24.0
377 -1.0 -1.0 12.0 210.0 45.0
378 -1.0 -1.0 16.0 26.0 54.0
379 -1.0 -1.0 19.0 352.0 28.0
380 -1.0 -1.0 8.0 126.0 74.0
381 -1.0 -1.0 16.0 369.0 71.0
382 -1.0 -1.0 13.0 39.0 18.0
383 -1.0 -1.0 20.0 148.0 18.0
384 -1.0 -1.0 20.0 258.0 39.0
385 -1.0 -1.0 14.0 205.0 99.0
386 -1.0 -1.0 13.0 247.0 82.0
387 -1.0 -1.0 18.0 298.0 88.0
388 -1.0 -1.0 6.0 346.0 92.0
389 -1.0 -1.0 13.0 365.0 78.0
390 -1.0 -1.0 16.0 373.0 48.0
391 -1.0 -1.0 10.0 269.0 99.0
392 -1.0 -1.0 6.0 81.0 87.0
393 -1.0 -1.0 9.0 225.0 27.0
394 -1.0 -1.0 11.0 183.0 62.0
395 -1.0 -1.0 20.0 388.0 32.0
396 -1.0 -1.0 15.0 272.0 76.0
397 -1.0 -1.0 6.0 54.0 38.0
398 -1.0 -1.0 12.0 241.0 28.0
399 -1.0 -1.0 4.0 209.0 99.0
400 -1.0 -1.0 6.0 284.0 24.0
401 -1.0 -1.0 18.0 345.0 31.0
402 -1.0 -1.0 20.0 315.0 70.0
403 -1.0 -1.0 6.0 350.0 34.0
404 -1.0 -1.0 16.0 348.0 87.0
405 -1.0 -1.0 14.0 312.0 99.0
406 -1.0 -1.0 7.0 68.0 53.0
407 -1.0 -1.0 16.0 165.0 20.0
408 -1.0 -1.0 15.0 385.0 37.0
409 -1.0 -1.0 10.0 259.0 50.0
410 -1.0 -1.0 18.0 376.0 17.0
411 -1.0 -1.0 9.0 395.0 98.0
412 -1.0 -1.0 19.0 68.0 26.0
413 -1.0 -1.0 9.0 72.0 53.0
414 -1.0 -1.0 6.0 123.0 81.0
415 -1.0 -1.0 5.0 222.0 60.0
416 -1.0 -1.0 17.0 165.0 80.0
417 -1.0 -1.0 16.0 282.0 99.0
418 -1.0 -1.0 4.0 295.0 39.0
419 -1.0 -1.0 13.0 344.0 89.0
420 -1.0 -1.0 13.0 281.0 62.0
421 -1.0 -1.0 14.0 101.0 59.0
422 -1.0 -1.0 19.0 77.0 78.0
423 -1.0 -1.0 11.0 120.0 41.0
424 -1.0 -1.0 9.0 390.0 73.0
425 -1.0 -1.0 19.0 241.0 37.0
426 -1.0 -1.0 8.0 165.0 54.0
427 -1.0 -1.0 18.0 159.0 22.0
428 -1.0 -1.0 18.0 398.0 44.0
429 -1.0 -1.0 13.0 348.0 18.0
430 -1.0 -1.0 18.0 51.0 53.0
431 -1.0 -1.0 16.0 195.0 48.0
432 -1.0 -1.0 12.0 158.0 49.0
433 -1.0 -1.0 16.0 211.0 62.0
434 -1.0 -1.0 15.0 394.0 26.0
435 -1.0 -1.0 19.0 34.0 92.0
436 -1.0 -1.0 6.0 242.0 24.0
437 -1.0 -1.0 17.0 377.0 53.0
438 -1.0 -1.0 19.0 119.0 87.0
439 -1.0 -1.0 13.0 171.0 64.0
440 -1.0 -1.0 18.0 202.0 40.0
441 -1.0 -1.0 7.0 21.0 28.0
442 -1.0 -1.0 14.0 72.0 41.0
443 -1.0 -1.0 8.0 36.0 99.0
444 -1.0 -1.0 4.0 232.0 19.0
445 -1.0 -1.0 17.0 104.0 39.0
446 -1.0 -1.0 7.0 385.0 17.0
447 -1.0 -1.0 17.0 264.0 74.0
448 -1.0 -1.0 16.0 292.0 80.0
449 -1.0 -1.0 17.0 353.0 53.0
450 -1.0 -1.0 4.0 175.0 85.0
451 -1.0 -1.0 10.0 129.0 95.0
452 -1.0 -1.0 12.0 312.0 77.0
453 -1.0 -1.0 10.0 133.0 96.0
454 -1.0 -1.0 5.0 289.0 38.0
455 -1.0 -1.0 10.0 93.0 98.0
456 -1.0 -1.0 5.0 357.0 36.0
457 -1.0 -1.0 5.0 98.0 58.0
458 -1.0 -1.0 4.0 305.0 62.0
459 -1.0 -1.0 14.0 272.0 75.0
460 -1.0 -1.0 5.0 369.0 85.0
461 -1.0 -1.0 15.0 83.0 65.0
462 -1.0 -1.0 14.0 381.0 38.0
463 -1.0 -1.0 15.0 325.0 71.0
464 -1.0 -1.0 4.0 119.0 72.0
465 -1.0 -1.0 7.0 92.0 28.0
466 -1.0 -1.0 17.0 106.0 90.0
467 -1.0 -1.0 10.0 360.0 47.0
468 -1.0 -1.0 7.0 268.0 97.0
469 -1.0 -1.0 5.0 296.0 19.0
470 -1.0 -1.0 18.0 40.0 75.0
471 -1.0 -1.0 13.0 384.0 68.0
472 -1.0 -1.0 9.0 97.0 73.0
473 -1.0 -1.0 10.0 210.0 54.0
474 -1.0 -1.0 16.0 281.0 24.0
475 -1.0 -1.0 18.0 174.0 61.0
476 -1.0 -1.0 18.0 83.0 54.0
477 -1.0 -1.0 19.0 62.0 83.0
478 -1.0 -1.0 6.0 130.0 51.0
479 -1.0 -1.0 9.0 281.0 40.0
480 -1.0 -1.0 12.0 68.0 71.0
481 -1.0 -1.0 9.0 162.0 78.0
482 -1.0 -1.0 9.0 350.0 47.0
483 -1.0 -1.0 13.0 314.0 99.0
484 -1.0 -1.0 6.0 46.0 51.0
485 -1.0 -1.0 19.0 178.0 52.0
486 -1.0 -1.0 17.0 49.0 97.0
487 -1.0 -1.0 4.0 333.0 91.0
488 -1.0 -1.0 6.0 373.0 17.0
489 -1.0 -1.0 13.0 60.0 67.0
490 -1.0 -1.0 18.0 236.0 15.0
491 -1.0 -1.0 19.0 138.0 88.0
492 -1.0 -1.0 7.0 45.0 87.0
493 -1.0 -1.0 10.0 36.0 69.0
494 -1.0 -1.0 15.0 106.0 77.0
495 -1.0 -1.0 15.0 374.0 27.0
496 -1.0 -1.0 5.0 374.0 43.0
497 -1.0 -1.0 18.0 37.0 41.0
498 -1.0 -1.0 10.0 358.0 38.0
499 -1.0 -1.0 15.0 42.0 98.0
500 -1.0 -1.0 5.0 293.0 43.0
501 -1.0 -1.0 9.0 96.0 85.0
502 -1.0 -1.0 4.0 290.0 48.0
503 -1.0 -1.0 8.0 326.0 81.0
504 -1.0 -1.0 16.0 234.0 95.0
505 -1.0 -1.0 17.0 243.0 70.0
506 -1.0 -1.0 13.0 319.0 98.0
507 -1.0 -1.0 4.0 71.0 60.0
508 -1.0 -1.0 12.0 29.0 46.0
509 -1.0 -1.0 7.0 140.0 45.0
510 -1.0 -1.0 12.0 32.0 63.0
511 -1.0 -1.0 14.0 23.0 23.0
512 -1.0 -1.0 9.0 354.0 32.0
513 -1.0 -1.0 17.0 214.0 16.0
514 -1.0 -1.0 19.0 44.0 73.0
515 -1.0 -1.0 11.0 270.0 81.0
516 -1.0 -1.0 10.0 233.0 37.0
517 -1.0 -1.0 15.0 50.0 42.0
518 -1.0 -1.0 8.0 364.0 18.0
519 -1.0 -1.0 12.0 134.0 26.0
520 -1.0 -1.0 11.0 331.0 86.0
521 -1.0 -1.0 12.0 110.0 52.0
522 -1.0 -1.0 4.0 322.0 92.0
523 -1.0 -1.0 19.0 22.0 17.0
524 -1.0 -1.0 20.0 111.0 61.0
525 -1.0 -1.0 12.0 72.0 25.0
526 -1.0 -1.0 13.0 353.0 26.0
527 -1.0 -1.0 17.0 333.0 57.0
528 -1.0 -1.0 20.0 376.0 92.0
529 -1.0 -1.0 7.0 379.0 53.0
530 -1.0 -1.0 15.0 341.0 77.0
531 -1.0 -1.0 7.0 168.0 94.0
532 -1.0 -1.0 9.0 114.0 29.0
533 -1.0 -1.0 19.0 204.0 40.0
534 -1.0 -1.0 9.0 28.0 68.0
535 -1.0 -1.0 10.0 24.0 81.0
536 -1.0 -1.0 13.0 352.0 67.0
537 -1.0 -1.0 19.0 223.0 37.0
538 -1.0 -1.0 4.0 63.0 31.0
539 -1.0 -1.0 8.0 326.0 47.0
540 -1.0 -1.0 10.0 35.0 71.0
541 -1.0 -1.0 13.0 299.0 20.0
542 -1.0 -1.0 18.0 381.0 59.0
543 -1.0 -1.0 8.0 45.0 47.0
544 -1.0 -1.0 20.0 198.0 23.0
545 -1.0 -1.0 12.0 377.0 89.0
546 -1.0 -1.0 17.0 370.0 22.0
547 -1.0 -1.0 18.0 196.0 99.0
548 -1.0 -1.0 19.0 194.0 95.0
549 -1.0 -1.0 7.0 126.0 31.0
550 -1.0 -1.0 18.0 265.0 59.0
551 -1.0 -1.0 8.0 284.0 86.0
552 -1.0 -1.0 16.0 348.0 90.0
553 -1.0 -1.0 13.0 303.0 78.0
554 -1.0 -1.0 17.0 149.0 86.0
555 -1.0 -1.0 17.0 38.0 60.0
556 -1.0 -1.0 16.0 192.0 81.0
557 -1.0 -1.0 13.0 250.0 94.0
558 -1.0 -1.0 10.0 78.0 68.0
559 -1.0 -1.0 4.0 379.0 99.0
560 -1.0 -1.0 18.0 192.0 92.0
561 -1.0 -1.0 19.0 127.0 73.0
562 -1.0 -1.0 10.0 246.0 15.0
563 -1.0 -1.0 18.0 86.0 32.0
564 -1.0 -1.0 20.0 192.0 17.0
565 -1.0 -1.0 4.0 281.0 25.0
566 -1.0 -1.0 17.0 56.0 77.0
567 -1.0 -1.0 4.0 239.0 88.0
568 -1.0 -1.0 7.0 389.0 76.0
569 -1.0 -1.0 6.0 135.0 40.0
570 -1.0 -1.0 9.0 148.0 43.0
571 -1.0 -1.0 13.0 95.0 96.0
572 -1.0 -1.0 7.0 130.0 38.0
573 -1.0 -1.0 9.0 148.0 76.0
574 -1.0 -1.0 10.0 246.0 52.0
575 -1.0 -1.0 11.0 26.0 95.0
576 -1.0 -1.0 13.0 58.0 58.0
577 -1.0 -1.0 17.0 144.0 74.0
578 -1.0 -1.0 7.0 291.0 44.0
579 -1.0 -1.0 16.0 284.0 61.0
580 -1.0 -1.0 4.0 362.0 24.0
581 -1.0 -1.0 16.0 282.0 90.0
582 -1.0 -1.0 18.0 310.0 84.0
583 -1.0 -1.0 5.0 215.0 37.0
584 -1.0 -1.0 17.0 306.0 86.0
585 -1.0 -1.0 6.0 317.0 98.0
586 -1.0 -1.0 4.0 344.0 21.0
587 -1.0 -1.0 12.0 346.0 95.0
588 -1.0 -1.0 7.0 308.0 98.0
589 -1.0 -1.0 18.0 53.0 27.0
590 -1.0 -1.0 17.0 286.0 63.0
591 -1.0 -1.0 17.0 30.0 52.0
592 -1.0 -1.0 4.0 253.0 87.0
593 -1.0 -1.0 14.0 392.0 23.0
594 -1.0 -1.0 10.0 318.0 46.0
595 -1.0 -1.0 14.0 93.0 16.0
596 -1.0 -1.0 8.0 220.0 17.0
597 -1.0 -1.0 8.0 173.0 33.0
598 -1.0 -1.0 14.0 379.0 49.0
599 -1.0 -1.0 16.0 372.0 26.0
763
0 20 10
1 2 7
2 22 10
2 3 9
3 4 8
4 23 9
4 5 6
5 24 8
5 6 5
6 25 9
6 7 7
7 26 9
8 27 7
9 10 5
10 11 10
11 12 12
12 30 6
12 13 12
14 32 10
15 34 9
16 36 11
16 17 5
18 38 12
18 19 6
19 39 12
19 20 6
20 40 7
20 21 8
21 41 12
22 43 9
23 24 9
24 45 9
24 25 5
25 46 8
25 26 12
26 47 12
27 50 7
27 28 8
28 29 7
29 51 9
30 55 8
31 32 6
32 56 6
32 33 9
33 57 9
33 34 12
34 35 9
35 58 7
35 36 5
37 59 5
38 60 7
38 39 7
39 61 6
39 40 8
40 62 9
40 41 5
41 63 6
41 42 6
42 64 8
43 66 7
43 44 11
44 67 8
45 68 12
45 46 11
46 47 5
47 69 6
47 48 8
48 70 8
48 49 12
49 71 8
49 50 8
51 73 9
51 52 6
52 74 9
52 53 10
53 75 9
53 54 5
54 76 8
54 55 11
55 77 11
56 79 8
56 57 9
58 80 8
59 83 11
60 84 11
60 61 10
61 85 12
61 62 12
62 63 7
63 86 11
63 64 6
64 65 10
65 66 5
66 87 8
66 67 6
68 89 7
69 70 8
70 91 11
70 71 5
71 92 10
72 73 11
73 74 5
74 93 8
74 75 7
75 94 11
75 76 7
76 77 7
77 95 12
78 79 8
79 97 6
80 81 9
81 100 6
81 82 12
82 83 8
83 101 9
84 102 7
84 85 9
87 105 6
88 107 9
88 89 9
89 90 5
90 108 5
91 92 6
92 109 6
93 113 7
93 94 6
94 114 11
95 96 10
97 98 9
98 99 12
99 117 10
100 119 11
101 120 10
102 121 12
103 123 6
104 125 12
104 105 5
105 126 8
105 106 7
106 127 8
106 107 7
108 129 5
109 131 11
109 110 6
110 111 7
111 132 7
111 112 10
112 133 10
112 113 6
113 134 8
113 114 10
114 135 12
114 115 12
115 136 11
116 139 11
117 141 12
117 118 10
118 119 10
119 142 10
120 143 7
121 144 7
121 122 5
122 123 9
123 145 10
123 124 5
125 147 11
125 126 8
126 148 6
126 127 11
127 149 12
128 151 5
128 129 9
129 130 8
130 152 11
131 154 10
132 133 12
133 134 5
134 155 12
134 135 5
135 136 7
136 156 9
136 137 10
137 157 8
137 138 8
138 158 11
138 139 5
139 159 10
140 161 11
140 141 11
141 162 5
143 164 9
144 165 12
146 168 10
146 147 9
147 169 7
147 148 7
148 170 12
148 149 6
149 150 8
150 151 7
152 153 7
153 171 10
153 154 10
154 172 12
155 174 6
156 176 8
156 157 8
157 177 6
157 158 6
158 178 10
158 159 12
159 179 9
159 160 12
160 180 7
160 161 11
161 162 11
162 181 5
163 183 8
163 164 9
164 184 6
165 166 7
167 186 5
167 168 8
168 187 6
168 169 11
169 188 10
169 170 8
170 189 6
171 172 7
172 194 8
173 195 6
174 197 5
174 175 11
175 198 12
175 176 9
176 177 12
177 199 12
177 178 11
178 200 7
178 179 5
179 201 8
179 180 12
181 203 5
182 205 10
182 183 11
183 184 11
184 206 7
185 186 7
186 207 7
186 187 5
187 188 8
188 189 9
189 208 8
190 210 11
190 191 6
191 211 12
191 192 12
192 193 12
194 212 6
195 196 9
196 214 5
196 197 7
197 215 9
197 198 7
198 216 8
199 217 7
199 200 5
200 218 12
200 201 12
202 219 7
202 203 12
203 220 7
203 204 6
204 221 8
204 205 8
205 222 7
206 224 12
207 227 10
208 229 9
208 209 12
209 230 12
209 210 10
210 231 8
210 211 8
211 232 7
212 234 7
212 213 6
214 236 7
214 215 11
215 216 10
216 237 7
217 239 7
217 218 6
218 240 5
219 243 11
219 220 6
220 244 8
220 221 6
221 245 10
221 222 8
222 246 5
222 223 12
223 247 6
223 224 5
225 226 6
226 248 8
227 250 10
227 228 5
228 251 12
229 252 7
229 230 5
230 253 11
230 231 5
231 254 8
231 232 11
232 255 11
232 233 9
233 256 8
235 259 12
235 236 12
236 260 11
237 238 11
238 262 7
238 239 12
239 240 5
240 263 10
240 241 9
241 242 6
242 264 11
242 243 6
243 244 5
244 245 6
245 265 10
245 246 6
246 266 12
246 247 6
248 249 5
249 268 7
249 250 10
250 251 11
251 269 9
252 271 5
252 253 10
253 272 7
253 254 8
254 273 12
254 255 11
255 274 10
255 256 12
256 275 11
256 257 5
258 278 12
258 259 6
259 260 6
260 279 10
260 261 5
263 281 5
265 284 11
265 266 8
266 285 12
267 287 7
268 289 7
269 290 10
269 270 8
270 291 10
270 271 11
271 272 10
272 292 10
272 273 9
273 293 10
273 274 12
274 294 11
274 275 10
276 277 7
277 296 10
277 278 11
278 297 5
279 299 8
280 301 8
281 303 11
282 305 7
282 283 7
283 284 9
284 285 6
285 306 12
286 308 7
287 309 6
287 288 9
288 289 11
289 310 10
290 291 11
292 293 12
293 312 6
293 294 6
294 313 5
295 315 6
296 297 11
297 317 9
297 298 5
298 299 7
299 318 9
299 300 12
300 319 9
300 301 7
301 302 6
302 320 8
303 321 6
303 304 7
305 323 5
306 307 5
307 325 10
307 308 8
309 326 5
310 311 12
312 330 12
312 313 7
313 331 10
313 314 8
314 332 11
314 315 7
315 316 6
317 334 6
318 336 5
318 319 10
319 337 5
320 338 11
321 339 6
322 341 9
322 323 7
323 342 9
323 324 11
324 343 11
326 347 6
327 350 9
327 328 7
328 329 12
330 331 9
331 332 9
332 352 5
333 334 9
334 354 10
334 335 7
335 336 6
336 355 5
336 337 9
337 356 8
339 359 8
339 340 8
340 341 7
341 360 12
341 342 11
342 343 8
343 344 9
344 361 8
344 345 12
345 362 6
346 364 11
347 365 12
348 366 6
348 349 7
349 367 10
349 350 12
350 368 5
351 370 12
352 353 8
353 373 6
355 377 6
355 356 11
356 378 11
356 357 11
358 379 11
358 359 11
361 362 12
362 383 12
362 363 8
363 384 10
363 364 12
364 385 7
366 387 7
366 367 8
367 388 7
367 368 7
368 369 7
369 389 11
370 390 8
370 371 10
371 372 6
372 391 11
373 374 10
374 375 9
375 393 10
376 394 8
376 377 11
377 395 10
377 378 6
379 396 11
380 398 11
381 399 12
381 382 12
382 400 12
383 402 11
383 384 11
384 403 6
384 385 10
385 404 7
386 405 12
386 387 9
387 388 6
388 406 8
391 407 7
391 392 7
394 410 8
394 395 11
396 413 12
396 397 9
397 414 7
397 398 7
399 400 9
400 415 9
400 401 6
401 402 10
402 416 11
402 403 6
403 404 9
404 417 11
406 420 8
407 425 9
408 409 11
409 427 12
410 429 6
411 431 6
412 433 9
412 413 12
413 434 8
413 414 9
416 438 9
417 439 6
418 440 8
419 442 7
419 420 11
420 443 11
420 421 11
421 444 9
422 446 5
422 423 6
423 447 8
423 424 11
424 425 5
425 448 8
425 426 8
426 449 9
427 450 6
428 452 8
428 429 12
429 430 10
430 453 7
430 431 8
431 432 8
432 454 6
432 433 9
433 455 9
433 434 5
435 456 12
435 436 11
436 457 10
437 438 9
438 459 12
439 461 10
440 441 7
441 462 6
441 442 7
442 463 8
442 443 10
443 444 7
444 445 12
445 464 7
445 446 6
446 465 7
446 447 9
448 466 5
448 449 12
450 467 7
450 451 5
451 468 6
451 452 7
452 469 6
454 472 10
454 455 12
455 473 12
456 457 5
457 475 11
457 458 5
459 460 12
460 476 7
460 461 10
461 477 10
462 463 10
464 465 6
465 480 9
467 468 7
468 485 11
468 469 9
469 486 9
469 470 9
470 487 10
471 489 8
471 472 9
472 473 10
473 490 10
473 474 11
474 491 6
475 493 12
476 496 8
476 477 7
478 497 7
479 500 12
480 502 8
480 481 7
481 482 9
482 503 8
483 505 9
483 484 7
485 507 12
485 486 11
486 508 10
486 487 7
487 509 10
487 488 10
488 510 7
488 489 10
489 511 12
490 491 5
491 513 12
491 492 6
492 514 7
493 494 11
494 495 10
495 516 12
497 519 9
497 498 10
498 499 12
499 520 5
499 500 10
500 521 7
500 501 5
501 522 10
502 524 5
503 526 12
503 504 7
504 527 8
504 505 6
506 507 7
507 528 7
507 508 8
508 509 7
509 529 12
509 510 11
510 530 8
510 511 9
511 512 9
513 532 5
513 514 6
514 515 7
515 533 11
516 536 5
516 517 9
517 518 7
518 537 7
519 539 12
520 540 7
520 521 5
521 541 5
521 522 8
522 523 11
523 542 8
523 524 10
524 525 8
525 526 12
526 543 10
526 527 9
527 544 7
528 547 12
529 548 5
529 530 5
530 549 5
531 532 12
533 552 10
533 534 11
534 535 7
535 553 7
535 536 5
536 554 5
537 556 11
537 538 6
538 557 12
540 558 6
540 541 7
541 559 7
543 562 11
543 544 9
544 545 5
545 563 11
545 546 11
546 564 9
547 566 8
548 568 9
548 549 9
549 550 6
550 569 8
551 572 10
551 552 7
552 573 9
553 554 5
554 555 5
555 575 5
555 556 7
556 576 10
556 557 7
557 577 11
558 580 7
558 559 12
559 581 6
559 560 12
560 582 12
561 584 9
561 562 11
563 585 11
563 564 11
564 586 9
564 565 10
565 587 8
565 566 6
566 567 12
567 588 6
567 568 5
568 589 9
569 591 10
569 570 9
570 592 12
570 571 12
571 593 9
572 573 7
573 574 8
575 597 11
575 576 10
576 577 10
577 598 8
578 579 9
579 580 7
580 581 7
581 582 7
583 584 5
585 586 9
586 587 12
588 589 10
589 590 12
590 591 8
591 592 7
592 593 9
593 594 10
595 596 6
596 597 8
598 599 5
10 0.05 0.05 0.05
