600
0 -1.0 -1.0 10.0 380.0 79.0
1 -1.0 -1.0 15.0 154.0 94.0
2 -1.0 -1.0 7.0 137.0 26.0
3 -1.0 -1.0 12.0 147.0 61.0
4 -1.0 -1.0 6.0 326.0 51.0
5 -1.0 -1.0 7.0 341.0 95.0
6 -1.0 -1.0 9.0 354.0 96.0
7 -1.0 -1.0 20.0 369.0 65.0
8 -1.0 -1.0 16.0 290.0 53.0
9 -1.0 -1.0 18.0 396.0 29.0
10 -1.0 -1.0 7.0 190.0 79.0
11 -1.0 -1.0 16.0 143.0 98.0
12 -1.0 -1.0 7.0 130.0 72.0
13 -1.0 -1.0 8.0 151.0 43.0
14 -1.0 -1.0 6.0 107.0 33.0
15 -1.0 -1.0 20.0 162.0 33.0
16 -1.0 -1.0 16.0 81.0 65.0
17 -1.0 -1.0 11.0 273.0 81.0
18 -1.0 -1.0 13.0 343.0 24.0
19 -1.0 -1.0 13.0 176.0 95.0
20 -1.0 -1.0 14.0 201.0 58.0
21 -1.0 -1.0 17.0 87.0 25.0
22 -1.0 -1.0 18.0 343.0 49.0
23 -1.0 -1.0 19.0 280.0 46.0
24 -1.0 -1.0 5.0 195.0 86.0
25 -1.0 -1.0 5.0 148.0 28.0
26 -1.0 -1.0 6.0 61.0 49.0
27 -1.0 -1.0 14.0 271.0 30.0
28 -1.0 -1.0 16.0 161.0 43.0
29 -1.0 -1.0 6.0 257.0 68.0
30 -1.0 -1.0 14.0 207.0 93.0
31 -1.0 -1.0 7.0 398.0 20.0
32 -1.0 -1.0 19.0 272.0 31.0
33 -1.0 -1.0 15.0 19.0 65.0
34 -1.0 -1.0 14.0 366.0 21.0
35 -1.0 -1.0 15.0 90.0 94.0
36 -1.0 -1.0 17.0 256.0 66.0
37 -1.0 -1.0 7.0 187.0 78.0
38 -1.0 -1.0 7.0 159.0 63.0
39 -1.0 -1.0 9.0 120.0 79.0
40 -1.0 -1.0 6.0 186.0 75.0
41 -1.0 -1.0 12.0 76.0 89.0
42 -1.0 -1.0 13.0 263.0 18.0
43 -1.0 -1.0 4.0 44.0 92.0
44 -1.0 -1.0 20.0 185.0 97.0
45 -1.0 -1.0 5.0 240.0 53.0
46 -1.0 -1.0 18.0 263.0 45.0
47 -1.0 -1.0 17.0 288.0 54.0
48 -1.0 -1.0 15.0 105.0 56.0
49 -1.0 -1.0 14.0 15.0 71.0
50 -1.0 -1.0 7.0 37.0 72.0
51 -1.0 -1.0 12.0 44.0 91.0
52 -1.0 -1.0 8.0 114.0 41.0
53 -1.0 -1.0 10.0 77.0 87.0
54 -1.0 -1.0 6.0 341.0 94.0
55 -1.0 -1.0 11.0 360.0 57.0
56 -1.0 -1.0 19.0 141.0 18.0
57 -1.0 -1.0 9.0 142.0 97.0
58 -1.0 -1.0 5.0 61.0 99.0
59 -1.0 -1.0 17.0 220.0 24.0
60 -1.0 -1.0 19.0 25.0 47.0
61 -1.0 -1.0 15.0 381.0 90.0
62 -1.0 -1.0 6.0 111.0 43.0
63 -1.0 -1.0 20.0 254.0 96.0
64 -1.0 -1.0 8.0 248.0 54.0
65 -1.0 -1.0 7.0 196.0 82.0
66 -1.0 -1.0 14.0 140.0 60.0
67 -1.0 -1.0 9.0 45.0 86.0
68 -1.0 -1.0 20.0 213.0 49.0
69 -1.0 -1.0 17.0 242.0 56.0
70 -1.0 -1.0 4.0 39.0 24.0
71 -1.0 -1.0 10.0 105.0 94.0
72 -1.0 -1.0 6.0 74.0 27.0
73 -1.0 -1.0 11.0 285.0 82.0
74 -1.0 -1.0 11.0 350.0 64.0
75 -1.0 -1.0 5.0 174.0 68.0
76 -1.0 -1.0 17.0 399.0 64.0
77 -1.0 -1.0 17.0 296.0 75.0
78 -1.0 -1.0 12.0 246.0 81.0
79 -1.0 -1.0 12.0 16.0 87.0
80 -1.0 -1.0 15.0 272.0 18.0
81 -1.0 -1.0 17.0 269.0 52.0
82 -1.0 -1.0 11.0 319.0 66.0
83 -1.0 -1.0 19.0 224.0 48.0
84 -1.0 -1.0 4.0 394.0 71.0
85 -1.0 -1.0 6.0 200.0 60.0
86 -1.0 -1.0 17.0 263.0 84.0
87 -1.0 -1.0 16.0 83.0 29.0
88 -1.0 -1.0 12.0 246.0 34.0
89 -1.0 -1.0 16.0 369.0 59.0
90 -1.0 -1.0 8.0 65.0 72.0
91 -1.0 -1.0 16.0 258.0 31.0
92 -1.0 -1.0 19.0 318.0 96.0
93 -1.0 -1.0 5.0 165.0 63.0
94 -1.0 -1.0 6.0 173.0 90.0
95 -1.0 -1.0 10.0 170.0 63.0
96 -1.0 -1.0 17.0 208.0 49.0
97 -1.0 -1.0 13.0 335.0 71.0
98 -1.0 -1.0 8.0 264.0 89.0
99 -1.0 -1.0 8.0 347.0 85.0
100 -1.0 -1.0 10.0 73.0 35.0
101 -1.0 -1.0 17.0 183.0 62.0
102 -1.0 -1.0 5.0 231.0 99.0
103 -1.0 -1.0 13.0 386.0 73.0
104 -1.0 -1.0 17.0 313.0 51.0
105 -1.0 -1.0 20.0 271.0 43.0
106 -1.0 -1.0 6.0 307.0 81.0
107 -1.0 -1.0 18.0 204.0 81.0
108 -1.0 -1.0 15.0 96.0 26.0
109 -1.0 -1.0 10.0 381.0 38.0
110 -1.0 -1.0 11.0 352.0 85.0
111 -1.0 -1.0 13.0 142.0 70.0
112 -1.0 -1.0 18.0 387.0 69.0
113 -1.0 -1.0 15.0 107.0 80.0
114 -1.0 -1.0 19.0 71.0 51.0
115 -1.0 -1.0 5.0 31.0 67.0
116 -1.0 -1.0 16.0 329.0 77.0
117 -1.0 -1.0 8.0 353.0 40.0
118 -1.0 -1.0 7.0 183.0 57.0
119 -1.0 -1.0 16.0 42.0 53.0
120 -1.0 -1.0 15.0 108.0 35.0
121 -1.0 -1.0 20.0 296.0 53.0
122 -1.0 -1.0 8.0 386.0 61.0
123 -1.0 -1.0 14.0 361.0 52.0
124 -1.0 -1.0 4.0 334.0 45.0
125 -1.0 -1.0 13.0 353.0 41.0
126 -1.0 -1.0 15.0 216.0 39.0
127 -1.0 -1.0 4.0 103.0 43.0
128 -1.0 -1.0 20.0 70.0 82.0
129 -1.0 -1.0 11.0 222.0 77.0
130 -1.0 -1.0 6.0 209.0 39.0
131 -1.0 -1.0 10.0 123.0 40.0
132 -1.0 -1.0 4.0 162.0 79.0
133 -1.0 -1.0 19.0 52.0 54.0
134 -1.0 -1.0 11.0 231.0 51.0
135 -1.0 -1.0 16.0 151.0 19.0
136 -1.0 -1.0 8.0 321.0 24.0
137 -1.0 -1.0 6.0 337.0 98.0
138 -1.0 -1.0 5.0 101.0 57.0
139 -1.0 -1.0 10.0 205.0 90.0
140 -1.0 -1.0 9.0 64.0 31.0
141 -1.0 -1.0 19.0 353.0 64.0
142 -1.0 -1.0 10.0 159.0 70.0
143 -1.0 -1.0 16.0 295.0 28.0
144 -1.0 -1.0 15.0 207.0 55.0
145 -1.0 -1.0 9.0 204.0 77.0
146 -1.0 -1.0 19.0 345.0 46.0
147 -1.0 -1.0 6.0 308.0 82.0
148 -1.0 -1.0 9.0 52.0 76.0
149 -1.0 -1.0 9.0 343.0 62.0
150 -1.0 -1.0 13.0 324.0 50.0
151 -1.0 -1.0 10.0 326.0 17.0
152 -1.0 -1.0 17.0 331.0 30.0
153 -1.0 -1.0 18.0 280.0 78.0
154 -1.0 -1.0 13.0 139.0 77.0
155 -1.0 -1.0 14.0 205.0 26.0
156 -1.0 -1.0 12.0 30.0 62.0
157 -1.0 -1.0 20.0 201.0 74.0
158 -1.0 -1.0 7.0 350.0 63.0
159 -1.0 -1.0 4.0 205.0 34.0
160 -1.0 -1.0 7.0 358.0 87.0
161 -1.0 -1.0 5.0 36.0 34.0
162 -1.0 -1.0 19.0 218.0 34.0
163 -1.0 -1.0 7.0 355.0 48.0
164 -1.0 -1.0 5.0 175.0 34.0
165 -1.0 -1.0 5.0 188.0 79.0
166 -1.0 -1.0 10.0 224.0 66.0
167 -1.0 -1.0 10.0 392.0 89.0
168 -1.0 -1.0 10.0 399.0 18.0
169 -1.0 -1.0 15.0 362.0 60.0
170 -1.0 -1.0 15.0 155.0 55.0
171 -1.0 -1.0 20.0 399.0 39.0
172 -1.0 -1.0 17.0 341.0 86.0
173 -1.0 -1.0 17.0 347.0 21.0
174 -1.0 -1.0 9.0 286.0 50.0
175 -1.0 -1.0 5.0 43.0 39.0
176 -1.0 -1.0 18.0 101.0 81.0
177 -1.0 -1.0 15.0 378.0 79.0
178 -1.0 -1.0 19.0 334.0 95.0
179 -1.0 -1.0 6.0 119.0 16.0
180 -1.0 -1.0 9.0 118.0 35.0
181 -1.0 -1.0 5.0 159.0 44.0
182 -1.0 -1.0 18.0 111.0 75.0
183 -1.0 -1.0 6.0 271.0 27.0
184 -1.0 -1.0 13.0 337.0 58.0
185 -1.0 -1.0 10.0 40.0 91.0
186 -1.0 -1.0 12.0 211.0 23.0
187 -1.0 -1.0 19.0 390.0 92.0
188 -1.0 -1.0 6.0 308.0 54.0
189 -1.0 -1.0 14.0 325.0 100.0
190 -1.0 -1.0 16.0 159.0 90.0
191 -1.0 -1.0 11.0 150.0 98.0
192 -1.0 -1.0 10.0 315.0 96.0
193 -1.0 -1.0 17.0 380.0 72.0
194 -1.0 -1.0 12.0 301.0 19.0
195 -1.0 -1.0 16.0 193.0 22.0
196 -1.0 -1.0 4.0 383.0 27.0
197 -1.0 -1.0 5.0 396.0 97.0
198 -1.0 -1.0 6.0 297.0 43.0
199 -1.0 -1.0 15.0 372.0 32.0
200 -1.0 -1.0 15.0 157.0 30.0
201 -1.0 -1.0 16.0 94.0 20.0
202 -1.0 -1.0 20.0 174.0 54.0
203 -1.0 -1.0 13.0 218.0 91.0
204 -1.0 -1.0 8.0 226.0 31.0
205 -1.0 -1.0 11.0 268.0 68.0
206 -1.0 -1.0 5.0 248.0 38.0
207 -1.0 -1.0 16.0 61.0 67.0
208 -1.0 -1.0 14.0 137.0 81.0
209 -1.0 -1.0 17.0 321.0 39.0
210 -1.0 -1.0 8.0 26.0 30.0
211 -1.0 -1.0 6.0 242.0 38.0
212 -1.0 -1.0 20.0 140.0 79.0
213 -1.0 -1.0 16.0 124.0 64.0
214 -1.0 -1.0 20.0 341.0 74.0
215 -1.0 -1.0 7.0 308.0 46.0
216 -1.0 -1.0 16.0 376.0 32.0
217 -1.0 -1.0 15.0 260.0 38.0
218 -1.0 -1.0 11.0 300.0 42.0
219 -1.0 -1.0 17.0 155.0 83.0
220 -1.0 -1.0 16.0 241.0 35.0
221 -1.0 -1.0 5.0 173.0 99.0
222 -1.0 -1.0 12.0 88.0 58.0
223 -1.0 -1.0 10.0 197.0 37.0
224 -1.0 -1.0 8.0 353.0 98.0
225 -1.0 -1.0 20.0 196.0 46.0
226 -1.0 -1.0 4.0 316.0 19.0
227 -1.0 -1.0 12.0 294.0 56.0
228 -1.0 -1.0 19.0 399.0 99.0
229 -1.0 -1.0 12.0 33.0 47.0
230 -1.0 -1.0 4.0 209.0 75.0
231 -1.0 -1.0 11.0 50.0 55.0
232 -1.0 -1.0 19.0 177.0 18.0
233 -1.0 -1.0 9.0 105.0 95.0
234 -1.0 -1.0 18.0 354.0 18.0
235 -1.0 -1.0 16.0 75.0 46.0
236 -1.0 -1.0 9.0 49.0 97.0
237 -1.0 -1.0 7.0 35.0 47.0
238 -1.0 -1.0 4.0 97.0 17.0
239 -1.0 -1.0 19.0 188.0 99.0
240 -1.0 -1.0 12.0 123.0 64.0
241 -1.0 -1.0 18.0 285.0 96.0
242 -1.0 -1.0 12.0 112.0 44.0
243 -1.0 -1.0 4.0 242.0 55.0
244 -1.0 -1.0 5.0 318.0 68.0
245 -1.0 -1.0 15.0 270.0 23.0
246 -1.0 -1.0 17.0 335.0 76.0
247 -1.0 -1.0 7.0 218.0 35.0
248 -1.0 -1.0 9.0 183.0 26.0
249 -1.0 -1.0 4.0 120.0 90.0
250 -1.0 -1.0 13.0 303.0 74.0
251 -1.0 -1.0 7.0 372.0 79.0
252 -1.0 -1.0 13.0 155.0 88.0
253 -1.0 -1.0 15.0 28.0 72.0
254 -1.0 -1.0 10.0 122.0 53.0
255 -1.0 -1.0 16.0 193.0 29.0
256 -1.0 -1.0 11.0 153.0 36.0
257 -1.0 -1.0 15.0 185.0 26.0
258 -1.0 -1.0 9.0 49.0 35.0
259 -1.0 -1.0 5.0 250.0 56.0
260 -1.0 -1.0 20.0 344.0 36.0
261 -1.0 -1.0 11.0 309.0 77.0
262 -1.0 -1.0 14.0 388.0 65.0
263 -1.0 -1.0 10.0 309.0 28.0
264 -1.0 -1.0 4.0 233.0 80.0
265 -1.0 -1.0 20.0 197.0 54.0
266 -1.0 -1.0 12.0 297.0 51.0
267 -1.0 -1.0 13.0 113.0 71.0
268 -1.0 -1.0 5.0 112.0 86.0
269 -1.0 -1.0 4.0 42.0 91.0
270 -1.0 -1.0 10.0 88.0 70.0
271 -1.0 -1.0 17.0 154.0 17.0
272 -1.0 -1.0 12.0 229.0 24.0
273 -1.0 -1.0 8.0 182.0 41.0
274 -1.0 -1.0 17.0 101.0 69.0
275 -1.0 -1.0 13.0 133.0 94.0
276 -1.0 -1.0 14.0 233.0 54.0
277 -1.0 -1.0 9.0 250.0 89.0
278 -1.0 -1.0 20.0 272.0 60.0
279 -1.0 -1.0 9.0 342.0 93.0
280 -1.0 -1.0 4.0 330.0 39.0
281 -1.0 -1.0 8.0 386.0 99.0
282 -1.0 -1.0 9.0 111.0 64.0
283 -1.0 -1.0 18.0 349.0 70.0
284 -1.0 -1.0 9.0 103.0 70.0
285 -1.0 -1.0 12.0 26.0 58.0
286 -1.0 -1.0 5.0 65.0 78.0
287 -1.0 -1.0 8.0 135.0 26.0
288 -1.0 -1.0 10.0 165.0 96.0
289 -1.0 -1.0 18.0 197.0 47.0
290 -1.0 -1.0 16.0 278.0 65.0
291 -1.0 -1.0 17.0 138.0 79.0
292 -1.0 -1.0 11.0 286.0 45.0
293 -1.0 -1.0 20.0 65.0 52.0
294 -1.0 -1.0 7.0 309.0 24.0
295 -1.0 -1.0 9.0 154.0 37.0
296 -1.0 -1.0 16.0 246.0 55.0
297 -1.0 -1.0 7.0 305.0 78.0
298 -1.0 -1.0 11.0 325.0 65.0
299 -1.0 -1.0 20.0 173.0 75.0
300 -1.0 -1.0 10.0 181.0 24.0
301 -1.0 -1.0 20.0 195.0 81.0
302 -1.0 -1.0 11.0 300.0 33.0
303 -1.0 -1.0 8.0 222.0 86.0
304 -1.0 -1.0 7.0 366.0 71.0
305 -1.0 -1.0 13.0 308.0 29.0
306 -1.0 -1.0 8.0 348.0 73.0
307 -1.0 -1.0 5.0 75.0 47.0
308 -1.0 -1.0 8.0 374.0 26.0
309 -1.0 -1.0 11.0 399.0 97.0
310 -1.0 -1.0 19.0 37.0 84.0
311 -1.0 -1.0 14.0 167.0 97.0
312 -1.0 -1.0 12.0 53.0 20.0
313 -1.0 -1.0 14.0 133.0 43.0
314 -1.0 -1.0 4.0 323.0 95.0
315 -1.0 -1.0 8.0 25.0 88.0
316 -1.0 -1.0 15.0 274.0 88.0
317 -1.0 -1.0 18.0 205.0 54.0
318 -1.0 -1.0 19.0 129.0 50.0
319 -1.0 -1.0 11.0 263.0 44.0
320 -1.0 -1.0 15.0 374.0 24.0
321 -1.0 -1.0 11.0 53.0 84.0
322 -1.0 -1.0 5.0 185.0 55.0
323 -1.0 -1.0 5.0 193.0 83.0
324 -1.0 -1.0 5.0 247.0 58.0
325 -1.0 -1.0 17.0 374.0 34.0
326 -1.0 -1.0 13.0 281.0 31.0
327 -1.0 -1.0 9.0 262.0 29.0
328 -1.0 -1.0 5.0 136.0 82.0
329 -1.0 -1.0 17.0 76.0 70.0
330 -1.0 -1.0 19.0 274.0 38.0
331 -1.0 -1.0 10.0 369.0 57.0
332 -1.0 -1.0 10.0 161.0 60.0
333 -1.0 -1.0 17.0 328.0 64.0
334 -1.0 -1.0 9.0 256.0 46.0
335 -1.0 -1.0 18.0 323.0 56.0
336 -1.0 -1.0 6.0 353.0 53.0
337 -1.0 -1.0 20.0 237.0 28.0
338 -1.0 -1.0 20.0 156.0 28.0
339 -1.0 -1.0 17.0 163.0 95.0
340 -1.0 -1.0 9.0 375.0 70.0
341 -1.0 -1.0 16.0 218.0 91.0
342 -1.0 -1.0 7.0 213.0 59.0
343 -1.0 -1.0 19.0 53.0 76.0
344 -1.0 -1.0 19.0 329.0 45.0
345 -1.0 -1.0 9.0 389.0 82.0
346 -1.0 -1.0 11.0 395.0 73.0
347 -1.0 -1.0 15.0 187.0 90.0
348 -1.0 -1.0 12.0 337.0 18.0
349 -1.0 -1.0 12.0 136.0 40.0
350 -1.0 -1.0 16.0 313.0 70.0
351 -1.0 -1.0 6.0 162.0 29.0
352 -1.0 -1.0 9.0 93.0 98.0
353 -1.0 -1.0 9.0 98.0 53.0
354 -1.0 -1.0 9.0 331.0 35.0
355 -1.0 -1.0 20.0 119.0 94.0
356 -1.0 -1.0 12.0 137.0 87.0
357 -1.0 -1.0 7.0 128.0 27.0
358 -1.0 -1.0 8.0 301.0 54.0
359 -1.0 -1.0 7.0 333.0 51.0
360 -1.0 -1.0 19.0 345.0 63.0
361 -1.0 -1.0 6.0 143.0 32.0
362 -1.0 -1.0 13.0 54.0 45.0
363 -1.0 -1.0 20.0 257.0 97.0
364 -1.0 -1.0 13.0 57.0 95.0
365 -1.0 -1.0 4.0 128.0 40.0
366 -1.0 -1.0 18.0 86.0 72.0
367 -1.0 -1.0 14.0 318.0 30.0
368 -1.0 -1.0 12.0 208.0 75.0
369 -1.0 -1.0 9.0 205.0 68.0
370 -1.0 -1.0 9.0 77.0 95.0
371 -1.0 -1.0 20.0 378.0 24.0
372 -1.0 -1.0 14.0 117.0 73.0
373 -1.0 -1.0 13.0 144.0 68.0
374 -1.0 -1.0 19.0 231.0 67.0
375 -1.0 -1.0 18.0 50.0 56.0
376 -1.0 -1.0 11.0 325.0 66.0
377 -1.0 -1.0 13.0 233.0 84.0
378 -1.0 -1.0 15.0 151.0 52.0
379 -1.0 -1.0 5.0 112.0 73.0
380 -1.0 -1.0 6.0 228.0 87.0
381 -1.0 -1.0 12.0 286.0 70.0
382 -1.0 -1.0 12.0 177.0 96.0
383 -1.0 -1.0 6.0 399.0 23.0
384 -1.0 -1.0 13.0 146.0 42.0
385 -1.0 -1.0 14.0 272.0 67.0
386 -1.0 -1.0 20.0 68.0 74.0
387 -1.0 -1.0 20.0 290.0 48.0
388 -1.0 -1.0 9.0 106.0 19.0
389 -1.0 -1.0 13.0 40.0 73.0
390 -1.0 -1.0 18.0 368.0 78.0
391 -1.0 -1.0 19.0 102.0 57.0
392 -1.0 -1.0 15.0 39.0 37.0
393 -1.0 -1.0 13.0 340.0 51.0
394 -1.0 -1.0 20.0 106.0 22.0
395 -1.0 -1.0 19.0 51.0 99.0
396 -1.0 -1.0 18.0 137.0 26.0
397 -1.0 -1.0 19.0 367.0 85.0
398 -1.0 -1.0 12.0 89.0 94.0
399 -1.0 -1.0 17.0 393.0 88.0
400 -1.0 -1.0 16.0 253.0 85.0
401 -1.0 -1.0 13.0 135.0 62.0
402 -1.0 -1.0 9.0 131.0 70.0
403 -1.0 -1.0 17.0 212.0 16.0
404 -1.0 -1.0 9.0 131.0 67.0
405 -1.0 -1.0 7.0 392.0 68.0
406 -1.0 -1.0 13.0 149.0 28.0
407 -1.0 -1.0 7.0 221.0 20.0
408 -1.0 -1.0 5.0 309.0 79.0
409 -1.0 -1.0 11.0 230.0 41.0
410 -1.0 -1.0 15.0 183.0 84.0
411 -1.0 -1.0 16.0 381.0 51.0
412 -1.0 -1.0 12.0 19.0 58.0
413 -1.0 -1.0 8.0 158.0 83.0
414 -1.0 -1.0 6.0 193.0 100.0
415 -1.0 -1.0 14.0 267.0 62.0
416 -1.0 -1.0 11.0 150.0 25.0
417 -1.0 -1.0 14.0 314.0 66.0
418 -1.0 -1.0 12.0 252.0 60.0
419 -1.0 -1.0 18.0 131.0 83.0
420 -1.0 -1.0 4.0 349.0 83.0
421 -1.0 -1.0 11.0 16.0 20.0
422 -1.0 -1.0 11.0 189.0 39.0
423 -1.0 -1.0 9.0 351.0 94.0
424 -1.0 -1.0 13.0 53.0 21.0
425 -1.0 -1.0 18.0 365.0 48.0
426 -1.0 -1.0 13.0 107.0 88.0
427 -1.0 -1.0 15.0 399.0 18.0
428 -1.0 -1.0 11.0 374.0 74.0
429 -1.0 -1.0 16.0 68.0 60.0
430 -1.0 -1.0 7.0 351.0 26.0
431 -1.0 -1.0 12.0 199.0 68.0
432 -1.0 -1.0 17.0 138.0 17.0
433 -1.0 -1.0 13.0 367.0 64.0
434 -1.0 -1.0 11.0 44.0 21.0
435 -1.0 -1.0 10.0 136.0 74.0
436 -1.0 -1.0 16.0 347.0 76.0
437 -1.0 -1.0 16.0 343.0 60.0
438 -1.0 -1.0 9.0 330.0 99.0
439 -1.0 -1.0 17.0 169.0 86.0
440 -1.0 -1.0 17.0 347.0 18.0
441 -1.0 -1.0 18.0 56.0 100.0
442 -1.0 -1.0 18.0 146.0 87.0
443 -1.0 -1.0 4.0 373.0 52.0
444 -1.0 -1.0 16.0 371.0 57.0
445 -1.0 -1.0 12.0 123.0 35.0
446 -1.0 -1.0 4.0 251.0 85.0
447 -1.0 -1.0 14.0 271.0 88.0
448 -1.0 -1.0 6.0 365.0 35.0
449 -1.0 -1.0 18.0 327.0 90.0
450 -1.0 -1.0 20.0 90.0 28.0
451 -1.0 -1.0 16.0 238.0 71.0
452 -1.0 -1.0 11.0 186.0 36.0
453 -1.0 -1.0 14.0 318.0 37.0
454 -1.0 -1.0 6.0 151.0 30.0
455 -1.0 -1.0 5.0 333.0 46.0
456 -1.0 -1.0 12.0 236.0 17.0
457 -1.0 -1.0 18.0 59.0 96.0
458 -1.0 -1.0 16.0 86.0 44.0
459 -1.0 -1.0 18.0 15.0 65.0
460 -1.0 -1.0 6.0 48.0 55.0
461 -1.0 -1.0 12.0 335.0 19.0
462 -1.0 -1.0 18.0 297.0 96.0
463 -1.0 -1.0 7.0 194.0 36.0
464 -1.0 -1.0 7.0 65.0 49.0
465 -1.0 -1.0 12.0 301.0 48.0
466 -1.0 -1.0 11.0 300.0 21.0
467 -1.0 -1.0 9.0 64.0 59.0
468 -1.0 -1.0 13.0 76.0 21.0
469 -1.0 -1.0 11.0 18.0 34.0
470 -1.0 -1.0 14.0 182.0 48.0
471 -1.0 -1.0 13.0 374.0 31.0
472 -1.0 -1.0 15.0 205.0 55.0
473 -1.0 -1.0 8.0 95.0 52.0
474 -1.0 -1.0 16.0 274.0 52.0
475 -1.0 -1.0 4.0 195.0 92.0
476 -1.0 -1.0 19.0 275.0 16.0
477 -1.0 -1.0 9.0 374.0 85.0
478 -1.0 -1.0 16.0 314.0 48.0
479 -1.0 -1.0 4.0 366.0 99.0
480 -1.0 -1.0 10.0 91.0 15.0
481 -1.0 -1.0 20.0 207.0 54.0
482 -1.0 -1.0 13.0 302.0 58.0
483 -1.0 -1.0 6.0 383.0 32.0
484 -1.0 -1.0 8.0 267.0 45.0
485 -1.0 -1.0 11.0 210.0 87.0
486 -1.0 -1.0 17.0 296.0 71.0
487 -1.0 -1.0 5.0 265.0 24.0
488 -1.0 -1.0 20.0 170.0 99.0
489 -1.0 -1.0 13.0 39.0 68.0
490 -1.0 -1.0 9.0 289.0 77.0
491 -1.0 -1.0 19.0 220.0 28.0
492 -1.0 -1.0 9.0 254.0 99.0
493 -1.0 -1.0 12.0 164.0 41.0
494 -1.0 -1.0 5.0 108.0 46.0
495 -1.0 -1.0 17.0 21.0 71.0
496 -1.0 -1.0 4.0 16.0 100.0
497 -1.0 -1.0 14.0 282.0 44.0
498 -1.0 -1.0 14.0 138.0 41.0
499 -1.0 -1.0 10.0 271.0 83.0
500 -1.0 -1.0 19.0 253.0 81.0
501 -1.0 -1.0 19.0 259.0 16.0
502 -1.0 -1.0 11.0 312.0 63.0
503 -1.0 -1.0 16.0 63.0 57.0
504 -1.0 -1.0 14.0 109.0 42.0
505 -1.0 -1.0 16.0 283.0 68.0
506 -1.0 -1.0 5.0 144.0 98.0
507 -1.0 -1.0 15.0 24.0 47.0
508 -1.0 -1.0 4.0 301.0 60.0
509 -1.0 -1.0 19.0 286.0 37.0
510 -1.0 -1.0 14.0 117.0 38.0
511 -1.0 -1.0 10.0 334.0 20.0
512 -1.0 -1.0 5.0 162.0 77.0
513 -1.0 -1.0 5.0 287.0 61.0
514 -1.0 -1.0 13.0 144.0 49.0
515 -1.0 -1.0 4.0 42.0 77.0
516 -1.0 -1.0 12.0 241.0 77.0
517 -1.0 -1.0 17.0 274.0 45.0
518 -1.0 -1.0 6.0 149.0 40.0
519 -1.0 -1.0 5.0 160.0 42.0
520 -1.0 -1.0 8.0 221.0 87.0
521 -1.0 -1.0 20.0 246.0 73.0
522 -1.0 -1.0 20.0 29.0 52.0
523 -1.0 -1.0 12.0 159.0 58.0
524 -1.0 -1.0 8.0 139.0 23.0
525 -1.0 -1.0 18.0 385.0 68.0
526 -1.0 -1.0 14.0 352.0 29.0
527 -1.0 -1.0 10.0 144.0 60.0
528 -1.0 -1.0 20.0 36.0 55.0
529 -1.0 -1.0 12.0 51.0 89.0
530 -1.0 -1.0 17.0 124.0 15.0
531 -1.0 -1.0 6.0 176.0 97.0
532 -1.0 -1.0 14.0 47.0 56.0
533 -1.0 -1.0 7.0 383.0 48.0
534 -1.0 -1.0 7.0 341.0 23.0
535 -1.0 -1.0 12.0 360.0 31.0
536 -1.0 -1.0 8.0 169.0 70.0
537 -1.0 -1.0 11.0 25.0 23.0
538 -1.0 -1.0 12.0 120.0 36.0
539 -1.0 -1.0 8.0 356.0 79.0
540 -1.0 -1.0 9.0 313.0 87.0
541 -1.0 -1.0 17.0 222.0 63.0
542 -1.0 -1.0 6.0 63.0 95.0
543 -1.0 -1.0 17.0 126.0 18.0
544 -1.0 -1.0 12.0 108.0 68.0
545 -1.0 -1.0 6.0 325.0 64.0
546 -1.0 -1.0 5.0 186.0 96.0
547 -1.0 -1.0 15.0 197.0 42.0
548 -1.0 -1.0 11.0 174.0 73.0
549 -1.0 -1.0 10.0 116.0 70.0
550 -1.0 -1.0 9.0 75.0 56.0
551 -1.0 -1.0 8.0 120.0 100.0
552 -1.0 -1.0 16.0 284.0 76.0
553 -1.0 -1.0 12.0 175.0 71.0
554 -1.0 -1.0 15.0 275.0 27.0
555 -1.0 -1.0 18.0 160.0 100.0
556 -1.0 -1.0 15.0 17.0 76.0
557 -1.0 -1.0 16.0 111.0 43.0
558 -1.0 -1.0 17.0 288.0 63.0
559 -1.0 -1.0 17.0 382.0 96.0
560 -1.0 -1.0 8.0 179.0 30.0
561 -1.0 -1.0 18.0 100.0 32.0
562 -1.0 -1.0 10.0 16.0 31.0
563 -1.0 -1.0 9.0 78.0 41.0
564 -1.0 -1.0 7.0 294.0 21.0
565 -1.0 -1.0 14.0 277.0 82.0
566 -1.0 -1.0 4.0 148.0 48.0
567 -1.0 -1.0 18.0 115.0 35.0
568 -1.0 -1.0 14.0 105.0 95.0
569 -1.0 -1.0 4.0 32.0 19.0
570 -1.0 -1.0 16.0 184.0 94.0
571 -1.0 -1.0 10.0 196.0 68.0
572 -1.0 -1.0 17.0 264.0 88.0
573 -1.0 -1.0 7.0 95.0 37.0
574 -1.0 -1.0 15.0 301.0 99.0
575 -1.0 -1.0 9.0 248.0 34.0
576 -1.0 -1.0 16.0 380.0 59.0
577 -1.0 -1.0 10.0 181.0 69.0
578 -1.0 -1.0 17.0 251.0 38.0
579 -1.0 -1.0 10.0 263.0 27.0
580 -1.0 -1.0 12.0 385.0 81.0
581 -1.0 -1.0 9.0 387.0 24.0
582 -1.0 -1.0 14.0 156.0 80.0
583 -1.0 -1.0 15.0 90.0 44.0
584 -1.0 -1.0 19.0 109.0 17.0
585 -1.0 -1.0 14.0 254.0 70.0
586 -1.0 -1.0 19.0 119.0 51.0
587 -1.0 -1.0 7.0 58.0 71.0
588 -1.0 -1.0 8.0 204.0 28.0
589 -1.0 -1.0 18.0 114.0 23.0
590 -1.0 -1.0 17.0 99.0 66.0
591 -1.0 -1.0 9.0 129.0 84.0
592 -1.0 -1.0 12.0 374.0 96.0
593 -1.0 -1.0 18.0 51.0 45.0
594 -1.0 -1.0 18.0 187.0 61.0
595 -1.0 -1.0 12.0 309.0 97.0
596 -1.0 -1.0 15.0 259.0 35.0
597 -1.0 -1.0 6.0 176.0 74.0
598 -1.0 -1.0 17.0 287.0 45.0
599 -1.0 -1.0 20.0 309.0 70.0
787
0 25 6
0 1 9
1 26 6
1 2 11
2 27 7
3 28 7
3 4 12
4 29 8
4 5 11
5 30 5
6 31 12
6 7 11
7 32 7
7 8 6
8 9 7
9 10 8
10 11 11
11 33 5
12 35 5
12 13 11
13 36 7
13 14 10
14 15 10
15 37 12
16 38 7
16 17 11
17 39 11
17 18 10
18 40 5
18 19 8
19 41 11
20 43 12
20 21 8
21 22 9
22 44 8
22 23 5
23 45 9
24 46 8
24 25 5
25 47 10
25 26 10
26 27 5
27 48 5
28 50 7
28 29 5
29 30 10
30 51 7
31 53 12
31 32 5
32 54 9
33 34 10
34 57 12
34 35 10
35 36 12
36 58 5
38 61 10
38 39 8
39 40 12
40 62 9
40 41 6
41 63 7
41 42 10
42 64 7
42 43 5
43 65 8
44 45 5
45 66 12
46 67 12
46 47 9
48 69 11
48 49 5
49 50 10
50 70 12
51 71 5
51 52 12
52 72 9
52 53 10
53 73 7
53 54 10
55 74 9
55 56 9
56 75 5
58 77 9
58 59 8
59 78 7
60 79 7
60 61 10
62 81 12
62 63 7
63 82 12
63 64 8
64 83 10
64 65 9
65 84 5
66 85 7
67 86 9
68 69 5
70 89 7
71 72 10
72 91 11
72 73 7
73 92 9
74 94 6
74 75 7
75 95 9
75 76 8
76 96 11
77 98 12
77 78 12
78 99 12
79 101 10
80 81 12
81 82 6
82 103 5
82 83 9
83 104 11
83 84 10
84 105 5
85 106 6
86 107 5
86 87 11
87 108 10
88 110 7
88 89 6
89 111 6
89 90 12
90 112 8
91 113 11
91 92 10
92 114 12
93 116 11
93 94 8
94 117 12
94 95 12
95 118 8
95 96 5
96 119 11
97 121 10
97 98 9
98 122 6
98 99 8
99 123 10
99 100 8
100 124 8
100 101 8
101 102 9
103 104 10
104 127 5
104 105 9
105 128 5
107 108 8
108 109 5
110 129 6
110 111 8
111 112 5
112 130 12
113 131 7
113 114 10
114 132 10
114 115 7
115 133 7
115 116 12
116 134 8
116 117 11
117 118 12
118 135 12
118 119 9
119 136 5
119 120 9
120 137 9
120 121 5
121 138 5
121 122 9
122 139 8
122 123 8
123 140 6
123 124 9
124 141 10
125 143 11
125 126 12
126 144 11
127 145 6
127 128 7
128 146 12
129 153 5
130 155 12
131 157 7
131 132 12
132 158 6
132 133 9
133 134 8
134 159 11
135 160 10
135 136 6
136 137 11
137 138 9
138 161 7
138 139 11
139 162 12
139 140 11
140 163 8
140 141 10
141 164 8
141 142 6
143 166 9
143 144 5
144 167 9
145 146 7
146 147 6
147 168 7
147 148 12
149 169 10
149 150 12
150 170 7
150 151 9
151 171 8
151 152 6
152 172 6
152 153 11
153 173 9
153 154 11
154 174 10
154 155 8
155 175 10
155 156 7
156 176 6
156 157 9
157 177 9
157 158 5
158 178 5
160 180 6
161 183 8
161 162 8
162 163 9
163 164 5
164 184 6
165 166 7
166 185 9
166 167 7
167 186 5
168 189 5
169 190 9
169 170 6
170 191 5
170 171 11
171 192 5
171 172 6
172 173 7
173 193 7
173 174 11
174 175 6
175 194 7
175 176 10
176 195 7
176 177 5
177 178 7
178 196 5
179 180 5
180 199 11
180 181 6
181 200 9
181 182 9
182 201 7
182 183 6
184 202 11
185 205 6
185 186 5
186 206 8
186 187 5
188 207 11
188 189 9
189 208 10
190 210 8
190 191 6
191 192 12
193 212 6
194 195 5
195 214 12
196 197 5
197 198 8
199 217 10
199 200 10
200 201 9
202 218 5
202 203 9
203 219 8
203 204 8
204 205 7
205 206 11
207 208 10
208 209 12
209 221 12
210 222 5
211 224 9
211 212 10
212 225 7
212 213 6
213 226 7
214 228 6
214 215 7
215 229 5
216 217 12
218 234 10
218 219 7
220 238 12
221 241 10
222 242 6
222 223 12
224 244 11
224 225 9
225 245 12
225 226 7
226 227 7
227 228 9
228 229 7
229 246 11
229 230 6
230 231 12
232 252 7
232 233 5
233 253 12
235 256 9
235 236 10
236 237 7
237 257 6
237 238 8
238 258 9
238 239 11
239 240 8
240 259 8
240 241 7
241 260 8
243 244 9
244 245 11
245 263 10
246 265 11
247 268 5
247 248 6
248 249 8
249 269 8
249 250 11
250 251 8
251 270 6
251 252 11
252 253 7
253 271 11
253 254 10
254 272 6
255 274 5
256 276 10
257 258 11
258 278 7
259 279 9
259 260 7
260 280 5
260 261 7
261 281 7
262 283 12
263 286 5
264 288 12
264 265 5
265 289 8
265 266 10
266 267 8
267 290 10
267 268 8
268 291 8
269 293 11
270 294 12
271 296 6
271 272 11
272 297 12
272 273 9
273 298 8
273 274 7
274 299 11
274 275 10
275 300 6
275 276 10
276 301 6
276 277 9
278 303 7
279 305 6
279 280 11
280 306 10
280 281 11
281 307 8
282 308 12
282 283 5
283 309 10
283 284 12
284 285 6
285 310 9
285 286 12
286 287 8
288 312 12
288 289 5
289 313 8
290 291 12
291 292 8
292 315 11
292 293 9
293 316 7
294 318 6
294 295 6
295 319 9
295 296 12
296 320 6
296 297 9
297 298 7
298 321 7
298 299 7
299 322 6
299 300 10
300 301 9
302 324 9
302 303 11
303 304 12
304 325 11
304 305 7
305 326 10
305 306 10
306 327 5
306 307 7
307 328 11
308 329 10
308 309 6
309 330 7
310 332 11
311 334 8
311 312 8
312 335 7
312 313 7
313 336 5
313 314 9
314 337 6
315 339 7
315 316 9
316 317 11
317 318 5
318 340 10
318 319 6
319 320 7
321 342 8
321 322 9
322 343 7
323 346 5
323 324 10
324 347 11
325 349 11
325 326 5
326 350 9
326 327 12
327 351 12
327 328 7
328 352 7
329 330 12
330 353 7
330 331 6
331 354 5
331 332 9
332 355 12
333 356 8
333 334 10
334 335 8
335 336 6
336 357 6
336 337 8
338 359 12
338 339 12
341 342 11
342 343 5
343 344 12
344 364 10
344 345 8
345 365 7
345 346 8
346 347 8
347 348 5
348 366 5
348 349 5
349 367 11
349 350 7
350 351 6
351 368 10
351 352 11
353 370 7
353 354 9
354 371 6
354 355 5
358 375 8
358 359 11
360 376 12
360 361 9
362 363 12
363 377 6
364 380 8
364 365 6
366 383 10
366 367 6
367 384 12
368 386 10
369 387 9
369 370 11
370 371 10
372 389 9
373 391 11
373 374 5
375 394 9
376 396 11
377 397 8
378 398 6
378 379 10
379 380 11
380 399 11
381 382 10
382 401 12
382 383 5
383 402 11
383 384 8
384 403 11
384 385 9
385 404 6
385 386 7
387 405 11
388 407 11
388 389 7
389 408 9
389 390 11
390 409 5
390 391 8
391 410 12
392 411 8
392 393 6
393 394 9
394 395 8
395 412 8
396 414 6
397 417 5
398 419 8
399 400 5
400 420 5
401 402 7
402 403 12
403 422 6
403 404 10
404 423 12
406 426 8
406 407 11
407 427 8
407 408 7
408 428 7
408 409 12
409 429 12
409 410 7
411 430 8
412 432 12
412 413 10
413 414 12
414 433 10
415 435 6
415 416 12
416 417 12
417 436 7
417 418 6
418 437 6
418 419 9
419 438 7
420 421 6
422 423 9
423 442 7
423 424 11
424 443 11
425 446 5
425 426 9
426 447 10
426 427 12
427 448 11
427 428 7
428 429 11
429 449 12
431 453 7
431 432 5
432 454 5
433 456 10
433 434 8
434 457 8
434 435 9
435 458 11
436 460 9
436 437 12
437 438 9
438 461 5
438 439 12
439 462 12
439 440 8
440 463 8
441 465 11
442 466 11
442 443 11
443 467 6
443 444 12
444 468 9
445 446 12
446 447 8
447 469 7
447 448 12
449 450 8
450 470 8
450 451 9
452 453 12
453 472 12
453 454 8
454 473 11
454 455 7
455 456 8
456 457 11
457 474 5
457 458 5
458 475 8
458 459 10
459 460 11
460 476 10
461 478 8
461 462 9
462 479 5
462 463 9
463 480 12
464 465 8
465 483 8
466 467 6
467 484 10
467 468 5
470 488 5
471 490 7
472 473 7
473 492 9
474 493 12
474 475 6
476 495 6
476 477 8
477 478 11
478 496 7
478 479 9
479 497 9
479 480 8
480 481 8
481 482 7
483 498 7
484 501 12
485 502 5
485 486 6
486 503 7
487 507 6
487 488 7
488 508 10
488 489 8
489 490 8
490 509 11
490 491 7
492 510 8
494 513 10
494 495 6
495 514 10
496 497 10
498 516 11
498 499 5
499 517 11
499 500 11
500 518 12
500 501 11
502 520 12
502 503 8
503 504 10
504 521 8
504 505 12
505 522 5
505 506 7
506 523 8
506 507 9
507 508 7
509 524 12
510 527 10
510 511 12
511 528 8
512 530 5
512 513 11
513 531 6
513 514 12
515 516 8
516 517 12
517 518 10
518 536 11
519 538 6
520 539 9
521 522 10
522 523 10
524 541 11
524 525 7
525 526 6
526 527 11
527 542 7
527 528 9
528 543 9
528 529 8
530 545 8
530 531 10
531 546 12
532 550 10
532 533 10
533 534 12
534 551 7
534 535 7
535 552 9
536 537 8
537 556 9
537 538 6
538 557 12
539 558 5
540 563 11
541 565 6
542 567 9
542 543 8
543 568 9
544 569 8
544 545 8
545 570 12
545 546 6
546 571 12
546 547 12
547 572 7
547 548 5
548 573 9
548 549 7
549 574 6
549 550 7
551 575 8
551 552 5
552 553 8
553 554 12
554 555 11
555 576 8
556 577 6
556 557 11
557 578 12
558 579 11
558 559 12
559 580 6
559 560 8
560 561 5
561 581 5
561 562 9
562 582 12
562 563 5
563 583 12
563 564 10
564 584 6
565 585 11
565 566 12
566 586 8
567 568 9
568 588 8
569 590 5
569 570 12
570 591 5
570 571 8
571 572 7
572 592 6
572 573 8
573 574 8
574 593 9
575 595 6
577 578 10
578 599 5
579 580 12
581 582 6
582 583 7
583 584 8
585 586 5
586 587 12
588 589 8
589 590 12
590 591 5
594 595 12
595 596 11
596 597 9
597 598 6
10 0.05 0.05 0.05
