486
0 -1.0 -1.0 11.0 396.0 15.0
1 -1.0 -1.0 12.0 152.0 21.0
2 -1.0 -1.0 11.0 145.0 24.0
3 -1.0 -1.0 18.0 212.0 22.0
4 -1.0 -1.0 16.0 313.0 36.0
5 -1.0 -1.0 13.0 195.0 71.0
6 -1.0 -1.0 7.0 259.0 93.0
7 -1.0 -1.0 7.0 148.0 33.0
8 -1.0 -1.0 12.0 323.0 88.0
9 -1.0 -1.0 19.0 314.0 49.0
10 -1.0 -1.0 6.0 203.0 22.0
11 -1.0 -1.0 11.0 188.0 68.0
12 -1.0 -1.0 9.0 203.0 76.0
13 -1.0 -1.0 19.0 50.0 45.0
14 -1.0 -1.0 19.0 270.0 17.0
15 -1.0 -1.0 19.0 214.0 16.0
16 -1.0 -1.0 16.0 57.0 69.0
17 -1.0 -1.0 15.0 386.0 80.0
18 -1.0 -1.0 10.0 101.0 66.0
19 -1.0 -1.0 20.0 116.0 90.0
20 -1.0 -1.0 19.0 331.0 76.0
21 -1.0 -1.0 17.0 73.0 28.0
22 -1.0 -1.0 4.0 35.0 92.0
23 -1.0 -1.0 13.0 314.0 94.0
24 -1.0 -1.0 18.0 170.0 90.0
25 -1.0 -1.0 9.0 380.0 31.0
26 -1.0 -1.0 6.0 398.0 29.0
27 -1.0 -1.0 13.0 147.0 53.0
28 -1.0 -1.0 8.0 154.0 44.0
29 -1.0 -1.0 12.0 62.0 45.0
30 -1.0 -1.0 8.0 397.0 56.0
31 -1.0 -1.0 13.0 252.0 66.0
32 -1.0 -1.0 20.0 101.0 67.0
33 -1.0 -1.0 9.0 374.0 77.0
34 -1.0 -1.0 4.0 53.0 82.0
35 -1.0 -1.0 14.0 255.0 46.0
36 -1.0 -1.0 19.0 118.0 63.0
37 -1.0 -1.0 6.0 188.0 87.0
38 -1.0 -1.0 14.0 236.0 87.0
39 -1.0 -1.0 19.0 155.0 88.0
40 -1.0 -1.0 5.0 347.0 71.0
41 -1.0 -1.0 10.0 125.0 90.0
42 -1.0 -1.0 8.0 29.0 72.0
43 -1.0 -1.0 14.0 140.0 26.0
44 -1.0 -1.0 17.0 50.0 86.0
45 -1.0 -1.0 5.0 308.0 66.0
46 -1.0 -1.0 7.0 372.0 23.0
47 -1.0 -1.0 15.0 49.0 92.0
48 -1.0 -1.0 16.0 391.0 77.0
49 -1.0 -1.0 10.0 122.0 60.0
50 -1.0 -1.0 12.0 347.0 36.0
51 -1.0 -1.0 11.0 229.0 99.0
52 -1.0 -1.0 4.0 285.0 21.0
53 -1.0 -1.0 13.0 67.0 15.0
54 -1.0 -1.0 9.0 374.0 46.0
55 -1.0 -1.0 13.0 43.0 34.0
56 -1.0 -1.0 7.0 346.0 64.0
57 -1.0 -1.0 17.0 93.0 26.0
58 -1.0 -1.0 20.0 144.0 78.0
59 -1.0 -1.0 14.0 20.0 97.0
60 -1.0 -1.0 16.0 84.0 85.0
61 -1.0 -1.0 17.0 388.0 97.0
62 -1.0 -1.0 15.0 19.0 59.0
63 -1.0 -1.0 4.0 172.0 97.0
64 -1.0 -1.0 12.0 340.0 82.0
65 -1.0 -1.0 4.0 384.0 66.0
66 -1.0 -1.0 18.0 397.0 72.0
67 -1.0 -1.0 4.0 50.0 15.0
68 -1.0 -1.0 5.0 143.0 24.0
69 -1.0 -1.0 11.0 382.0 100.0
70 -1.0 -1.0 17.0 137.0 77.0
71 -1.0 -1.0 6.0 293.0 75.0
72 -1.0 -1.0 12.0 395.0 32.0
73 -1.0 -1.0 17.0 328.0 47.0
74 -1.0 -1.0 5.0 66.0 35.0
75 -1.0 -1.0 18.0 109.0 46.0
76 -1.0 -1.0 18.0 269.0 79.0
77 -1.0 -1.0 12.0 30.0 87.0
78 -1.0 -1.0 12.0 335.0 49.0
79 -1.0 -1.0 5.0 399.0 55.0
80 -1.0 -1.0 13.0 397.0 26.0
81 -1.0 -1.0 8.0 360.0 60.0
82 -1.0 -1.0 7.0 396.0 63.0
83 -1.0 -1.0 6.0 87.0 90.0
84 -1.0 -1.0 19.0 250.0 50.0
85 -1.0 -1.0 20.0 180.0 84.0
86 -1.0 -1.0 14.0 395.0 63.0
87 -1.0 -1.0 20.0 166.0 76.0
88 -1.0 -1.0 14.0 309.0 51.0
89 -1.0 -1.0 6.0 238.0 40.0
90 -1.0 -1.0 14.0 313.0 66.0
91 -1.0 -1.0 20.0 323.0 94.0
92 -1.0 -1.0 12.0 133.0 83.0
93 -1.0 -1.0 19.0 296.0 26.0
94 -1.0 -1.0 10.0 280.0 70.0
95 -1.0 -1.0 4.0 344.0 49.0
96 -1.0 -1.0 17.0 91.0 100.0
97 -1.0 -1.0 15.0 108.0 76.0
98 -1.0 -1.0 11.0 388.0 97.0
99 -1.0 -1.0 11.0 117.0 49.0
100 -1.0 -1.0 7.0 285.0 78.0
101 -1.0 -1.0 11.0 243.0 86.0
102 -1.0 -1.0 6.0 379.0 32.0
103 -1.0 -1.0 4.0 357.0 83.0
104 -1.0 -1.0 20.0 299.0 62.0
105 -1.0 -1.0 14.0 380.0 48.0
106 -1.0 -1.0 7.0 107.0 96.0
107 -1.0 -1.0 9.0 263.0 51.0
108 -1.0 -1.0 17.0 79.0 22.0
109 -1.0 -1.0 5.0 306.0 29.0
110 -1.0 -1.0 15.0 88.0 88.0
111 -1.0 -1.0 11.0 51.0 91.0
112 -1.0 -1.0 4.0 375.0 99.0
113 -1.0 -1.0 19.0 107.0 76.0
114 -1.0 -1.0 6.0 37.0 28.0
115 -1.0 -1.0 9.0 334.0 25.0
116 -1.0 -1.0 16.0 87.0 16.0
117 -1.0 -1.0 6.0 336.0 24.0
118 -1.0 -1.0 5.0 54.0 30.0
119 -1.0 -1.0 13.0 306.0 76.0
120 -1.0 -1.0 7.0 276.0 52.0
121 -1.0 -1.0 14.0 252.0 87.0
122 -1.0 -1.0 13.0 117.0 21.0
123 -1.0 -1.0 14.0 388.0 70.0
124 -1.0 -1.0 17.0 294.0 87.0
125 -1.0 -1.0 6.0 150.0 70.0
126 -1.0 -1.0 12.0 80.0 84.0
127 -1.0 -1.0 6.0 302.0 77.0
128 -1.0 -1.0 9.0 206.0 65.0
129 -1.0 -1.0 9.0 164.0 21.0
130 -1.0 -1.0 16.0 97.0 32.0
131 -1.0 -1.0 16.0 25.0 85.0
132 -1.0 -1.0 11.0 158.0 30.0
133 -1.0 -1.0 7.0 297.0 63.0
134 -1.0 -1.0 12.0 168.0 35.0
135 -1.0 -1.0 12.0 363.0 40.0
136 -1.0 -1.0 14.0 30.0 61.0
137 -1.0 -1.0 15.0 303.0 93.0
138 -1.0 -1.0 11.0 359.0 91.0
139 -1.0 -1.0 5.0 281.0 92.0
140 -1.0 -1.0 20.0 397.0 73.0
141 -1.0 -1.0 19.0 335.0 54.0
142 -1.0 -1.0 7.0 270.0 36.0
143 -1.0 -1.0 7.0 376.0 46.0
144 -1.0 -1.0 13.0 156.0 28.0
145 -1.0 -1.0 11.0 199.0 78.0
146 -1.0 -1.0 8.0 178.0 70.0
147 -1.0 -1.0 20.0 75.0 95.0
148 -1.0 -1.0 13.0 315.0 66.0
149 -1.0 -1.0 7.0 345.0 46.0
150 -1.0 -1.0 6.0 367.0 48.0
151 -1.0 -1.0 11.0 290.0 76.0
152 -1.0 -1.0 19.0 64.0 99.0
153 -1.0 -1.0 18.0 244.0 25.0
154 -1.0 -1.0 11.0 119.0 95.0
155 -1.0 -1.0 5.0 23.0 58.0
156 -1.0 -1.0 15.0 39.0 39.0
157 -1.0 -1.0 7.0 316.0 84.0
158 -1.0 -1.0 18.0 288.0 64.0
159 -1.0 -1.0 15.0 133.0 46.0
160 -1.0 -1.0 18.0 355.0 71.0
161 -1.0 -1.0 4.0 365.0 68.0
162 -1.0 -1.0 20.0 19.0 73.0
163 -1.0 -1.0 10.0 283.0 40.0
164 -1.0 -1.0 12.0 212.0 59.0
165 -1.0 -1.0 17.0 301.0 92.0
166 -1.0 -1.0 18.0 231.0 80.0
167 -1.0 -1.0 5.0 148.0 52.0
168 -1.0 -1.0 19.0 156.0 89.0
169 -1.0 -1.0 15.0 20.0 98.0
170 -1.0 -1.0 11.0 226.0 70.0
171 -1.0 -1.0 7.0 249.0 26.0
172 -1.0 -1.0 17.0 314.0 50.0
173 -1.0 -1.0 15.0 49.0 29.0
174 -1.0 -1.0 15.0 244.0 89.0
175 -1.0 -1.0 13.0 217.0 68.0
176 -1.0 -1.0 20.0 23.0 54.0
177 -1.0 -1.0 18.0 197.0 46.0
178 -1.0 -1.0 6.0 268.0 23.0
179 -1.0 -1.0 14.0 218.0 30.0
180 -1.0 -1.0 14.0 20.0 89.0
181 -1.0 -1.0 12.0 220.0 15.0
182 -1.0 -1.0 7.0 86.0 27.0
183 -1.0 -1.0 14.0 95.0 64.0
184 -1.0 -1.0 18.0 251.0 19.0
185 -1.0 -1.0 19.0 246.0 57.0
186 -1.0 -1.0 5.0 83.0 38.0
187 -1.0 -1.0 15.0 338.0 87.0
188 -1.0 -1.0 14.0 30.0 64.0
189 -1.0 -1.0 7.0 239.0 16.0
190 -1.0 -1.0 13.0 122.0 65.0
191 -1.0 -1.0 4.0 47.0 65.0
192 -1.0 -1.0 13.0 308.0 76.0
193 -1.0 -1.0 10.0 393.0 85.0
194 -1.0 -1.0 18.0 107.0 53.0
195 -1.0 -1.0 7.0 248.0 29.0
196 -1.0 -1.0 12.0 272.0 86.0
197 -1.0 -1.0 9.0 200.0 17.0
198 -1.0 -1.0 17.0 170.0 90.0
199 -1.0 -1.0 20.0 148.0 70.0
200 -1.0 -1.0 14.0 389.0 31.0
201 -1.0 -1.0 9.0 389.0 42.0
202 -1.0 -1.0 12.0 165.0 68.0
203 -1.0 -1.0 10.0 168.0 27.0
204 -1.0 -1.0 10.0 314.0 83.0
205 -1.0 -1.0 9.0 302.0 25.0
206 -1.0 -1.0 19.0 59.0 79.0
207 -1.0 -1.0 13.0 326.0 16.0
208 -1.0 -1.0 16.0 25.0 77.0
209 -1.0 -1.0 16.0 368.0 18.0
210 -1.0 -1.0 11.0 67.0 70.0
211 -1.0 -1.0 9.0 81.0 23.0
212 -1.0 -1.0 12.0 316.0 33.0
213 -1.0 -1.0 5.0 39.0 27.0
214 -1.0 -1.0 19.0 231.0 21.0
215 -1.0 -1.0 6.0 348.0 81.0
216 -1.0 -1.0 7.0 317.0 81.0
217 -1.0 -1.0 12.0 210.0 42.0
218 -1.0 -1.0 12.0 299.0 84.0
219 -1.0 -1.0 8.0 246.0 69.0
220 -1.0 -1.0 11.0 29.0 21.0
221 -1.0 -1.0 18.0 272.0 17.0
222 -1.0 -1.0 11.0 113.0 52.0
223 -1.0 -1.0 18.0 335.0 30.0
224 -1.0 -1.0 14.0 398.0 51.0
225 -1.0 -1.0 15.0 397.0 62.0
226 -1.0 -1.0 5.0 40.0 19.0
227 -1.0 -1.0 14.0 148.0 84.0
228 -1.0 -1.0 16.0 332.0 92.0
229 -1.0 -1.0 17.0 108.0 36.0
230 -1.0 -1.0 8.0 138.0 96.0
231 -1.0 -1.0 5.0 208.0 20.0
232 -1.0 -1.0 15.0 84.0 22.0
233 -1.0 -1.0 10.0 142.0 39.0
234 -1.0 -1.0 18.0 356.0 89.0
235 -1.0 -1.0 16.0 117.0 77.0
236 -1.0 -1.0 18.0 29.0 16.0
237 -1.0 -1.0 18.0 344.0 26.0
238 -1.0 -1.0 17.0 250.0 79.0
239 -1.0 -1.0 7.0 139.0 97.0
240 -1.0 -1.0 17.0 296.0 85.0
241 -1.0 -1.0 9.0 285.0 76.0
242 -1.0 -1.0 18.0 46.0 64.0
243 -1.0 -1.0 5.0 73.0 22.0
244 -1.0 -1.0 4.0 185.0 43.0
245 -1.0 -1.0 17.0 229.0 51.0
246 -1.0 -1.0 16.0 163.0 50.0
247 -1.0 -1.0 5.0 380.0 41.0
248 -1.0 -1.0 16.0 76.0 33.0
249 -1.0 -1.0 17.0 175.0 79.0
250 -1.0 -1.0 20.0 183.0 50.0
251 -1.0 -1.0 9.0 44.0 86.0
252 -1.0 -1.0 19.0 359.0 94.0
253 -1.0 -1.0 8.0 280.0 54.0
254 -1.0 -1.0 19.0 169.0 31.0
255 -1.0 -1.0 6.0 374.0 15.0
256 -1.0 -1.0 8.0 138.0 69.0
257 -1.0 -1.0 4.0 250.0 92.0
258 -1.0 -1.0 19.0 29.0 87.0
259 -1.0 -1.0 4.0 351.0 74.0
260 -1.0 -1.0 12.0 293.0 30.0
261 -1.0 -1.0 8.0 330.0 27.0
262 -1.0 -1.0 9.0 234.0 70.0
263 -1.0 -1.0 10.0 301.0 82.0
264 -1.0 -1.0 7.0 254.0 38.0
265 -1.0 -1.0 13.0 248.0 98.0
266 -1.0 -1.0 6.0 54.0 59.0
267 -1.0 -1.0 4.0 373.0 27.0
268 -1.0 -1.0 16.0 79.0 58.0
269 -1.0 -1.0 10.0 34.0 35.0
270 -1.0 -1.0 12.0 79.0 18.0
271 -1.0 -1.0 12.0 171.0 65.0
272 -1.0 -1.0 8.0 79.0 83.0
273 -1.0 -1.0 19.0 325.0 40.0
274 -1.0 -1.0 20.0 262.0 37.0
275 -1.0 -1.0 14.0 60.0 48.0
276 -1.0 -1.0 5.0 195.0 96.0
277 -1.0 -1.0 6.0 62.0 15.0
278 -1.0 -1.0 6.0 162.0 54.0
279 -1.0 -1.0 14.0 363.0 64.0
280 -1.0 -1.0 17.0 322.0 35.0
281 -1.0 -1.0 4.0 171.0 48.0
282 -1.0 -1.0 10.0 53.0 22.0
283 -1.0 -1.0 11.0 281.0 46.0
284 -1.0 -1.0 13.0 165.0 87.0
285 -1.0 -1.0 14.0 117.0 79.0
286 -1.0 -1.0 8.0 395.0 84.0
287 -1.0 -1.0 14.0 256.0 49.0
288 -1.0 -1.0 14.0 196.0 21.0
289 -1.0 -1.0 10.0 385.0 89.0
290 -1.0 -1.0 11.0 108.0 24.0
291 -1.0 -1.0 15.0 171.0 15.0
292 -1.0 -1.0 6.0 103.0 36.0
293 -1.0 -1.0 13.0 154.0 55.0
294 -1.0 -1.0 12.0 105.0 63.0
295 -1.0 -1.0 16.0 157.0 56.0
296 -1.0 -1.0 15.0 173.0 29.0
297 -1.0 -1.0 12.0 144.0 46.0
298 -1.0 -1.0 8.0 371.0 67.0
299 -1.0 -1.0 6.0 250.0 32.0
300 -1.0 -1.0 10.0 99.0 39.0
301 -1.0 -1.0 7.0 336.0 18.0
302 -1.0 -1.0 5.0 146.0 86.0
303 -1.0 -1.0 17.0 393.0 77.0
304 -1.0 -1.0 17.0 349.0 30.0
305 -1.0 -1.0 4.0 197.0 32.0
306 -1.0 -1.0 17.0 280.0 55.0
307 -1.0 -1.0 10.0 326.0 43.0
308 -1.0 -1.0 12.0 278.0 88.0
309 -1.0 -1.0 14.0 31.0 54.0
310 -1.0 -1.0 12.0 72.0 24.0
311 -1.0 -1.0 19.0 141.0 69.0
312 -1.0 -1.0 15.0 109.0 97.0
313 -1.0 -1.0 9.0 34.0 45.0
314 -1.0 -1.0 18.0 80.0 31.0
315 -1.0 -1.0 12.0 194.0 80.0
316 -1.0 -1.0 13.0 49.0 76.0
317 -1.0 -1.0 10.0 27.0 97.0
318 -1.0 -1.0 12.0 117.0 30.0
319 -1.0 -1.0 13.0 256.0 82.0
320 -1.0 -1.0 6.0 386.0 48.0
321 -1.0 -1.0 20.0 390.0 19.0
322 -1.0 -1.0 8.0 299.0 37.0
323 -1.0 -1.0 17.0 56.0 16.0
324 -1.0 -1.0 17.0 389.0 45.0
325 -1.0 -1.0 13.0 271.0 61.0
326 -1.0 -1.0 13.0 157.0 46.0
327 -1.0 -1.0 14.0 196.0 46.0
328 -1.0 -1.0 8.0 85.0 41.0
329 -1.0 -1.0 5.0 311.0 75.0
330 -1.0 -1.0 20.0 218.0 90.0
331 -1.0 -1.0 12.0 72.0 88.0
332 -1.0 -1.0 15.0 168.0 57.0
333 -1.0 -1.0 13.0 80.0 65.0
334 -1.0 -1.0 5.0 24.0 51.0
335 -1.0 -1.0 5.0 37.0 77.0
336 -1.0 -1.0 19.0 325.0 94.0
337 -1.0 -1.0 20.0 77.0 72.0
338 -1.0 -1.0 20.0 380.0 47.0
339 -1.0 -1.0 19.0 297.0 57.0
340 -1.0 -1.0 8.0 26.0 31.0
341 -1.0 -1.0 5.0 351.0 35.0
342 -1.0 -1.0 7.0 104.0 33.0
343 -1.0 -1.0 12.0 288.0 73.0
344 -1.0 -1.0 6.0 149.0 47.0
345 -1.0 -1.0 4.0 131.0 58.0
346 -1.0 -1.0 5.0 102.0 49.0
347 -1.0 -1.0 10.0 133.0 82.0
348 -1.0 -1.0 16.0 234.0 48.0
349 -1.0 -1.0 18.0 182.0 91.0
350 -1.0 -1.0 15.0 23.0 33.0
351 -1.0 -1.0 9.0 149.0 33.0
352 -1.0 -1.0 12.0 198.0 97.0
353 -1.0 -1.0 12.0 263.0 46.0
354 -1.0 -1.0 19.0 58.0 51.0
355 -1.0 -1.0 13.0 174.0 89.0
356 -1.0 -1.0 10.0 145.0 36.0
357 -1.0 -1.0 18.0 272.0 51.0
358 -1.0 -1.0 16.0 379.0 54.0
359 -1.0 -1.0 10.0 361.0 85.0
360 -1.0 -1.0 10.0 387.0 33.0
361 -1.0 -1.0 4.0 284.0 76.0
362 -1.0 -1.0 12.0 327.0 89.0
363 -1.0 -1.0 9.0 170.0 93.0
364 -1.0 -1.0 15.0 23.0 49.0
365 -1.0 -1.0 9.0 31.0 29.0
366 -1.0 -1.0 17.0 37.0 73.0
367 -1.0 -1.0 17.0 140.0 81.0
368 -1.0 -1.0 5.0 362.0 58.0
369 -1.0 -1.0 6.0 352.0 63.0
370 -1.0 -1.0 14.0 20.0 87.0
371 -1.0 -1.0 9.0 357.0 86.0
372 -1.0 -1.0 14.0 233.0 58.0
373 -1.0 -1.0 14.0 314.0 74.0
374 -1.0 -1.0 19.0 350.0 85.0
375 -1.0 -1.0 17.0 277.0 57.0
376 -1.0 -1.0 15.0 24.0 21.0
377 -1.0 -1.0 18.0 103.0 36.0
378 -1.0 -1.0 9.0 20.0 31.0
379 -1.0 -1.0 7.0 383.0 52.0
380 -1.0 -1.0 18.0 233.0 58.0
381 -1.0 -1.0 18.0 398.0 44.0
382 -1.0 -1.0 16.0 120.0 78.0
383 -1.0 -1.0 10.0 337.0 68.0
384 -1.0 -1.0 8.0 358.0 41.0
385 -1.0 -1.0 20.0 133.0 79.0
386 -1.0 -1.0 7.0 146.0 61.0
387 -1.0 -1.0 15.0 331.0 85.0
388 -1.0 -1.0 9.0 243.0 17.0
389 -1.0 -1.0 6.0 133.0 53.0
390 -1.0 -1.0 14.0 303.0 63.0
391 -1.0 -1.0 10.0 365.0 84.0
392 -1.0 -1.0 7.0 165.0 43.0
393 -1.0 -1.0 6.0 396.0 38.0
394 -1.0 -1.0 10.0 336.0 68.0
395 -1.0 -1.0 18.0 41.0 46.0
396 -1.0 -1.0 17.0 241.0 39.0
397 -1.0 -1.0 13.0 104.0 31.0
398 -1.0 -1.0 18.0 388.0 58.0
399 -1.0 -1.0 4.0 119.0 86.0
400 -1.0 -1.0 4.0 96.0 88.0
401 -1.0 -1.0 5.0 46.0 60.0
402 -1.0 -1.0 11.0 148.0 50.0
403 -1.0 -1.0 15.0 392.0 40.0
404 -1.0 -1.0 6.0 202.0 38.0
405 -1.0 -1.0 16.0 157.0 55.0
406 -1.0 -1.0 10.0 317.0 16.0
407 -1.0 -1.0 15.0 74.0 28.0
408 -1.0 -1.0 20.0 25.0 32.0
409 -1.0 -1.0 13.0 360.0 77.0
410 -1.0 -1.0 14.0 134.0 27.0
411 -1.0 -1.0 15.0 172.0 66.0
412 -1.0 -1.0 17.0 324.0 45.0
413 -1.0 -1.0 12.0 255.0 81.0
414 -1.0 -1.0 7.0 291.0 21.0
415 -1.0 -1.0 16.0 258.0 86.0
416 -1.0 -1.0 9.0 292.0 58.0
417 -1.0 -1.0 4.0 122.0 92.0
418 -1.0 -1.0 14.0 291.0 77.0
419 -1.0 -1.0 14.0 234.0 72.0
420 -1.0 -1.0 18.0 176.0 46.0
421 -1.0 -1.0 20.0 225.0 91.0
422 -1.0 -1.0 10.0 339.0 70.0
423 -1.0 -1.0 10.0 81.0 46.0
424 -1.0 -1.0 16.0 374.0 77.0
425 -1.0 -1.0 10.0 325.0 65.0
426 -1.0 -1.0 15.0 195.0 39.0
427 -1.0 -1.0 13.0 197.0 46.0
428 -1.0 -1.0 14.0 125.0 32.0
429 -1.0 -1.0 16.0 337.0 52.0
430 -1.0 -1.0 20.0 290.0 20.0
431 -1.0 -1.0 18.0 261.0 29.0
432 -1.0 -1.0 19.0 242.0 64.0
433 -1.0 -1.0 19.0 97.0 66.0
434 -1.0 -1.0 15.0 124.0 86.0
435 -1.0 -1.0 7.0 237.0 85.0
436 -1.0 -1.0 14.0 166.0 25.0
437 -1.0 -1.0 12.0 298.0 74.0
438 -1.0 -1.0 8.0 36.0 98.0
439 -1.0 -1.0 13.0 250.0 98.0
440 -1.0 -1.0 12.0 217.0 56.0
441 -1.0 -1.0 16.0 58.0 79.0
442 -1.0 -1.0 14.0 45.0 69.0
443 -1.0 -1.0 14.0 101.0 97.0
444 -1.0 -1.0 13.0 296.0 26.0
445 -1.0 -1.0 18.0 243.0 100.0
446 -1.0 -1.0 16.0 233.0 66.0
447 -1.0 -1.0 20.0 107.0 100.0
448 -1.0 -1.0 8.0 233.0 33.0
449 -1.0 -1.0 12.0 262.0 34.0
450 -1.0 -1.0 10.0 339.0 66.0
451 -1.0 -1.0 8.0 29.0 18.0
452 -1.0 -1.0 9.0 232.0 65.0
453 -1.0 -1.0 15.0 150.0 48.0
454 -1.0 -1.0 12.0 207.0 62.0
455 -1.0 -1.0 9.0 211.0 18.0
456 -1.0 -1.0 12.0 256.0 47.0
457 -1.0 -1.0 10.0 264.0 22.0
458 -1.0 -1.0 4.0 123.0 67.0
459 -1.0 -1.0 15.0 111.0 36.0
460 -1.0 -1.0 7.0 87.0 82.0
461 -1.0 -1.0 15.0 43.0 99.0
462 -1.0 -1.0 6.0 392.0 78.0
463 -1.0 -1.0 10.0 345.0 66.0
464 -1.0 -1.0 18.0 340.0 73.0
465 -1.0 -1.0 18.0 70.0 23.0
466 -1.0 -1.0 19.0 15.0 55.0
467 -1.0 -1.0 19.0 135.0 92.0
468 -1.0 -1.0 16.0 68.0 86.0
469 -1.0 -1.0 10.0 376.0 36.0
470 -1.0 -1.0 11.0 261.0 67.0
471 -1.0 -1.0 4.0 341.0 95.0
472 -1.0 -1.0 4.0 48.0 69.0
473 -1.0 -1.0 10.0 351.0 44.0
474 -1.0 -1.0 11.0 252.0 65.0
475 -1.0 -1.0 9.0 258.0 49.0
476 -1.0 -1.0 20.0 312.0 72.0
477 -1.0 -1.0 12.0 42.0 32.0
478 -1.0 -1.0 14.0 177.0 66.0
479 -1.0 -1.0 14.0 291.0 87.0
480 -1.0 -1.0 16.0 125.0 57.0
481 -1.0 -1.0 18.0 294.0 79.0
482 -1.0 -1.0 5.0 32.0 92.0
483 -1.0 -1.0 12.0 139.0 66.0
484 -1.0 -1.0 10.0 173.0 54.0
485 -1.0 -1.0 11.0 280.0 28.0
627
0 19 5
0 1 9
1 20 5
1 2 8
2 21 5
2 3 9
3 22 11
4 25 6
5 6 9
6 27 5
7 28 8
8 29 5
8 9 9
9 30 9
9 10 5
10 11 8
11 12 6
12 13 6
13 14 12
14 31 5
14 15 7
15 16 5
16 32 8
17 33 11
17 18 6
19 20 5
20 35 6
20 21 5
21 22 9
22 23 9
23 36 5
24 38 8
24 25 8
25 39 5
25 26 6
26 40 11
27 42 10
28 43 5
29 45 10
29 30 7
30 46 6
32 49 9
33 51 11
34 53 10
35 55 6
36 57 5
36 37 9
37 58 6
37 38 11
38 59 10
38 39 10
39 40 11
40 41 5
41 42 12
42 60 6
43 62 8
43 44 6
44 63 12
44 45 11
45 64 6
45 46 9
46 47 12
47 65 9
47 48 12
48 66 6
49 50 7
50 51 9
51 52 6
52 70 9
52 53 6
53 71 9
54 72 12
54 55 11
55 56 6
57 58 8
58 74 11
58 59 12
59 75 11
60 61 8
61 62 9
62 78 8
62 63 11
63 79 7
63 64 9
64 80 5
65 66 6
66 67 5
67 82 6
68 84 6
68 69 8
69 85 5
70 71 7
73 90 6
74 75 7
75 92 5
76 94 7
76 77 7
77 95 7
78 79 9
79 80 12
80 97 11
80 81 12
81 98 11
82 83 9
83 84 7
84 101 5
84 85 6
85 102 10
85 86 10
86 103 6
87 105 7
88 107 12
88 89 6
89 108 11
89 90 12
90 109 7
90 91 10
91 110 12
92 93 7
93 94 8
94 112 12
94 95 10
96 114 8
97 117 5
97 98 5
98 99 9
99 118 8
99 100 5
100 119 5
101 102 11
102 103 9
103 104 11
104 122 11
104 105 7
105 123 8
106 125 5
107 127 6
107 108 5
108 109 8
109 128 6
109 110 5
110 129 11
110 111 9
111 130 6
112 132 11
113 133 6
113 114 11
114 115 9
115 134 12
115 116 8
116 135 9
116 117 11
117 136 5
118 138 11
118 119 10
119 120 9
120 139 12
120 121 12
121 140 10
122 123 5
123 124 10
124 142 10
124 125 10
126 143 10
126 127 8
127 144 10
128 146 6
128 129 6
129 147 8
129 130 9
130 148 11
130 131 5
131 149 5
133 152 12
134 154 7
134 135 5
135 136 9
136 155 8
136 137 12
137 156 11
137 138 12
138 157 6
139 159 10
139 140 10
140 160 6
140 141 8
142 165 11
143 144 8
144 167 10
144 145 8
145 146 7
146 168 7
146 147 5
147 169 9
147 148 5
148 149 10
149 170 6
149 150 5
151 172 7
151 152 11
152 173 9
152 153 12
153 174 7
153 154 12
154 175 5
155 156 12
156 157 6
157 158 9
158 159 7
159 160 5
161 177 5
161 162 6
162 163 6
163 178 10
163 164 10
164 165 12
165 166 11
168 179 10
168 169 5
169 180 6
170 181 10
171 172 10
172 182 9
172 173 9
173 174 10
174 183 7
174 175 12
176 177 9
177 191 7
178 193 9
179 200 12
179 180 5
180 201 12
181 202 7
182 205 11
183 207 10
184 208 6
184 185 9
185 186 6
186 187 12
187 209 6
187 188 10
188 210 7
188 189 5
189 190 12
191 192 7
192 193 5
193 194 7
194 195 9
195 211 5
195 196 9
197 212 11
197 198 12
198 213 8
198 199 7
199 214 11
199 200 11
200 215 10
200 201 9
202 216 11
202 203 8
203 204 8
204 217 10
204 205 12
205 206 12
206 218 8
206 207 5
207 219 9
208 220 6
209 210 5
210 223 9
212 213 7
213 214 6
214 228 9
214 215 7
216 230 8
217 231 7
218 232 8
218 219 5
219 233 7
220 235 7
220 221 12
221 236 12
221 222 11
223 224 7
224 238 10
224 225 9
226 240 9
227 241 10
228 246 12
229 230 11
230 248 7
232 233 10
233 250 7
233 234 8
234 235 11
235 251 11
235 236 11
237 252 6
238 254 5
239 257 8
239 240 10
241 242 5
242 258 6
242 243 10
243 259 10
244 260 9
244 245 8
245 261 5
245 246 12
246 247 5
247 262 6
248 249 9
249 264 9
250 267 7
252 271 11
252 253 8
253 272 11
253 254 8
254 273 5
254 255 12
255 274 12
255 256 10
256 257 9
257 275 9
258 278 5
258 259 8
259 279 7
260 261 6
261 280 6
262 282 10
262 263 10
263 283 7
264 265 8
265 284 8
265 266 9
266 285 6
267 287 9
267 268 11
268 288 7
269 270 9
270 271 6
271 289 5
271 272 9
272 290 6
272 273 5
273 291 8
273 274 11
274 292 7
275 294 11
276 296 10
276 277 8
277 278 10
278 297 12
278 279 5
279 298 11
280 299 8
280 281 6
281 282 6
282 300 8
282 283 10
283 301 9
284 303 12
284 285 8
285 304 8
285 286 11
286 305 9
286 287 11
287 306 5
287 288 12
288 307 6
289 310 9
289 290 11
290 311 7
290 291 5
291 312 8
291 292 12
292 313 9
292 293 9
293 314 8
293 294 11
294 315 5
294 295 7
295 296 11
296 316 10
297 298 12
299 319 6
300 320 8
300 301 5
301 321 7
302 324 11
302 303 6
303 325 12
303 304 6
304 326 9
304 305 5
305 327 12
305 306 10
306 307 5
307 308 6
309 329 6
309 310 12
310 330 11
310 311 12
311 331 9
311 312 12
312 332 6
312 313 8
313 333 5
313 314 6
314 334 5
314 315 7
315 335 5
316 337 6
316 317 5
317 338 11
318 341 10
318 319 10
319 342 10
320 344 6
320 321 8
321 345 11
321 322 5
322 323 7
323 346 12
323 324 11
324 325 9
325 347 5
325 326 7
326 348 7
326 327 7
328 352 11
328 329 8
329 330 6
330 353 12
330 331 6
331 332 10
332 354 7
332 333 11
333 355 11
333 334 11
334 356 9
334 335 5
335 357 10
335 336 7
336 337 12
337 358 6
337 338 7
338 359 12
338 339 7
339 340 8
341 360 10
341 342 10
342 361 5
342 343 10
343 344 7
344 362 12
344 345 11
345 363 6
346 365 6
347 366 8
347 348 7
348 367 9
349 368 9
349 350 9
350 369 7
350 351 10
351 370 8
351 352 7
352 371 9
353 372 10
354 355 11
355 373 11
355 356 6
356 357 11
358 374 11
358 359 9
359 375 12
360 361 6
361 377 11
362 363 12
363 364 5
364 365 7
365 378 8
366 380 6
366 367 5
367 381 6
368 369 10
369 383 6
369 370 5
370 371 6
371 384 10
372 386 7
373 388 8
374 375 10
375 391 6
376 393 5
378 379 10
379 380 6
380 398 12
380 381 8
381 382 7
383 400 11
384 401 5
384 385 9
385 402 12
385 386 6
386 387 9
388 404 8
388 389 6
389 405 7
389 390 10
391 392 8
392 393 8
393 408 12
394 409 6
395 410 7
395 396 7
396 397 7
398 414 12
399 400 7
400 417 7
401 402 9
402 418 10
403 419 8
403 404 5
404 405 9
405 420 8
406 422 11
406 407 9
407 423 9
409 425 9
410 426 6
411 428 7
411 412 7
412 429 11
412 413 10
413 430 5
413 414 8
414 431 9
414 415 6
415 432 9
415 416 10
416 433 8
418 435 5
419 437 12
420 439 7
420 421 12
421 440 9
421 422 10
422 423 8
423 441 10
424 443 11
425 445 5
426 447 11
427 449 8
427 428 6
428 450 5
428 429 11
429 451 12
429 430 8
430 431 6
431 452 10
431 432 11
432 453 9
432 433 10
433 434 12
434 454 7
435 457 12
435 436 9
436 458 6
437 460 6
437 438 7
438 461 10
438 439 11
439 462 6
439 440 9
440 463 11
441 442 5
442 443 10
443 465 8
443 444 12
444 466 6
445 467 7
445 446 7
446 468 11
446 447 8
447 469 12
447 448 9
448 470 5
448 449 5
449 471 6
449 450 5
450 472 8
450 451 5
451 473 6
452 475 6
452 453 11
454 477 8
455 478 11
455 456 11
456 457 11
457 479 7
457 458 10
458 480 12
458 459 6
459 460 11
460 481 10
460 461 5
461 462 10
462 482 10
462 463 8
463 464 9
464 483 5
465 466 9
466 485 8
467 468 11
468 469 5
469 470 11
470 471 11
471 472 11
472 473 7
473 474 10
474 475 5
476 477 7
479 480 5
483 484 8
10 0.05 0.05 0.05
