726
0 -1.0 -1.0 11.0 169.0 40.0
1 -1.0 -1.0 9.0 284.0 68.0
2 -1.0 -1.0 11.0 41.0 97.0
3 -1.0 -1.0 5.0 387.0 16.0
4 -1.0 -1.0 14.0 380.0 58.0
5 -1.0 -1.0 12.0 330.0 74.0
6 -1.0 -1.0 13.0 17.0 16.0
7 -1.0 -1.0 19.0 264.0 78.0
8 -1.0 -1.0 8.0 299.0 34.0
9 -1.0 -1.0 15.0 234.0 16.0
10 -1.0 -1.0 14.0 181.0 46.0
11 -1.0 -1.0 8.0 272.0 15.0
12 -1.0 -1.0 13.0 267.0 67.0
13 -1.0 -1.0 12.0 99.0 79.0
14 -1.0 -1.0 9.0 221.0 42.0
15 -1.0 -1.0 11.0 47.0 66.0
16 -1.0 -1.0 10.0 155.0 60.0
17 -1.0 -1.0 17.0 105.0 73.0
18 -1.0 -1.0 11.0 209.0 85.0
19 -1.0 -1.0 18.0 323.0 96.0
20 -1.0 -1.0 10.0 134.0 64.0
21 -1.0 -1.0 10.0 25.0 20.0
22 -1.0 -1.0 18.0 73.0 90.0
23 -1.0 -1.0 5.0 37.0 17.0
24 -1.0 -1.0 13.0 52.0 70.0
25 -1.0 -1.0 16.0 141.0 74.0
26 -1.0 -1.0 11.0 346.0 23.0
27 -1.0 -1.0 4.0 145.0 92.0
28 -1.0 -1.0 9.0 193.0 85.0
29 -1.0 -1.0 10.0 204.0 61.0
30 -1.0 -1.0 13.0 340.0 22.0
31 -1.0 -1.0 7.0 323.0 39.0
32 -1.0 -1.0 11.0 65.0 89.0
33 -1.0 -1.0 5.0 178.0 23.0
34 -1.0 -1.0 9.0 176.0 38.0
35 -1.0 -1.0 14.0 105.0 71.0
36 -1.0 -1.0 11.0 312.0 71.0
37 -1.0 -1.0 4.0 291.0 100.0
38 -1.0 -1.0 11.0 68.0 38.0
39 -1.0 -1.0 6.0 107.0 27.0
40 -1.0 -1.0 13.0 390.0 57.0
41 -1.0 -1.0 17.0 265.0 65.0
42 -1.0 -1.0 19.0 159.0 74.0
43 -1.0 -1.0 13.0 155.0 80.0
44 -1.0 -1.0 7.0 64.0 28.0
45 -1.0 -1.0 7.0 348.0 94.0
46 -1.0 -1.0 13.0 71.0 68.0
47 -1.0 -1.0 11.0 120.0 97.0
48 -1.0 -1.0 12.0 108.0 52.0
49 -1.0 -1.0 7.0 334.0 19.0
50 -1.0 -1.0 20.0 295.0 20.0
51 -1.0 -1.0 15.0 116.0 90.0
52 -1.0 -1.0 7.0 385.0 72.0
53 -1.0 -1.0 11.0 372.0 99.0
54 -1.0 -1.0 20.0 253.0 97.0
55 -1.0 -1.0 15.0 101.0 47.0
56 -1.0 -1.0 16.0 320.0 71.0
57 -1.0 -1.0 19.0 75.0 25.0
58 -1.0 -1.0 20.0 78.0 22.0
59 -1.0 -1.0 18.0 20.0 41.0
60 -1.0 -1.0 7.0 64.0 93.0
61 -1.0 -1.0 14.0 202.0 78.0
62 -1.0 -1.0 6.0 36.0 49.0
63 -1.0 -1.0 4.0 66.0 62.0
64 -1.0 -1.0 18.0 270.0 15.0
65 -1.0 -1.0 14.0 58.0 73.0
66 -1.0 -1.0 10.0 201.0 48.0
67 -1.0 -1.0 17.0 112.0 100.0
68 -1.0 -1.0 20.0 156.0 38.0
69 -1.0 -1.0 17.0 42.0 16.0
70 -1.0 -1.0 9.0 31.0 60.0
71 -1.0 -1.0 6.0 90.0 57.0
72 -1.0 -1.0 6.0 389.0 81.0
73 -1.0 -1.0 11.0 32.0 35.0
74 -1.0 -1.0 16.0 293.0 83.0
75 -1.0 -1.0 6.0 271.0 77.0
76 -1.0 -1.0 13.0 130.0 50.0
77 -1.0 -1.0 6.0 114.0 58.0
78 -1.0 -1.0 16.0 216.0 42.0
79 -1.0 -1.0 11.0 298.0 68.0
80 -1.0 -1.0 7.0 163.0 45.0
81 -1.0 -1.0 13.0 163.0 74.0
82 -1.0 -1.0 16.0 28.0 91.0
83 -1.0 -1.0 8.0 92.0 55.0
84 -1.0 -1.0 20.0 353.0 57.0
85 -1.0 -1.0 15.0 239.0 24.0
86 -1.0 -1.0 16.0 99.0 15.0
87 -1.0 -1.0 17.0 135.0 19.0
88 -1.0 -1.0 16.0 66.0 71.0
89 -1.0 -1.0 5.0 65.0 27.0
90 -1.0 -1.0 9.0 396.0 68.0
91 -1.0 -1.0 10.0 290.0 52.0
92 -1.0 -1.0 4.0 195.0 28.0
93 -1.0 -1.0 7.0 19.0 70.0
94 -1.0 -1.0 19.0 287.0 71.0
95 -1.0 -1.0 15.0 150.0 27.0
96 -1.0 -1.0 14.0 70.0 78.0
97 -1.0 -1.0 7.0 121.0 65.0
98 -1.0 -1.0 9.0 50.0 23.0
99 -1.0 -1.0 14.0 349.0 46.0
100 -1.0 -1.0 12.0 320.0 18.0
101 -1.0 -1.0 20.0 274.0 48.0
102 -1.0 -1.0 19.0 162.0 76.0
103 -1.0 -1.0 11.0 139.0 75.0
104 -1.0 -1.0 16.0 33.0 28.0
105 -1.0 -1.0 6.0 99.0 80.0
106 -1.0 -1.0 19.0 298.0 89.0
107 -1.0 -1.0 19.0 375.0 81.0
108 -1.0 -1.0 10.0 26.0 79.0
109 -1.0 -1.0 4.0 215.0 23.0
110 -1.0 -1.0 11.0 269.0 17.0
111 -1.0 -1.0 13.0 277.0 94.0
112 -1.0 -1.0 9.0 270.0 94.0
113 -1.0 -1.0 20.0 246.0 73.0
114 -1.0 -1.0 12.0 134.0 94.0
115 -1.0 -1.0 11.0 170.0 22.0
116 -1.0 -1.0 7.0 396.0 81.0
117 -1.0 -1.0 16.0 278.0 66.0
118 -1.0 -1.0 15.0 67.0 67.0
119 -1.0 -1.0 7.0 213.0 61.0
120 -1.0 -1.0 6.0 162.0 35.0
121 -1.0 -1.0 14.0 261.0 15.0
122 -1.0 -1.0 6.0 69.0 16.0
123 -1.0 -1.0 13.0 348.0 100.0
124 -1.0 -1.0 7.0 345.0 31.0
125 -1.0 -1.0 12.0 383.0 91.0
126 -1.0 -1.0 17.0 85.0 92.0
127 -1.0 -1.0 12.0 260.0 79.0
128 -1.0 -1.0 12.0 145.0 61.0
129 -1.0 -1.0 15.0 82.0 43.0
130 -1.0 -1.0 5.0 375.0 87.0
131 -1.0 -1.0 9.0 177.0 38.0
132 -1.0 -1.0 12.0 149.0 44.0
133 -1.0 -1.0 11.0 80.0 95.0
134 -1.0 -1.0 19.0 17.0 50.0
135 -1.0 -1.0 4.0 126.0 15.0
136 -1.0 -1.0 16.0 370.0 24.0
137 -1.0 -1.0 18.0 236.0 50.0
138 -1.0 -1.0 15.0 127.0 44.0
139 -1.0 -1.0 7.0 390.0 26.0
140 -1.0 -1.0 19.0 251.0 89.0
141 -1.0 -1.0 11.0 224.0 49.0
142 -1.0 -1.0 4.0 304.0 47.0
143 -1.0 -1.0 14.0 77.0 66.0
144 -1.0 -1.0 10.0 368.0 94.0
145 -1.0 -1.0 16.0 177.0 36.0
146 -1.0 -1.0 12.0 98.0 74.0
147 -1.0 -1.0 20.0 231.0 94.0
148 -1.0 -1.0 4.0 87.0 57.0
149 -1.0 -1.0 18.0 217.0 83.0
150 -1.0 -1.0 7.0 226.0 39.0
151 -1.0 -1.0 6.0 270.0 21.0
152 -1.0 -1.0 10.0 204.0 71.0
153 -1.0 -1.0 8.0 126.0 89.0
154 -1.0 -1.0 9.0 186.0 76.0
155 -1.0 -1.0 4.0 339.0 45.0
156 -1.0 -1.0 15.0 219.0 52.0
157 -1.0 -1.0 20.0 389.0 63.0
158 -1.0 -1.0 12.0 170.0 54.0
159 -1.0 -1.0 16.0 345.0 30.0
160 -1.0 -1.0 11.0 400.0 28.0
161 -1.0 -1.0 4.0 178.0 36.0
162 -1.0 -1.0 12.0 332.0 30.0
163 -1.0 -1.0 4.0 175.0 59.0
164 -1.0 -1.0 8.0 327.0 63.0
165 -1.0 -1.0 4.0 272.0 99.0
166 -1.0 -1.0 6.0 51.0 57.0
167 -1.0 -1.0 4.0 97.0 82.0
168 -1.0 -1.0 4.0 34.0 34.0
169 -1.0 -1.0 8.0 35.0 43.0
170 -1.0 -1.0 12.0 66.0 34.0
171 -1.0 -1.0 12.0 190.0 71.0
172 -1.0 -1.0 7.0 355.0 15.0
173 -1.0 -1.0 6.0 330.0 51.0
174 -1.0 -1.0 10.0 297.0 71.0
175 -1.0 -1.0 16.0 208.0 80.0
176 -1.0 -1.0 19.0 71.0 66.0
177 -1.0 -1.0 10.0 216.0 40.0
178 -1.0 -1.0 10.0 38.0 53.0
179 -1.0 -1.0 19.0 24.0 94.0
180 -1.0 -1.0 18.0 308.0 83.0
181 -1.0 -1.0 9.0 210.0 70.0
182 -1.0 -1.0 5.0 58.0 86.0
183 -1.0 -1.0 13.0 372.0 37.0
184 -1.0 -1.0 13.0 228.0 40.0
185 -1.0 -1.0 6.0 243.0 60.0
186 -1.0 -1.0 13.0 283.0 85.0
187 -1.0 -1.0 17.0 82.0 42.0
188 -1.0 -1.0 12.0 26.0 86.0
189 -1.0 -1.0 11.0 328.0 40.0
190 -1.0 -1.0 6.0 137.0 79.0
191 -1.0 -1.0 20.0 291.0 74.0
192 -1.0 -1.0 15.0 65.0 71.0
193 -1.0 -1.0 4.0 184.0 57.0
194 -1.0 -1.0 13.0 289.0 99.0
195 -1.0 -1.0 5.0 304.0 63.0
196 -1.0 -1.0 12.0 152.0 57.0
197 -1.0 -1.0 6.0 166.0 92.0
198 -1.0 -1.0 19.0 333.0 23.0
199 -1.0 -1.0 16.0 298.0 64.0
200 -1.0 -1.0 16.0 186.0 69.0
201 -1.0 -1.0 12.0 78.0 66.0
202 -1.0 -1.0 4.0 73.0 17.0
203 -1.0 -1.0 10.0 237.0 40.0
204 -1.0 -1.0 20.0 113.0 86.0
205 -1.0 -1.0 17.0 222.0 89.0
206 -1.0 -1.0 16.0 117.0 100.0
207 -1.0 -1.0 16.0 352.0 74.0
208 -1.0 -1.0 15.0 118.0 35.0
209 -1.0 -1.0 6.0 271.0 26.0
210 -1.0 -1.0 20.0 389.0 100.0
211 -1.0 -1.0 16.0 112.0 21.0
212 -1.0 -1.0 19.0 141.0 67.0
213 -1.0 -1.0 14.0 324.0 48.0
214 -1.0 -1.0 8.0 273.0 54.0
215 -1.0 -1.0 16.0 329.0 80.0
216 -1.0 -1.0 20.0 311.0 42.0
217 -1.0 -1.0 12.0 29.0 66.0
218 -1.0 -1.0 17.0 168.0 32.0
219 -1.0 -1.0 7.0 118.0 86.0
220 -1.0 -1.0 7.0 60.0 80.0
221 -1.0 -1.0 19.0 57.0 48.0
222 -1.0 -1.0 8.0 146.0 72.0
223 -1.0 -1.0 9.0 168.0 75.0
224 -1.0 -1.0 11.0 259.0 45.0
225 -1.0 -1.0 6.0 121.0 36.0
226 -1.0 -1.0 11.0 236.0 90.0
227 -1.0 -1.0 20.0 114.0 65.0
228 -1.0 -1.0 4.0 77.0 41.0
229 -1.0 -1.0 13.0 252.0 33.0
230 -1.0 -1.0 7.0 141.0 44.0
231 -1.0 -1.0 6.0 170.0 40.0
232 -1.0 -1.0 5.0 88.0 32.0
233 -1.0 -1.0 8.0 393.0 46.0
234 -1.0 -1.0 19.0 67.0 37.0
235 -1.0 -1.0 9.0 357.0 66.0
236 -1.0 -1.0 9.0 83.0 89.0
237 -1.0 -1.0 10.0 230.0 26.0
238 -1.0 -1.0 20.0 99.0 88.0
239 -1.0 -1.0 9.0 170.0 41.0
240 -1.0 -1.0 9.0 256.0 57.0
241 -1.0 -1.0 20.0 73.0 37.0
242 -1.0 -1.0 13.0 97.0 15.0
243 -1.0 -1.0 20.0 176.0 93.0
244 -1.0 -1.0 17.0 102.0 65.0
245 -1.0 -1.0 9.0 167.0 41.0
246 -1.0 -1.0 14.0 222.0 43.0
247 -1.0 -1.0 11.0 268.0 77.0
248 -1.0 -1.0 4.0 17.0 56.0
249 -1.0 -1.0 12.0 52.0 83.0
250 -1.0 -1.0 4.0 355.0 53.0
251 -1.0 -1.0 14.0 296.0 26.0
252 -1.0 -1.0 19.0 349.0 25.0
253 -1.0 -1.0 14.0 37.0 59.0
254 -1.0 -1.0 20.0 288.0 28.0
255 -1.0 -1.0 8.0 390.0 68.0
256 -1.0 -1.0 7.0 229.0 96.0
257 -1.0 -1.0 10.0 25.0 24.0
258 -1.0 -1.0 4.0 191.0 26.0
259 -1.0 -1.0 4.0 390.0 30.0
260 -1.0 -1.0 18.0 235.0 67.0
261 -1.0 -1.0 16.0 75.0 37.0
262 -1.0 -1.0 11.0 174.0 31.0
263 -1.0 -1.0 9.0 266.0 44.0
264 -1.0 -1.0 5.0 53.0 54.0
265 -1.0 -1.0 9.0 117.0 20.0
266 -1.0 -1.0 12.0 399.0 16.0
267 -1.0 -1.0 6.0 20.0 83.0
268 -1.0 -1.0 6.0 65.0 23.0
269 -1.0 -1.0 10.0 337.0 69.0
270 -1.0 -1.0 13.0 345.0 89.0
271 -1.0 -1.0 12.0 256.0 48.0
272 -1.0 -1.0 18.0 339.0 58.0
273 -1.0 -1.0 20.0 209.0 98.0
274 -1.0 -1.0 10.0 77.0 36.0
275 -1.0 -1.0 10.0 78.0 82.0
276 -1.0 -1.0 20.0 89.0 93.0
277 -1.0 -1.0 19.0 290.0 74.0
278 -1.0 -1.0 4.0 158.0 41.0
279 -1.0 -1.0 4.0 106.0 32.0
280 -1.0 -1.0 11.0 307.0 86.0
281 -1.0 -1.0 15.0 266.0 31.0
282 -1.0 -1.0 9.0 171.0 32.0
283 -1.0 -1.0 9.0 197.0 53.0
284 -1.0 -1.0 18.0 186.0 16.0
285 -1.0 -1.0 15.0 208.0 95.0
286 -1.0 -1.0 10.0 83.0 40.0
287 -1.0 -1.0 10.0 317.0 27.0
288 -1.0 -1.0 5.0 81.0 100.0
289 -1.0 -1.0 18.0 42.0 73.0
290 -1.0 -1.0 19.0 377.0 21.0
291 -1.0 -1.0 9.0 323.0 17.0
292 -1.0 -1.0 4.0 38.0 68.0
293 -1.0 -1.0 20.0 58.0 21.0
294 -1.0 -1.0 9.0 55.0 73.0
295 -1.0 -1.0 19.0 282.0 30.0
296 -1.0 -1.0 5.0 175.0 25.0
297 -1.0 -1.0 8.0 357.0 76.0
298 -1.0 -1.0 19.0 248.0 72.0
299 -1.0 -1.0 5.0 114.0 36.0
300 -1.0 -1.0 13.0 390.0 44.0
301 -1.0 -1.0 5.0 203.0 55.0
302 -1.0 -1.0 12.0 124.0 30.0
303 -1.0 -1.0 13.0 127.0 27.0
304 -1.0 -1.0 13.0 136.0 43.0
305 -1.0 -1.0 10.0 29.0 54.0
306 -1.0 -1.0 20.0 204.0 47.0
307 -1.0 -1.0 7.0 92.0 94.0
308 -1.0 -1.0 5.0 304.0 89.0
309 -1.0 -1.0 9.0 382.0 79.0
310 -1.0 -1.0 5.0 56.0 24.0
311 -1.0 -1.0 6.0 321.0 98.0
312 -1.0 -1.0 10.0 253.0 81.0
313 -1.0 -1.0 5.0 159.0 84.0
314 -1.0 -1.0 10.0 384.0 60.0
315 -1.0 -1.0 4.0 59.0 28.0
316 -1.0 -1.0 10.0 291.0 38.0
317 -1.0 -1.0 20.0 75.0 33.0
318 -1.0 -1.0 9.0 295.0 30.0
319 -1.0 -1.0 18.0 67.0 46.0
320 -1.0 -1.0 19.0 218.0 17.0
321 -1.0 -1.0 6.0 159.0 81.0
322 -1.0 -1.0 8.0 37.0 15.0
323 -1.0 -1.0 18.0 391.0 34.0
324 -1.0 -1.0 4.0 127.0 71.0
325 -1.0 -1.0 14.0 99.0 80.0
326 -1.0 -1.0 4.0 104.0 97.0
327 -1.0 -1.0 19.0 261.0 68.0
328 -1.0 -1.0 17.0 198.0 50.0
329 -1.0 -1.0 14.0 108.0 38.0
330 -1.0 -1.0 8.0 255.0 91.0
331 -1.0 -1.0 16.0 21.0 44.0
332 -1.0 -1.0 13.0 291.0 97.0
333 -1.0 -1.0 17.0 165.0 19.0
334 -1.0 -1.0 12.0 317.0 19.0
335 -1.0 -1.0 12.0 311.0 33.0
336 -1.0 -1.0 4.0 293.0 78.0
337 -1.0 -1.0 6.0 57.0 78.0
338 -1.0 -1.0 4.0 94.0 53.0
339 -1.0 -1.0 12.0 177.0 71.0
340 -1.0 -1.0 11.0 147.0 28.0
341 -1.0 -1.0 9.0 140.0 100.0
342 -1.0 -1.0 14.0 97.0 95.0
343 -1.0 -1.0 11.0 167.0 53.0
344 -1.0 -1.0 6.0 18.0 39.0
345 -1.0 -1.0 11.0 212.0 85.0
346 -1.0 -1.0 10.0 43.0 88.0
347 -1.0 -1.0 6.0 267.0 63.0
348 -1.0 -1.0 14.0 166.0 66.0
349 -1.0 -1.0 20.0 19.0 95.0
350 -1.0 -1.0 14.0 64.0 36.0
351 -1.0 -1.0 16.0 310.0 92.0
352 -1.0 -1.0 12.0 283.0 58.0
353 -1.0 -1.0 20.0 36.0 41.0
354 -1.0 -1.0 17.0 173.0 23.0
355 -1.0 -1.0 13.0 138.0 30.0
356 -1.0 -1.0 4.0 141.0 70.0
357 -1.0 -1.0 11.0 156.0 59.0
358 -1.0 -1.0 4.0 327.0 61.0
359 -1.0 -1.0 12.0 350.0 24.0
360 -1.0 -1.0 10.0 122.0 25.0
361 -1.0 -1.0 6.0 305.0 66.0
362 -1.0 -1.0 6.0 298.0 65.0
363 -1.0 -1.0 14.0 181.0 22.0
364 -1.0 -1.0 9.0 75.0 27.0
365 -1.0 -1.0 17.0 374.0 86.0
366 -1.0 -1.0 11.0 331.0 83.0
367 -1.0 -1.0 10.0 96.0 38.0
368 -1.0 -1.0 8.0 303.0 64.0
369 -1.0 -1.0 18.0 122.0 96.0
370 -1.0 -1.0 10.0 355.0 58.0
371 -1.0 -1.0 14.0 394.0 21.0
372 -1.0 -1.0 7.0 157.0 60.0
373 -1.0 -1.0 14.0 364.0 71.0
374 -1.0 -1.0 8.0 287.0 67.0
375 -1.0 -1.0 10.0 155.0 63.0
376 -1.0 -1.0 8.0 336.0 63.0
377 -1.0 -1.0 19.0 294.0 76.0
378 -1.0 -1.0 17.0 160.0 16.0
379 -1.0 -1.0 19.0 266.0 78.0
380 -1.0 -1.0 6.0 122.0 76.0
381 -1.0 -1.0 5.0 239.0 67.0
382 -1.0 -1.0 12.0 211.0 36.0
383 -1.0 -1.0 16.0 190.0 49.0
384 -1.0 -1.0 7.0 119.0 26.0
385 -1.0 -1.0 18.0 359.0 58.0
386 -1.0 -1.0 8.0 262.0 23.0
387 -1.0 -1.0 13.0 237.0 33.0
388 -1.0 -1.0 7.0 112.0 96.0
389 -1.0 -1.0 11.0 165.0 84.0
390 -1.0 -1.0 5.0 55.0 81.0
391 -1.0 -1.0 16.0 388.0 15.0
392 -1.0 -1.0 6.0 141.0 22.0
393 -1.0 -1.0 19.0 234.0 53.0
394 -1.0 -1.0 9.0 194.0 100.0
395 -1.0 -1.0 6.0 56.0 19.0
396 -1.0 -1.0 8.0 316.0 89.0
397 -1.0 -1.0 14.0 88.0 39.0
398 -1.0 -1.0 10.0 313.0 87.0
399 -1.0 -1.0 17.0 188.0 92.0
400 -1.0 -1.0 13.0 137.0 43.0
401 -1.0 -1.0 12.0 307.0 27.0
402 -1.0 -1.0 18.0 247.0 45.0
403 -1.0 -1.0 14.0 23.0 89.0
404 -1.0 -1.0 13.0 277.0 53.0
405 -1.0 -1.0 15.0 63.0 55.0
406 -1.0 -1.0 15.0 234.0 98.0
407 -1.0 -1.0 11.0 144.0 57.0
408 -1.0 -1.0 10.0 390.0 22.0
409 -1.0 -1.0 5.0 143.0 67.0
410 -1.0 -1.0 6.0 374.0 70.0
411 -1.0 -1.0 6.0 331.0 60.0
412 -1.0 -1.0 14.0 387.0 60.0
413 -1.0 -1.0 10.0 140.0 18.0
414 -1.0 -1.0 18.0 189.0 47.0
415 -1.0 -1.0 5.0 269.0 68.0
416 -1.0 -1.0 14.0 373.0 49.0
417 -1.0 -1.0 7.0 291.0 24.0
418 -1.0 -1.0 12.0 284.0 33.0
419 -1.0 -1.0 5.0 138.0 90.0
420 -1.0 -1.0 14.0 62.0 56.0
421 -1.0 -1.0 18.0 124.0 86.0
422 -1.0 -1.0 15.0 157.0 57.0
423 -1.0 -1.0 11.0 309.0 16.0
424 -1.0 -1.0 8.0 239.0 56.0
425 -1.0 -1.0 17.0 147.0 98.0
426 -1.0 -1.0 16.0 281.0 34.0
427 -1.0 -1.0 14.0 43.0 30.0
428 -1.0 -1.0 12.0 374.0 65.0
429 -1.0 -1.0 18.0 285.0 50.0
430 -1.0 -1.0 9.0 219.0 96.0
431 -1.0 -1.0 12.0 222.0 16.0
432 -1.0 -1.0 17.0 101.0 43.0
433 -1.0 -1.0 18.0 122.0 63.0
434 -1.0 -1.0 4.0 264.0 27.0
435 -1.0 -1.0 19.0 220.0 93.0
436 -1.0 -1.0 15.0 394.0 58.0
437 -1.0 -1.0 11.0 305.0 68.0
438 -1.0 -1.0 19.0 341.0 74.0
439 -1.0 -1.0 11.0 189.0 58.0
440 -1.0 -1.0 7.0 369.0 21.0
441 -1.0 -1.0 11.0 351.0 66.0
442 -1.0 -1.0 7.0 261.0 94.0
443 -1.0 -1.0 18.0 226.0 92.0
444 -1.0 -1.0 14.0 89.0 43.0
445 -1.0 -1.0 13.0 129.0 97.0
446 -1.0 -1.0 6.0 344.0 24.0
447 -1.0 -1.0 11.0 202.0 44.0
448 -1.0 -1.0 19.0 316.0 100.0
449 -1.0 -1.0 4.0 374.0 37.0
450 -1.0 -1.0 12.0 373.0 61.0
451 -1.0 -1.0 10.0 135.0 57.0
452 -1.0 -1.0 8.0 238.0 86.0
453 -1.0 -1.0 12.0 252.0 54.0
454 -1.0 -1.0 11.0 129.0 24.0
455 -1.0 -1.0 11.0 322.0 35.0
456 -1.0 -1.0 10.0 237.0 25.0
457 -1.0 -1.0 11.0 304.0 44.0
458 -1.0 -1.0 19.0 357.0 89.0
459 -1.0 -1.0 13.0 105.0 18.0
460 -1.0 -1.0 19.0 65.0 63.0
461 -1.0 -1.0 6.0 392.0 22.0
462 -1.0 -1.0 5.0 205.0 34.0
463 -1.0 -1.0 15.0 336.0 44.0
464 -1.0 -1.0 4.0 356.0 67.0
465 -1.0 -1.0 12.0 65.0 16.0
466 -1.0 -1.0 18.0 46.0 78.0
467 -1.0 -1.0 13.0 105.0 56.0
468 -1.0 -1.0 5.0 46.0 59.0
469 -1.0 -1.0 12.0 389.0 44.0
470 -1.0 -1.0 5.0 171.0 46.0
471 -1.0 -1.0 11.0 245.0 43.0
472 -1.0 -1.0 14.0 182.0 53.0
473 -1.0 -1.0 8.0 245.0 88.0
474 -1.0 -1.0 19.0 353.0 21.0
475 -1.0 -1.0 18.0 152.0 17.0
476 -1.0 -1.0 13.0 63.0 23.0
477 -1.0 -1.0 4.0 310.0 70.0
478 -1.0 -1.0 12.0 362.0 73.0
479 -1.0 -1.0 11.0 183.0 39.0
480 -1.0 -1.0 18.0 371.0 61.0
481 -1.0 -1.0 15.0 352.0 46.0
482 -1.0 -1.0 20.0 165.0 89.0
483 -1.0 -1.0 11.0 231.0 88.0
484 -1.0 -1.0 11.0 236.0 48.0
485 -1.0 -1.0 18.0 75.0 17.0
486 -1.0 -1.0 10.0 125.0 32.0
487 -1.0 -1.0 9.0 105.0 82.0
488 -1.0 -1.0 7.0 184.0 56.0
489 -1.0 -1.0 16.0 69.0 30.0
490 -1.0 -1.0 13.0 287.0 83.0
491 -1.0 -1.0 8.0 226.0 88.0
492 -1.0 -1.0 7.0 44.0 73.0
493 -1.0 -1.0 15.0 298.0 42.0
494 -1.0 -1.0 12.0 64.0 90.0
495 -1.0 -1.0 20.0 348.0 29.0
496 -1.0 -1.0 20.0 285.0 42.0
497 -1.0 -1.0 4.0 358.0 38.0
498 -1.0 -1.0 13.0 217.0 56.0
499 -1.0 -1.0 16.0 369.0 40.0
500 -1.0 -1.0 10.0 327.0 29.0
501 -1.0 -1.0 5.0 113.0 24.0
502 -1.0 -1.0 17.0 253.0 98.0
503 -1.0 -1.0 19.0 147.0 46.0
504 -1.0 -1.0 10.0 92.0 71.0
505 -1.0 -1.0 16.0 202.0 87.0
506 -1.0 -1.0 18.0 178.0 46.0
507 -1.0 -1.0 15.0 394.0 47.0
508 -1.0 -1.0 17.0 310.0 82.0
509 -1.0 -1.0 9.0 380.0 67.0
510 -1.0 -1.0 9.0 67.0 65.0
511 -1.0 -1.0 4.0 188.0 69.0
512 -1.0 -1.0 6.0 372.0 69.0
513 -1.0 -1.0 7.0 75.0 54.0
514 -1.0 -1.0 5.0 339.0 23.0
515 -1.0 -1.0 8.0 92.0 99.0
516 -1.0 -1.0 7.0 27.0 69.0
517 -1.0 -1.0 8.0 393.0 85.0
518 -1.0 -1.0 19.0 364.0 75.0
519 -1.0 -1.0 7.0 367.0 15.0
520 -1.0 -1.0 20.0 144.0 74.0
521 -1.0 -1.0 13.0 105.0 64.0
522 -1.0 -1.0 20.0 221.0 33.0
523 -1.0 -1.0 10.0 351.0 30.0
524 -1.0 -1.0 18.0 358.0 74.0
525 -1.0 -1.0 17.0 75.0 66.0
526 -1.0 -1.0 9.0 145.0 67.0
527 -1.0 -1.0 6.0 187.0 100.0
528 -1.0 -1.0 17.0 60.0 30.0
529 -1.0 -1.0 9.0 332.0 20.0
530 -1.0 -1.0 16.0 190.0 47.0
531 -1.0 -1.0 10.0 373.0 64.0
532 -1.0 -1.0 7.0 65.0 44.0
533 -1.0 -1.0 18.0 366.0 21.0
534 -1.0 -1.0 15.0 258.0 18.0
535 -1.0 -1.0 8.0 339.0 81.0
536 -1.0 -1.0 15.0 301.0 50.0
537 -1.0 -1.0 7.0 78.0 31.0
538 -1.0 -1.0 16.0 144.0 46.0
539 -1.0 -1.0 17.0 129.0 75.0
540 -1.0 -1.0 16.0 394.0 17.0
541 -1.0 -1.0 11.0 391.0 47.0
542 -1.0 -1.0 11.0 95.0 45.0
543 -1.0 -1.0 17.0 127.0 27.0
544 -1.0 -1.0 12.0 61.0 32.0
545 -1.0 -1.0 19.0 269.0 100.0
546 -1.0 -1.0 19.0 254.0 64.0
547 -1.0 -1.0 8.0 194.0 93.0
548 -1.0 -1.0 12.0 396.0 68.0
549 -1.0 -1.0 20.0 345.0 91.0
550 -1.0 -1.0 11.0 219.0 84.0
551 -1.0 -1.0 19.0 304.0 31.0
552 -1.0 -1.0 16.0 171.0 55.0
553 -1.0 -1.0 11.0 250.0 71.0
554 -1.0 -1.0 5.0 251.0 65.0
555 -1.0 -1.0 19.0 113.0 33.0
556 -1.0 -1.0 11.0 265.0 100.0
557 -1.0 -1.0 13.0 31.0 38.0
558 -1.0 -1.0 14.0 204.0 27.0
559 -1.0 -1.0 16.0 237.0 47.0
560 -1.0 -1.0 10.0 278.0 50.0
561 -1.0 -1.0 18.0 32.0 39.0
562 -1.0 -1.0 15.0 218.0 67.0
563 -1.0 -1.0 13.0 325.0 53.0
564 -1.0 -1.0 4.0 192.0 98.0
565 -1.0 -1.0 15.0 397.0 65.0
566 -1.0 -1.0 19.0 267.0 29.0
567 -1.0 -1.0 14.0 111.0 42.0
568 -1.0 -1.0 15.0 278.0 78.0
569 -1.0 -1.0 6.0 337.0 79.0
570 -1.0 -1.0 6.0 377.0 78.0
571 -1.0 -1.0 20.0 327.0 51.0
572 -1.0 -1.0 12.0 317.0 23.0
573 -1.0 -1.0 17.0 164.0 76.0
574 -1.0 -1.0 12.0 372.0 84.0
575 -1.0 -1.0 8.0 361.0 86.0
576 -1.0 -1.0 18.0 374.0 83.0
577 -1.0 -1.0 10.0 309.0 29.0
578 -1.0 -1.0 18.0 31.0 75.0
579 -1.0 -1.0 10.0 132.0 42.0
580 -1.0 -1.0 16.0 73.0 61.0
581 -1.0 -1.0 19.0 139.0 93.0
582 -1.0 -1.0 11.0 289.0 95.0
583 -1.0 -1.0 17.0 277.0 53.0
584 -1.0 -1.0 18.0 239.0 75.0
585 -1.0 -1.0 4.0 336.0 37.0
586 -1.0 -1.0 12.0 216.0 86.0
587 -1.0 -1.0 17.0 49.0 38.0
588 -1.0 -1.0 12.0 257.0 98.0
589 -1.0 -1.0 12.0 377.0 29.0
590 -1.0 -1.0 13.0 329.0 59.0
591 -1.0 -1.0 8.0 246.0 72.0
592 -1.0 -1.0 6.0 267.0 99.0
593 -1.0 -1.0 16.0 133.0 65.0
594 -1.0 -1.0 14.0 197.0 93.0
595 -1.0 -1.0 4.0 323.0 37.0
596 -1.0 -1.0 17.0 256.0 56.0
597 -1.0 -1.0 11.0 357.0 36.0
598 -1.0 -1.0 7.0 23.0 16.0
599 -1.0 -1.0 14.0 211.0 67.0
600 -1.0 -1.0 10.0 375.0 23.0
601 -1.0 -1.0 5.0 79.0 80.0
602 -1.0 -1.0 13.0 37.0 83.0
603 -1.0 -1.0 13.0 173.0 93.0
604 -1.0 -1.0 12.0 251.0 38.0
605 -1.0 -1.0 18.0 342.0 95.0
606 -1.0 -1.0 8.0 339.0 70.0
607 -1.0 -1.0 8.0 27.0 25.0
608 -1.0 -1.0 12.0 140.0 26.0
609 -1.0 -1.0 12.0 239.0 51.0
610 -1.0 -1.0 12.0 269.0 63.0
611 -1.0 -1.0 17.0 290.0 17.0
612 -1.0 -1.0 9.0 138.0 17.0
613 -1.0 -1.0 20.0 356.0 86.0
614 -1.0 -1.0 5.0 161.0 18.0
615 -1.0 -1.0 7.0 221.0 36.0
616 -1.0 -1.0 8.0 315.0 93.0
617 -1.0 -1.0 12.0 291.0 32.0
618 -1.0 -1.0 11.0 319.0 49.0
619 -1.0 -1.0 18.0 43.0 21.0
620 -1.0 -1.0 19.0 366.0 17.0
621 -1.0 -1.0 14.0 165.0 88.0
622 -1.0 -1.0 4.0 244.0 33.0
623 -1.0 -1.0 14.0 319.0 31.0
624 -1.0 -1.0 12.0 123.0 46.0
625 -1.0 -1.0 14.0 208.0 63.0
626 -1.0 -1.0 11.0 93.0 91.0
627 -1.0 -1.0 15.0 87.0 47.0
628 -1.0 -1.0 8.0 353.0 87.0
629 -1.0 -1.0 6.0 337.0 53.0
630 -1.0 -1.0 19.0 20.0 52.0
631 -1.0 -1.0 14.0 92.0 62.0
632 -1.0 -1.0 20.0 313.0 94.0
633 -1.0 -1.0 20.0 101.0 81.0
634 -1.0 -1.0 11.0 399.0 69.0
635 -1.0 -1.0 17.0 381.0 47.0
636 -1.0 -1.0 4.0 98.0 91.0
637 -1.0 -1.0 6.0 257.0 28.0
638 -1.0 -1.0 9.0 304.0 68.0
639 -1.0 -1.0 7.0 47.0 25.0
640 -1.0 -1.0 13.0 191.0 62.0
641 -1.0 -1.0 4.0 60.0 44.0
642 -1.0 -1.0 15.0 295.0 16.0
643 -1.0 -1.0 14.0 23.0 96.0
644 -1.0 -1.0 10.0 41.0 16.0
645 -1.0 -1.0 6.0 235.0 99.0
646 -1.0 -1.0 15.0 170.0 96.0
647 -1.0 -1.0 18.0 69.0 28.0
648 -1.0 -1.0 14.0 104.0 31.0
649 -1.0 -1.0 15.0 247.0 67.0
650 -1.0 -1.0 10.0 303.0 37.0
651 -1.0 -1.0 15.0 392.0 32.0
652 -1.0 -1.0 8.0 40.0 66.0
653 -1.0 -1.0 17.0 352.0 50.0
654 -1.0 -1.0 20.0 224.0 17.0
655 -1.0 -1.0 17.0 155.0 20.0
656 -1.0 -1.0 16.0 299.0 47.0
657 -1.0 -1.0 7.0 355.0 33.0
658 -1.0 -1.0 11.0 302.0 26.0
659 -1.0 -1.0 8.0 221.0 38.0
660 -1.0 -1.0 17.0 329.0 76.0
661 -1.0 -1.0 20.0 195.0 33.0
662 -1.0 -1.0 19.0 155.0 99.0
663 -1.0 -1.0 6.0 203.0 19.0
664 -1.0 -1.0 20.0 164.0 46.0
665 -1.0 -1.0 7.0 345.0 15.0
666 -1.0 -1.0 16.0 241.0 44.0
667 -1.0 -1.0 12.0 351.0 40.0
668 -1.0 -1.0 9.0 94.0 50.0
669 -1.0 -1.0 8.0 346.0 44.0
670 -1.0 -1.0 8.0 158.0 33.0
671 -1.0 -1.0 16.0 134.0 65.0
672 -1.0 -1.0 13.0 77.0 47.0
673 -1.0 -1.0 4.0 387.0 42.0
674 -1.0 -1.0 17.0 353.0 16.0
675 -1.0 -1.0 15.0 358.0 88.0
676 -1.0 -1.0 11.0 309.0 68.0
677 -1.0 -1.0 13.0 176.0 44.0
678 -1.0 -1.0 16.0 279.0 71.0
679 -1.0 -1.0 18.0 295.0 37.0
680 -1.0 -1.0 7.0 21.0 83.0
681 -1.0 -1.0 7.0 259.0 47.0
682 -1.0 -1.0 9.0 86.0 53.0
683 -1.0 -1.0 9.0 174.0 33.0
684 -1.0 -1.0 20.0 288.0 90.0
685 -1.0 -1.0 19.0 163.0 92.0
686 -1.0 -1.0 17.0 40.0 69.0
687 -1.0 -1.0 9.0 163.0 32.0
688 -1.0 -1.0 18.0 376.0 20.0
689 -1.0 -1.0 7.0 84.0 35.0
690 -1.0 -1.0 16.0 295.0 68.0
691 -1.0 -1.0 17.0 233.0 87.0
692 -1.0 -1.0 5.0 184.0 16.0
693 -1.0 -1.0 20.0 262.0 66.0
694 -1.0 -1.0 9.0 283.0 100.0
695 -1.0 -1.0 11.0 123.0 81.0
696 -1.0 -1.0 6.0 359.0 58.0
697 -1.0 -1.0 12.0 104.0 73.0
698 -1.0 -1.0 9.0 45.0 43.0
699 -1.0 -1.0 16.0 382.0 53.0
700 -1.0 -1.0 18.0 328.0 32.0
701 -1.0 -1.0 10.0 125.0 89.0
702 -1.0 -1.0 12.0 83.0 28.0
703 -1.0 -1.0 5.0 209.0 98.0
704 -1.0 -1.0 7.0 207.0 91.0
705 -1.0 -1.0 19.0 271.0 92.0
706 -1.0 -1.0 9.0 381.0 74.0
707 -1.0 -1.0 20.0 20.0 91.0
708 -1.0 -1.0 12.0 289.0 61.0
709 -1.0 -1.0 7.0 269.0 43.0
710 -1.0 -1.0 5.0 349.0 22.0
711 -1.0 -1.0 9.0 235.0 39.0
712 -1.0 -1.0 16.0 213.0 72.0
713 -1.0 -1.0 19.0 336.0 80.0
714 -1.0 -1.0 7.0 305.0 80.0
715 -1.0 -1.0 18.0 236.0 53.0
716 -1.0 -1.0 12.0 268.0 70.0
717 -1.0 -1.0 12.0 301.0 65.0
718 -1.0 -1.0 8.0 323.0 56.0
719 -1.0 -1.0 11.0 91.0 70.0
720 -1.0 -1.0 18.0 207.0 75.0
721 -1.0 -1.0 6.0 251.0 26.0
722 -1.0 -1.0 9.0 63.0 93.0
723 -1.0 -1.0 12.0 276.0 96.0
724 -1.0 -1.0 4.0 313.0 18.0
725 -1.0 -1.0 17.0 209.0 89.0
932
0 1 12
1 24 8
1 2 9
2 25 8
2 3 5
3 26 9
4 29 8
4 5 7
5 30 9
6 7 10
7 8 7
8 32 6
8 9 12
9 33 7
10 34 9
11 37 10
11 12 8
12 38 9
12 13 11
13 14 7
14 39 9
15 41 11
15 16 9
16 17 12
17 42 8
17 18 11
18 43 6
18 19 12
19 44 6
19 20 12
20 45 7
21 46 12
21 22 5
22 47 10
22 23 6
24 49 8
24 25 7
25 26 7
26 50 12
27 51 5
27 28 7
28 52 8
28 29 10
29 30 9
30 31 7
31 53 7
32 33 6
33 56 10
34 35 12
35 58 7
35 36 5
36 59 7
36 37 6
37 60 6
37 38 9
38 61 10
39 40 9
40 63 7
40 41 10
41 64 7
42 43 12
43 65 7
43 44 7
44 66 10
44 45 7
45 67 9
46 69 6
46 47 11
48 70 9
48 49 9
49 71 5
51 52 6
53 75 11
53 54 8
54 55 5
55 76 7
56 78 8
56 57 10
58 80 5
58 59 9
59 81 6
59 60 5
60 82 7
60 61 9
61 83 10
61 62 12
63 64 5
65 66 11
66 67 10
67 86 6
67 68 8
68 87 11
68 69 7
70 90 6
70 71 12
71 91 7
72 92 9
73 74 9
74 95 8
74 75 7
76 97 8
76 77 12
77 98 10
77 78 7
79 99 8
79 80 9
80 100 7
80 81 10
81 82 12
82 101 6
82 83 5
84 103 7
85 105 12
86 87 6
87 108 8
88 110 5
88 89 8
89 111 7
90 91 7
91 112 8
92 115 5
92 93 6
93 116 7
93 94 9
96 97 11
97 98 7
98 119 5
99 100 8
100 122 11
102 103 6
103 123 6
103 104 9
105 126 10
105 106 5
106 127 11
106 107 9
108 129 5
108 109 11
109 130 7
109 110 8
110 131 9
110 111 9
112 132 7
112 113 12
113 133 6
113 114 7
114 134 6
114 115 11
115 116 12
116 135 12
117 137 8
118 139 12
119 142 5
119 120 10
120 143 7
120 121 12
121 144 9
122 146 9
123 150 8
124 152 5
124 125 12
125 153 6
125 126 5
126 127 11
128 155 10
128 129 7
129 156 12
129 130 5
130 131 7
132 159 8
132 133 11
133 134 5
134 160 6
135 162 7
135 136 6
136 137 6
137 163 12
137 138 6
138 164 12
138 139 11
139 165 6
139 140 7
140 166 9
140 141 5
141 167 6
141 142 9
142 143 6
143 168 5
143 144 9
144 169 10
144 145 9
145 170 11
145 146 6
146 171 7
146 147 8
147 172 12
148 174 12
148 149 11
149 175 6
149 150 6
150 176 7
150 151 12
151 177 9
151 152 7
152 178 9
152 153 9
153 179 6
154 155 11
155 156 9
157 182 8
158 183 9
158 159 9
159 184 9
160 161 7
161 185 10
161 162 8
162 186 10
163 164 12
164 165 6
165 188 10
165 166 11
166 167 10
168 190 5
168 169 5
169 170 8
170 171 6
171 172 12
172 191 6
172 173 6
173 192 9
173 174 7
174 193 10
174 175 8
175 176 9
176 194 9
176 177 5
177 195 6
177 178 7
178 196 5
178 179 10
179 197 7
179 180 6
180 198 8
181 182 7
182 202 6
183 203 12
183 184 11
184 204 9
185 206 6
185 186 7
186 207 12
186 187 9
189 190 10
191 211 6
191 192 6
192 212 8
192 193 7
193 213 7
194 215 6
194 195 10
195 216 8
195 196 6
196 217 11
196 197 10
197 198 5
198 218 12
198 199 12
199 219 7
199 200 10
200 220 8
201 222 7
202 223 10
203 224 7
203 204 12
204 225 8
205 206 12
206 207 8
208 229 12
209 210 11
210 233 6
210 211 11
211 234 10
211 212 12
212 235 12
212 213 11
213 214 11
214 215 11
215 236 6
215 216 5
216 237 11
216 217 9
217 238 12
218 240 11
218 219 9
219 220 7
220 241 11
220 221 6
221 242 5
221 222 9
222 243 7
223 246 5
224 225 5
225 226 5
226 247 11
227 251 6
228 253 10
229 230 5
230 254 7
230 231 7
231 255 5
231 232 10
232 256 7
233 258 7
233 234 9
234 235 12
236 237 10
237 238 10
238 239 10
239 261 11
239 240 9
240 262 12
241 264 9
241 242 8
242 265 6
242 243 9
243 244 5
244 266 9
244 245 10
245 246 11
246 267 8
247 248 6
248 249 11
249 270 5
250 251 6
251 252 10
252 272 7
252 253 7
254 275 5
254 255 7
255 256 6
256 276 10
256 257 7
257 277 6
257 258 6
258 278 7
259 260 9
260 281 12
261 284 10
261 262 12
262 285 8
262 263 11
263 286 9
263 264 10
264 265 10
265 287 11
267 289 5
268 269 12
269 290 9
270 293 8
270 271 11
272 296 9
273 274 5
274 298 9
274 275 9
276 277 6
277 278 5
278 279 9
279 299 10
279 280 8
280 300 12
281 282 9
282 301 7
283 303 9
283 284 10
284 304 12
284 285 8
285 305 12
285 286 11
286 306 6
287 307 8
288 309 6
288 289 10
290 311 10
290 291 10
291 292 11
292 312 9
292 293 12
293 313 6
294 314 9
294 295 7
295 315 7
295 296 9
296 297 10
297 316 7
298 318 7
299 300 11
301 323 7
301 302 9
302 324 11
302 303 10
303 325 11
303 304 9
304 326 10
304 305 9
305 327 11
305 306 10
306 328 10
307 329 9
308 309 11
310 311 12
312 332 12
312 313 12
313 333 12
314 315 7
316 317 10
317 335 10
317 318 6
318 319 11
319 336 11
320 337 8
320 321 12
322 323 12
323 324 12
324 325 5
325 339 11
325 326 12
326 340 8
326 327 11
327 341 5
327 328 7
328 342 9
329 343 12
330 347 10
331 332 7
332 333 10
333 350 6
333 334 7
336 353 11
337 354 6
338 355 12
339 340 10
340 361 7
340 341 7
341 342 6
342 362 9
343 364 8
343 344 7
344 365 6
344 345 10
345 346 9
346 366 5
346 347 9
347 367 6
348 368 5
348 349 12
349 369 12
350 371 8
351 373 8
352 353 12
354 376 7
355 377 5
355 356 8
356 378 6
357 379 12
357 358 11
358 380 7
358 359 5
359 360 12
361 381 7
362 383 9
362 363 11
363 384 8
363 364 7
364 385 12
364 365 12
365 386 10
366 387 6
366 367 8
367 388 12
368 369 8
369 389 12
369 370 12
371 372 6
372 391 10
373 393 11
374 395 12
375 398 9
375 376 9
377 399 8
377 378 7
378 400 8
379 402 11
379 380 7
380 403 12
381 407 12
381 382 6
382 408 5
382 383 12
383 409 5
383 384 11
384 385 8
385 410 8
385 386 10
386 411 12
387 388 5
388 413 9
389 415 6
390 416 7
391 392 6
392 417 10
392 393 8
393 418 9
394 395 10
395 396 5
396 420 12
396 397 5
397 421 6
397 398 6
398 422 6
399 424 8
399 400 10
400 401 9
401 425 12
401 402 11
402 426 8
402 403 8
403 427 5
403 404 5
404 428 9
404 405 12
405 406 5
406 407 12
407 429 8
407 408 6
408 430 12
408 409 5
410 432 6
410 411 9
411 433 6
411 412 8
414 435 6
414 415 5
415 436 12
416 438 11
417 418 10
418 419 12
419 441 7
420 421 9
421 443 12
421 422 5
422 444 11
423 424 10
425 426 7
426 447 12
426 427 11
427 448 10
427 428 6
428 449 6
429 452 12
429 430 12
431 432 7
432 433 7
434 455 11
435 456 9
435 436 8
436 457 8
436 437 10
437 458 11
437 438 6
438 459 12
438 439 7
439 460 12
439 440 6
440 461 9
442 465 8
443 467 9
443 444 6
444 468 9
444 445 6
445 469 9
446 471 6
447 473 10
447 448 5
448 474 11
448 449 5
449 450 12
450 451 8
451 475 12
451 452 11
453 477 11
454 455 12
455 480 9
456 457 10
457 482 5
457 458 12
458 459 9
459 483 7
459 460 9
460 461 12
461 484 8
461 462 10
462 485 10
462 463 11
463 486 6
464 465 12
465 466 5
466 467 6
467 468 9
468 488 5
468 469 6
469 489 9
469 470 8
470 490 5
471 491 10
471 472 6
472 492 8
472 473 9
473 493 12
473 474 5
474 494 7
475 496 10
476 497 5
476 477 6
477 498 9
478 500 6
478 479 6
480 502 5
480 481 12
481 503 12
482 505 7
483 507 12
484 509 5
484 485 5
485 486 7
486 510 10
486 487 12
487 511 11
488 514 5
488 489 11
489 490 12
490 515 9
491 516 6
491 492 7
492 517 5
492 493 6
493 518 10
493 494 5
495 520 10
495 496 11
497 498 6
498 521 12
498 499 5
499 500 9
500 522 10
501 524 11
501 502 9
502 503 7
503 525 7
504 505 12
505 526 8
505 506 11
506 507 10
507 527 11
507 508 10
508 509 10
509 528 11
510 511 9
511 530 5
512 532 11
512 513 9
513 533 11
513 514 11
514 534 12
515 536 9
516 538 6
516 517 8
517 539 5
517 518 10
518 540 8
519 541 9
519 520 11
520 542 9
521 544 9
522 546 11
522 523 7
523 547 7
523 524 6
524 548 9
525 549 5
528 552 8
528 529 12
530 531 10
531 553 11
532 533 11
533 554 8
533 534 6
534 535 12
535 555 10
535 536 12
536 556 6
536 537 10
537 538 9
538 557 11
538 539 11
539 558 12
539 540 11
540 559 6
541 542 5
542 560 8
543 562 10
544 545 9
545 546 11
546 564 7
546 547 5
547 565 5
547 548 6
548 566 9
550 567 5
551 569 6
552 570 10
555 576 11
555 556 9
557 558 11
558 559 12
559 578 7
560 581 11
560 561 7
561 582 8
561 562 7
562 583 12
562 563 11
563 584 7
564 586 10
564 565 6
565 587 5
565 566 5
566 588 8
567 568 6
568 591 9
568 569 9
569 592 9
570 594 10
570 571 12
571 595 8
571 572 8
572 596 8
572 573 8
573 597 6
574 575 6
575 598 11
577 601 11
578 579 11
579 603 9
579 580 11
580 581 12
581 604 12
581 582 8
582 605 10
582 583 10
583 606 10
583 584 9
584 607 7
584 585 12
585 608 11
586 587 11
587 610 6
587 588 10
588 611 11
588 589 7
589 612 8
589 590 8
590 613 10
591 592 8
592 615 12
593 617 7
593 594 6
594 595 5
595 618 9
595 596 9
596 619 11
596 597 11
598 599 9
599 600 11
600 622 9
601 624 10
601 602 12
602 625 8
603 628 11
604 605 6
605 629 8
605 606 12
606 630 11
606 607 7
607 608 8
608 631 6
608 609 6
609 632 11
610 611 10
611 634 5
611 612 11
612 613 8
613 635 9
614 636 7
615 637 11
615 616 12
616 638 8
616 617 7
617 639 7
618 619 5
619 641 9
620 643 10
620 621 10
621 644 8
622 646 6
622 623 7
623 647 5
624 625 11
625 648 11
625 626 5
626 649 5
626 627 5
627 628 7
628 650 5
629 630 9
631 652 10
631 632 6
632 633 5
635 655 8
636 656 12
637 658 9
637 638 6
638 659 7
638 639 10
639 660 7
639 640 7
641 662 9
641 642 10
642 643 9
643 644 11
644 645 9
645 663 5
646 665 10
646 647 8
647 666 11
648 668 6
648 649 11
649 669 7
651 652 8
652 673 11
653 676 8
654 678 5
654 655 6
655 679 10
656 680 7
656 657 8
657 658 10
658 681 10
658 659 12
659 682 9
659 660 9
660 683 11
661 662 8
662 685 10
663 689 5
663 664 6
664 665 5
665 666 6
666 690 6
667 668 5
668 691 8
668 669 6
670 694 6
670 671 11
671 672 5
672 695 11
673 697 8
673 674 10
674 675 8
675 698 10
675 676 6
676 677 9
677 699 10
677 678 6
678 700 6
678 679 11
679 701 11
681 703 5
681 682 12
682 704 5
682 683 9
683 684 8
684 705 11
685 706 8
685 686 9
686 707 10
686 687 12
687 708 11
687 688 8
688 709 9
688 689 8
690 711 9
691 714 5
692 716 11
692 693 11
693 694 7
694 717 10
696 719 5
696 697 5
697 720 11
698 722 9
699 724 9
699 700 6
700 725 6
700 701 11
702 703 11
703 704 5
706 707 8
707 708 5
708 709 8
710 711 10
711 712 12
712 713 5
713 714 12
714 715 5
715 716 6
717 718 6
719 720 12
720 721 12
721 722 6
722 723 8
723 724 12
724 725 7
10 0.05 0.05 0.05
