726
0 -1.0 -1.0 20.0 74.0 51.0
1 -1.0 -1.0 13.0 27.0 67.0
2 -1.0 -1.0 15.0 298.0 48.0
3 -1.0 -1.0 12.0 22.0 83.0
4 -1.0 -1.0 10.0 138.0 51.0
5 -1.0 -1.0 16.0 195.0 69.0
6 -1.0 -1.0 19.0 73.0 30.0
7 -1.0 -1.0 19.0 80.0 63.0
8 -1.0 -1.0 15.0 65.0 36.0
9 -1.0 -1.0 19.0 193.0 88.0
10 -1.0 -1.0 8.0 228.0 41.0
11 -1.0 -1.0 20.0 17.0 31.0
12 -1.0 -1.0 16.0 63.0 87.0
13 -1.0 -1.0 16.0 169.0 85.0
14 -1.0 -1.0 8.0 74.0 46.0
15 -1.0 -1.0 18.0 140.0 73.0
16 -1.0 -1.0 18.0 397.0 76.0
17 -1.0 -1.0 15.0 191.0 86.0
18 -1.0 -1.0 7.0 292.0 63.0
19 -1.0 -1.0 15.0 390.0 78.0
20 -1.0 -1.0 11.0 109.0 60.0
21 -1.0 -1.0 15.0 95.0 91.0
22 -1.0 -1.0 17.0 343.0 40.0
23 -1.0 -1.0 19.0 64.0 31.0
24 -1.0 -1.0 8.0 374.0 30.0
25 -1.0 -1.0 20.0 212.0 70.0
26 -1.0 -1.0 7.0 31.0 66.0
27 -1.0 -1.0 15.0 129.0 84.0
28 -1.0 -1.0 16.0 136.0 63.0
29 -1.0 -1.0 17.0 239.0 64.0
30 -1.0 -1.0 8.0 72.0 65.0
31 -1.0 -1.0 20.0 35.0 91.0
32 -1.0 -1.0 11.0 391.0 36.0
33 -1.0 -1.0 15.0 337.0 49.0
34 -1.0 -1.0 5.0 81.0 42.0
35 -1.0 -1.0 10.0 28.0 46.0
36 -1.0 -1.0 16.0 327.0 97.0
37 -1.0 -1.0 8.0 313.0 24.0
38 -1.0 -1.0 12.0 104.0 77.0
39 -1.0 -1.0 15.0 81.0 84.0
40 -1.0 -1.0 7.0 158.0 70.0
41 -1.0 -1.0 8.0 330.0 69.0
42 -1.0 -1.0 6.0 47.0 35.0
43 -1.0 -1.0 11.0 288.0 55.0
44 -1.0 -1.0 14.0 246.0 35.0
45 -1.0 -1.0 7.0 297.0 48.0
46 -1.0 -1.0 17.0 194.0 62.0
47 -1.0 -1.0 9.0 388.0 84.0
48 -1.0 -1.0 13.0 113.0 84.0
49 -1.0 -1.0 18.0 177.0 53.0
50 -1.0 -1.0 20.0 319.0 34.0
51 -1.0 -1.0 9.0 105.0 78.0
52 -1.0 -1.0 13.0 151.0 34.0
53 -1.0 -1.0 20.0 258.0 79.0
54 -1.0 -1.0 12.0 92.0 68.0
55 -1.0 -1.0 17.0 65.0 19.0
56 -1.0 -1.0 8.0 264.0 70.0
57 -1.0 -1.0 5.0 48.0 33.0
58 -1.0 -1.0 16.0 275.0 35.0
59 -1.0 -1.0 10.0 387.0 58.0
60 -1.0 -1.0 13.0 368.0 43.0
61 -1.0 -1.0 8.0 133.0 73.0
62 -1.0 -1.0 9.0 340.0 28.0
63 -1.0 -1.0 13.0 32.0 34.0
64 -1.0 -1.0 19.0 183.0 29.0
65 -1.0 -1.0 13.0 334.0 41.0
66 -1.0 -1.0 9.0 199.0 66.0
67 -1.0 -1.0 15.0 105.0 47.0
68 -1.0 -1.0 7.0 28.0 85.0
69 -1.0 -1.0 19.0 106.0 31.0
70 -1.0 -1.0 14.0 304.0 89.0
71 -1.0 -1.0 13.0 147.0 49.0
72 -1.0 -1.0 15.0 142.0 39.0
73 -1.0 -1.0 20.0 220.0 94.0
74 -1.0 -1.0 19.0 390.0 79.0
75 -1.0 -1.0 9.0 144.0 42.0
76 -1.0 -1.0 15.0 90.0 80.0
77 -1.0 -1.0 13.0 273.0 53.0
78 -1.0 -1.0 4.0 64.0 90.0
79 -1.0 -1.0 11.0 136.0 30.0
80 -1.0 -1.0 4.0 130.0 45.0
81 -1.0 -1.0 4.0 350.0 39.0
82 -1.0 -1.0 5.0 301.0 78.0
83 -1.0 -1.0 13.0 369.0 33.0
84 -1.0 -1.0 17.0 353.0 38.0
85 -1.0 -1.0 9.0 69.0 35.0
86 -1.0 -1.0 8.0 368.0 56.0
87 -1.0 -1.0 8.0 170.0 68.0
88 -1.0 -1.0 20.0 156.0 50.0
89 -1.0 -1.0 7.0 366.0 100.0
90 -1.0 -1.0 20.0 246.0 92.0
91 -1.0 -1.0 8.0 46.0 25.0
92 -1.0 -1.0 11.0 221.0 80.0
93 -1.0 -1.0 9.0 47.0 32.0
94 -1.0 -1.0 11.0 186.0 27.0
95 -1.0 -1.0 11.0 29.0 94.0
96 -1.0 -1.0 20.0 157.0 97.0
97 -1.0 -1.0 6.0 176.0 33.0
98 -1.0 -1.0 20.0 58.0 23.0
99 -1.0 -1.0 8.0 187.0 17.0
100 -1.0 -1.0 13.0 72.0 54.0
101 -1.0 -1.0 7.0 40.0 17.0
102 -1.0 -1.0 12.0 122.0 91.0
103 -1.0 -1.0 18.0 292.0 18.0
104 -1.0 -1.0 19.0 105.0 24.0
105 -1.0 -1.0 6.0 228.0 96.0
106 -1.0 -1.0 17.0 167.0 39.0
107 -1.0 -1.0 7.0 211.0 91.0
108 -1.0 -1.0 9.0 148.0 72.0
109 -1.0 -1.0 13.0 229.0 26.0
110 -1.0 -1.0 10.0 44.0 89.0
111 -1.0 -1.0 19.0 323.0 91.0
112 -1.0 -1.0 9.0 252.0 67.0
113 -1.0 -1.0 14.0 53.0 27.0
114 -1.0 -1.0 11.0 170.0 24.0
115 -1.0 -1.0 15.0 15.0 29.0
116 -1.0 -1.0 12.0 345.0 97.0
117 -1.0 -1.0 10.0 294.0 23.0
118 -1.0 -1.0 9.0 319.0 66.0
119 -1.0 -1.0 8.0 113.0 53.0
120 -1.0 -1.0 14.0 155.0 98.0
121 -1.0 -1.0 11.0 118.0 43.0
122 -1.0 -1.0 14.0 308.0 63.0
123 -1.0 -1.0 12.0 367.0 35.0
124 -1.0 -1.0 14.0 263.0 85.0
125 -1.0 -1.0 15.0 223.0 54.0
126 -1.0 -1.0 12.0 200.0 96.0
127 -1.0 -1.0 14.0 162.0 67.0
128 -1.0 -1.0 20.0 268.0 20.0
129 -1.0 -1.0 6.0 170.0 86.0
130 -1.0 -1.0 14.0 323.0 35.0
131 -1.0 -1.0 12.0 260.0 39.0
132 -1.0 -1.0 15.0 135.0 93.0
133 -1.0 -1.0 12.0 99.0 15.0
134 -1.0 -1.0 12.0 152.0 45.0
135 -1.0 -1.0 19.0 71.0 95.0
136 -1.0 -1.0 7.0 118.0 45.0
137 -1.0 -1.0 18.0 98.0 42.0
138 -1.0 -1.0 14.0 36.0 95.0
139 -1.0 -1.0 15.0 243.0 53.0
140 -1.0 -1.0 20.0 238.0 27.0
141 -1.0 -1.0 8.0 206.0 66.0
142 -1.0 -1.0 12.0 218.0 22.0
143 -1.0 -1.0 13.0 253.0 79.0
144 -1.0 -1.0 14.0 267.0 41.0
145 -1.0 -1.0 5.0 264.0 17.0
146 -1.0 -1.0 14.0 182.0 47.0
147 -1.0 -1.0 4.0 61.0 40.0
148 -1.0 -1.0 15.0 127.0 71.0
149 -1.0 -1.0 12.0 261.0 75.0
150 -1.0 -1.0 9.0 129.0 69.0
151 -1.0 -1.0 10.0 366.0 85.0
152 -1.0 -1.0 9.0 74.0 67.0
153 -1.0 -1.0 19.0 110.0 30.0
154 -1.0 -1.0 7.0 29.0 25.0
155 -1.0 -1.0 15.0 261.0 27.0
156 -1.0 -1.0 7.0 339.0 57.0
157 -1.0 -1.0 18.0 273.0 71.0
158 -1.0 -1.0 16.0 329.0 83.0
159 -1.0 -1.0 15.0 223.0 53.0
160 -1.0 -1.0 16.0 109.0 100.0
161 -1.0 -1.0 19.0 278.0 50.0
162 -1.0 -1.0 18.0 131.0 78.0
163 -1.0 -1.0 13.0 234.0 99.0
164 -1.0 -1.0 20.0 153.0 64.0
165 -1.0 -1.0 11.0 400.0 29.0
166 -1.0 -1.0 14.0 347.0 42.0
167 -1.0 -1.0 6.0 54.0 89.0
168 -1.0 -1.0 6.0 101.0 70.0
169 -1.0 -1.0 10.0 219.0 64.0
170 -1.0 -1.0 12.0 238.0 43.0
171 -1.0 -1.0 13.0 247.0 57.0
172 -1.0 -1.0 5.0 195.0 61.0
173 -1.0 -1.0 10.0 196.0 74.0
174 -1.0 -1.0 7.0 289.0 49.0
175 -1.0 -1.0 15.0 389.0 47.0
176 -1.0 -1.0 6.0 334.0 99.0
177 -1.0 -1.0 15.0 291.0 83.0
178 -1.0 -1.0 9.0 118.0 56.0
179 -1.0 -1.0 15.0 239.0 16.0
180 -1.0 -1.0 6.0 56.0 17.0
181 -1.0 -1.0 16.0 118.0 18.0
182 -1.0 -1.0 10.0 56.0 62.0
183 -1.0 -1.0 7.0 81.0 30.0
184 -1.0 -1.0 6.0 130.0 34.0
185 -1.0 -1.0 6.0 267.0 58.0
186 -1.0 -1.0 7.0 27.0 20.0
187 -1.0 -1.0 17.0 33.0 66.0
188 -1.0 -1.0 20.0 375.0 27.0
189 -1.0 -1.0 5.0 270.0 68.0
190 -1.0 -1.0 14.0 303.0 52.0
191 -1.0 -1.0 10.0 123.0 52.0
192 -1.0 -1.0 14.0 124.0 73.0
193 -1.0 -1.0 6.0 291.0 47.0
194 -1.0 -1.0 13.0 97.0 15.0
195 -1.0 -1.0 18.0 133.0 40.0
196 -1.0 -1.0 17.0 89.0 18.0
197 -1.0 -1.0 19.0 122.0 99.0
198 -1.0 -1.0 19.0 378.0 68.0
199 -1.0 -1.0 7.0 290.0 42.0
200 -1.0 -1.0 17.0 260.0 94.0
201 -1.0 -1.0 11.0 366.0 56.0
202 -1.0 -1.0 8.0 364.0 86.0
203 -1.0 -1.0 7.0 295.0 86.0
204 -1.0 -1.0 10.0 217.0 84.0
205 -1.0 -1.0 11.0 311.0 16.0
206 -1.0 -1.0 20.0 35.0 39.0
207 -1.0 -1.0 14.0 388.0 31.0
208 -1.0 -1.0 14.0 372.0 60.0
209 -1.0 -1.0 9.0 85.0 63.0
210 -1.0 -1.0 12.0 33.0 26.0
211 -1.0 -1.0 6.0 349.0 79.0
212 -1.0 -1.0 6.0 376.0 84.0
213 -1.0 -1.0 13.0 368.0 56.0
214 -1.0 -1.0 5.0 77.0 89.0
215 -1.0 -1.0 7.0 272.0 91.0
216 -1.0 -1.0 20.0 221.0 51.0
217 -1.0 -1.0 9.0 278.0 59.0
218 -1.0 -1.0 12.0 370.0 57.0
219 -1.0 -1.0 12.0 128.0 79.0
220 -1.0 -1.0 18.0 326.0 56.0
221 -1.0 -1.0 9.0 68.0 49.0
222 -1.0 -1.0 19.0 29.0 36.0
223 -1.0 -1.0 6.0 265.0 64.0
224 -1.0 -1.0 6.0 235.0 78.0
225 -1.0 -1.0 10.0 58.0 65.0
226 -1.0 -1.0 16.0 181.0 44.0
227 -1.0 -1.0 4.0 326.0 69.0
228 -1.0 -1.0 16.0 386.0 95.0
229 -1.0 -1.0 4.0 152.0 55.0
230 -1.0 -1.0 20.0 160.0 54.0
231 -1.0 -1.0 10.0 301.0 43.0
232 -1.0 -1.0 11.0 146.0 79.0
233 -1.0 -1.0 17.0 292.0 96.0
234 -1.0 -1.0 9.0 67.0 74.0
235 -1.0 -1.0 18.0 326.0 44.0
236 -1.0 -1.0 20.0 15.0 71.0
237 -1.0 -1.0 14.0 306.0 90.0
238 -1.0 -1.0 11.0 370.0 83.0
239 -1.0 -1.0 13.0 42.0 53.0
240 -1.0 -1.0 20.0 297.0 24.0
241 -1.0 -1.0 17.0 64.0 53.0
242 -1.0 -1.0 12.0 324.0 49.0
243 -1.0 -1.0 13.0 323.0 58.0
244 -1.0 -1.0 7.0 327.0 44.0
245 -1.0 -1.0 5.0 107.0 45.0
246 -1.0 -1.0 11.0 195.0 64.0
247 -1.0 -1.0 9.0 191.0 34.0
248 -1.0 -1.0 8.0 208.0 38.0
249 -1.0 -1.0 14.0 17.0 94.0
250 -1.0 -1.0 12.0 244.0 19.0
251 -1.0 -1.0 11.0 382.0 41.0
252 -1.0 -1.0 14.0 141.0 30.0
253 -1.0 -1.0 18.0 292.0 39.0
254 -1.0 -1.0 8.0 144.0 81.0
255 -1.0 -1.0 6.0 85.0 98.0
256 -1.0 -1.0 11.0 165.0 18.0
257 -1.0 -1.0 14.0 284.0 16.0
258 -1.0 -1.0 15.0 230.0 38.0
259 -1.0 -1.0 10.0 151.0 57.0
260 -1.0 -1.0 10.0 226.0 51.0
261 -1.0 -1.0 5.0 385.0 91.0
262 -1.0 -1.0 12.0 80.0 36.0
263 -1.0 -1.0 6.0 82.0 62.0
264 -1.0 -1.0 12.0 201.0 42.0
265 -1.0 -1.0 19.0 347.0 19.0
266 -1.0 -1.0 9.0 226.0 19.0
267 -1.0 -1.0 13.0 227.0 95.0
268 -1.0 -1.0 13.0 375.0 94.0
269 -1.0 -1.0 6.0 322.0 40.0
270 -1.0 -1.0 11.0 258.0 32.0
271 -1.0 -1.0 14.0 296.0 40.0
272 -1.0 -1.0 20.0 361.0 24.0
273 -1.0 -1.0 15.0 321.0 99.0
274 -1.0 -1.0 10.0 346.0 96.0
275 -1.0 -1.0 12.0 186.0 92.0
276 -1.0 -1.0 17.0 300.0 60.0
277 -1.0 -1.0 14.0 169.0 39.0
278 -1.0 -1.0 13.0 323.0 45.0
279 -1.0 -1.0 15.0 88.0 24.0
280 -1.0 -1.0 9.0 28.0 72.0
281 -1.0 -1.0 9.0 277.0 45.0
282 -1.0 -1.0 4.0 153.0 74.0
283 -1.0 -1.0 9.0 344.0 84.0
284 -1.0 -1.0 4.0 276.0 60.0
285 -1.0 -1.0 19.0 380.0 18.0
286 -1.0 -1.0 19.0 67.0 21.0
287 -1.0 -1.0 14.0 327.0 96.0
288 -1.0 -1.0 13.0 215.0 42.0
289 -1.0 -1.0 18.0 196.0 92.0
290 -1.0 -1.0 9.0 290.0 61.0
291 -1.0 -1.0 16.0 93.0 45.0
292 -1.0 -1.0 9.0 314.0 78.0
293 -1.0 -1.0 10.0 394.0 81.0
294 -1.0 -1.0 10.0 305.0 40.0
295 -1.0 -1.0 11.0 240.0 53.0
296 -1.0 -1.0 15.0 67.0 69.0
297 -1.0 -1.0 18.0 351.0 50.0
298 -1.0 -1.0 8.0 170.0 46.0
299 -1.0 -1.0 11.0 119.0 86.0
300 -1.0 -1.0 11.0 232.0 41.0
301 -1.0 -1.0 6.0 139.0 94.0
302 -1.0 -1.0 15.0 302.0 88.0
303 -1.0 -1.0 4.0 19.0 90.0
304 -1.0 -1.0 4.0 157.0 91.0
305 -1.0 -1.0 12.0 336.0 19.0
306 -1.0 -1.0 12.0 265.0 89.0
307 -1.0 -1.0 6.0 113.0 28.0
308 -1.0 -1.0 6.0 72.0 86.0
309 -1.0 -1.0 19.0 250.0 73.0
310 -1.0 -1.0 12.0 284.0 47.0
311 -1.0 -1.0 4.0 340.0 32.0
312 -1.0 -1.0 7.0 29.0 21.0
313 -1.0 -1.0 4.0 262.0 48.0
314 -1.0 -1.0 4.0 305.0 73.0
315 -1.0 -1.0 12.0 373.0 27.0
316 -1.0 -1.0 12.0 155.0 29.0
317 -1.0 -1.0 20.0 31.0 63.0
318 -1.0 -1.0 6.0 238.0 85.0
319 -1.0 -1.0 14.0 136.0 59.0
320 -1.0 -1.0 17.0 201.0 69.0
321 -1.0 -1.0 14.0 200.0 30.0
322 -1.0 -1.0 19.0 55.0 61.0
323 -1.0 -1.0 4.0 228.0 52.0
324 -1.0 -1.0 10.0 296.0 21.0
325 -1.0 -1.0 9.0 64.0 37.0
326 -1.0 -1.0 15.0 240.0 94.0
327 -1.0 -1.0 9.0 60.0 59.0
328 -1.0 -1.0 10.0 289.0 57.0
329 -1.0 -1.0 15.0 37.0 24.0
330 -1.0 -1.0 19.0 220.0 44.0
331 -1.0 -1.0 6.0 188.0 43.0
332 -1.0 -1.0 5.0 313.0 88.0
333 -1.0 -1.0 14.0 98.0 55.0
334 -1.0 -1.0 18.0 218.0 86.0
335 -1.0 -1.0 10.0 135.0 86.0
336 -1.0 -1.0 13.0 115.0 54.0
337 -1.0 -1.0 6.0 153.0 86.0
338 -1.0 -1.0 14.0 69.0 63.0
339 -1.0 -1.0 10.0 206.0 52.0
340 -1.0 -1.0 12.0 354.0 31.0
341 -1.0 -1.0 8.0 259.0 96.0
342 -1.0 -1.0 18.0 112.0 36.0
343 -1.0 -1.0 14.0 195.0 45.0
344 -1.0 -1.0 11.0 238.0 38.0
345 -1.0 -1.0 17.0 65.0 17.0
346 -1.0 -1.0 20.0 272.0 85.0
347 -1.0 -1.0 16.0 198.0 71.0
348 -1.0 -1.0 8.0 40.0 38.0
349 -1.0 -1.0 18.0 338.0 22.0
350 -1.0 -1.0 17.0 122.0 40.0
351 -1.0 -1.0 16.0 287.0 26.0
352 -1.0 -1.0 11.0 126.0 84.0
353 -1.0 -1.0 8.0 40.0 64.0
354 -1.0 -1.0 12.0 241.0 44.0
355 -1.0 -1.0 8.0 66.0 63.0
356 -1.0 -1.0 18.0 341.0 68.0
357 -1.0 -1.0 5.0 81.0 89.0
358 -1.0 -1.0 18.0 345.0 64.0
359 -1.0 -1.0 18.0 236.0 39.0
360 -1.0 -1.0 18.0 320.0 94.0
361 -1.0 -1.0 14.0 189.0 93.0
362 -1.0 -1.0 14.0 339.0 26.0
363 -1.0 -1.0 18.0 251.0 77.0
364 -1.0 -1.0 4.0 30.0 33.0
365 -1.0 -1.0 7.0 257.0 33.0
366 -1.0 -1.0 11.0 255.0 31.0
367 -1.0 -1.0 20.0 349.0 37.0
368 -1.0 -1.0 18.0 19.0 68.0
369 -1.0 -1.0 10.0 117.0 60.0
370 -1.0 -1.0 4.0 34.0 27.0
371 -1.0 -1.0 5.0 130.0 45.0
372 -1.0 -1.0 10.0 294.0 70.0
373 -1.0 -1.0 16.0 135.0 19.0
374 -1.0 -1.0 11.0 25.0 55.0
375 -1.0 -1.0 19.0 86.0 78.0
376 -1.0 -1.0 13.0 222.0 47.0
377 -1.0 -1.0 9.0 166.0 57.0
378 -1.0 -1.0 17.0 333.0 33.0
379 -1.0 -1.0 7.0 17.0 25.0
380 -1.0 -1.0 19.0 61.0 29.0
381 -1.0 -1.0 11.0 121.0 56.0
382 -1.0 -1.0 15.0 301.0 74.0
383 -1.0 -1.0 20.0 69.0 82.0
384 -1.0 -1.0 9.0 218.0 79.0
385 -1.0 -1.0 8.0 237.0 50.0
386 -1.0 -1.0 6.0 53.0 57.0
387 -1.0 -1.0 4.0 257.0 87.0
388 -1.0 -1.0 7.0 129.0 89.0
389 -1.0 -1.0 12.0 242.0 78.0
390 -1.0 -1.0 16.0 96.0 87.0
391 -1.0 -1.0 20.0 93.0 29.0
392 -1.0 -1.0 9.0 76.0 97.0
393 -1.0 -1.0 9.0 103.0 84.0
394 -1.0 -1.0 17.0 132.0 87.0
395 -1.0 -1.0 11.0 17.0 28.0
396 -1.0 -1.0 6.0 152.0 85.0
397 -1.0 -1.0 10.0 312.0 60.0
398 -1.0 -1.0 16.0 327.0 30.0
399 -1.0 -1.0 15.0 288.0 51.0
400 -1.0 -1.0 8.0 192.0 18.0
401 -1.0 -1.0 20.0 144.0 43.0
402 -1.0 -1.0 11.0 214.0 23.0
403 -1.0 -1.0 20.0 262.0 48.0
404 -1.0 -1.0 14.0 318.0 76.0
405 -1.0 -1.0 5.0 241.0 39.0
406 -1.0 -1.0 10.0 372.0 54.0
407 -1.0 -1.0 18.0 18.0 22.0
408 -1.0 -1.0 4.0 313.0 19.0
409 -1.0 -1.0 10.0 52.0 29.0
410 -1.0 -1.0 13.0 49.0 56.0
411 -1.0 -1.0 4.0 360.0 28.0
412 -1.0 -1.0 20.0 147.0 66.0
413 -1.0 -1.0 20.0 236.0 74.0
414 -1.0 -1.0 10.0 185.0 33.0
415 -1.0 -1.0 19.0 251.0 61.0
416 -1.0 -1.0 8.0 114.0 52.0
417 -1.0 -1.0 11.0 123.0 22.0
418 -1.0 -1.0 10.0 21.0 46.0
419 -1.0 -1.0 10.0 170.0 44.0
420 -1.0 -1.0 13.0 213.0 35.0
421 -1.0 -1.0 8.0 96.0 28.0
422 -1.0 -1.0 11.0 375.0 36.0
423 -1.0 -1.0 8.0 26.0 26.0
424 -1.0 -1.0 17.0 324.0 45.0
425 -1.0 -1.0 19.0 388.0 79.0
426 -1.0 -1.0 5.0 149.0 53.0
427 -1.0 -1.0 5.0 309.0 18.0
428 -1.0 -1.0 6.0 85.0 19.0
429 -1.0 -1.0 20.0 88.0 55.0
430 -1.0 -1.0 11.0 185.0 97.0
431 -1.0 -1.0 7.0 124.0 71.0
432 -1.0 -1.0 14.0 366.0 37.0
433 -1.0 -1.0 6.0 172.0 90.0
434 -1.0 -1.0 5.0 311.0 76.0
435 -1.0 -1.0 19.0 141.0 46.0
436 -1.0 -1.0 12.0 129.0 39.0
437 -1.0 -1.0 19.0 383.0 83.0
438 -1.0 -1.0 12.0 67.0 78.0
439 -1.0 -1.0 10.0 68.0 34.0
440 -1.0 -1.0 15.0 55.0 76.0
441 -1.0 -1.0 16.0 118.0 98.0
442 -1.0 -1.0 12.0 15.0 60.0
443 -1.0 -1.0 8.0 182.0 37.0
444 -1.0 -1.0 13.0 334.0 80.0
445 -1.0 -1.0 20.0 58.0 35.0
446 -1.0 -1.0 9.0 140.0 95.0
447 -1.0 -1.0 7.0 107.0 42.0
448 -1.0 -1.0 17.0 92.0 74.0
449 -1.0 -1.0 19.0 269.0 78.0
450 -1.0 -1.0 6.0 168.0 89.0
451 -1.0 -1.0 5.0 102.0 79.0
452 -1.0 -1.0 4.0 356.0 52.0
453 -1.0 -1.0 8.0 297.0 22.0
454 -1.0 -1.0 9.0 196.0 19.0
455 -1.0 -1.0 17.0 221.0 66.0
456 -1.0 -1.0 9.0 379.0 42.0
457 -1.0 -1.0 11.0 123.0 100.0
458 -1.0 -1.0 6.0 38.0 31.0
459 -1.0 -1.0 19.0 112.0 16.0
460 -1.0 -1.0 16.0 36.0 57.0
461 -1.0 -1.0 20.0 233.0 62.0
462 -1.0 -1.0 20.0 272.0 48.0
463 -1.0 -1.0 10.0 73.0 94.0
464 -1.0 -1.0 15.0 37.0 28.0
465 -1.0 -1.0 13.0 208.0 66.0
466 -1.0 -1.0 5.0 166.0 85.0
467 -1.0 -1.0 16.0 228.0 85.0
468 -1.0 -1.0 20.0 323.0 86.0
469 -1.0 -1.0 15.0 295.0 76.0
470 -1.0 -1.0 19.0 324.0 30.0
471 -1.0 -1.0 20.0 200.0 29.0
472 -1.0 -1.0 19.0 37.0 31.0
473 -1.0 -1.0 9.0 391.0 53.0
474 -1.0 -1.0 12.0 296.0 52.0
475 -1.0 -1.0 17.0 372.0 43.0
476 -1.0 -1.0 7.0 221.0 48.0
477 -1.0 -1.0 11.0 179.0 78.0
478 -1.0 -1.0 7.0 286.0 58.0
479 -1.0 -1.0 12.0 46.0 59.0
480 -1.0 -1.0 20.0 258.0 30.0
481 -1.0 -1.0 18.0 274.0 70.0
482 -1.0 -1.0 7.0 259.0 33.0
483 -1.0 -1.0 14.0 42.0 77.0
484 -1.0 -1.0 18.0 113.0 79.0
485 -1.0 -1.0 6.0 239.0 44.0
486 -1.0 -1.0 13.0 338.0 63.0
487 -1.0 -1.0 15.0 26.0 100.0
488 -1.0 -1.0 13.0 27.0 83.0
489 -1.0 -1.0 10.0 52.0 75.0
490 -1.0 -1.0 5.0 233.0 58.0
491 -1.0 -1.0 17.0 65.0 80.0
492 -1.0 -1.0 6.0 327.0 75.0
493 -1.0 -1.0 17.0 195.0 82.0
494 -1.0 -1.0 17.0 98.0 48.0
495 -1.0 -1.0 19.0 390.0 81.0
496 -1.0 -1.0 7.0 330.0 17.0
497 -1.0 -1.0 11.0 34.0 37.0
498 -1.0 -1.0 16.0 37.0 70.0
499 -1.0 -1.0 6.0 164.0 64.0
500 -1.0 -1.0 12.0 97.0 97.0
501 -1.0 -1.0 8.0 94.0 56.0
502 -1.0 -1.0 8.0 132.0 71.0
503 -1.0 -1.0 13.0 208.0 99.0
504 -1.0 -1.0 13.0 291.0 96.0
505 -1.0 -1.0 8.0 51.0 87.0
506 -1.0 -1.0 19.0 303.0 52.0
507 -1.0 -1.0 4.0 66.0 22.0
508 -1.0 -1.0 9.0 16.0 89.0
509 -1.0 -1.0 11.0 50.0 87.0
510 -1.0 -1.0 11.0 135.0 57.0
511 -1.0 -1.0 19.0 136.0 30.0
512 -1.0 -1.0 11.0 155.0 79.0
513 -1.0 -1.0 11.0 145.0 79.0
514 -1.0 -1.0 7.0 233.0 96.0
515 -1.0 -1.0 20.0 182.0 88.0
516 -1.0 -1.0 8.0 86.0 74.0
517 -1.0 -1.0 13.0 252.0 60.0
518 -1.0 -1.0 4.0 400.0 82.0
519 -1.0 -1.0 13.0 239.0 40.0
520 -1.0 -1.0 9.0 99.0 15.0
521 -1.0 -1.0 16.0 255.0 56.0
522 -1.0 -1.0 20.0 228.0 91.0
523 -1.0 -1.0 15.0 52.0 24.0
524 -1.0 -1.0 18.0 288.0 15.0
525 -1.0 -1.0 17.0 318.0 35.0
526 -1.0 -1.0 14.0 198.0 53.0
527 -1.0 -1.0 11.0 326.0 63.0
528 -1.0 -1.0 8.0 31.0 36.0
529 -1.0 -1.0 17.0 122.0 61.0
530 -1.0 -1.0 19.0 332.0 78.0
531 -1.0 -1.0 6.0 282.0 49.0
532 -1.0 -1.0 7.0 382.0 59.0
533 -1.0 -1.0 11.0 88.0 96.0
534 -1.0 -1.0 8.0 279.0 58.0
535 -1.0 -1.0 14.0 17.0 87.0
536 -1.0 -1.0 18.0 388.0 30.0
537 -1.0 -1.0 5.0 316.0 46.0
538 -1.0 -1.0 7.0 138.0 61.0
539 -1.0 -1.0 19.0 315.0 36.0
540 -1.0 -1.0 8.0 227.0 19.0
541 -1.0 -1.0 19.0 106.0 65.0
542 -1.0 -1.0 7.0 155.0 34.0
543 -1.0 -1.0 13.0 194.0 68.0
544 -1.0 -1.0 12.0 357.0 64.0
545 -1.0 -1.0 12.0 197.0 25.0
546 -1.0 -1.0 18.0 355.0 78.0
547 -1.0 -1.0 10.0 221.0 94.0
548 -1.0 -1.0 10.0 18.0 51.0
549 -1.0 -1.0 18.0 205.0 47.0
550 -1.0 -1.0 10.0 325.0 98.0
551 -1.0 -1.0 9.0 15.0 82.0
552 -1.0 -1.0 11.0 21.0 74.0
553 -1.0 -1.0 7.0 48.0 20.0
554 -1.0 -1.0 19.0 371.0 18.0
555 -1.0 -1.0 18.0 367.0 74.0
556 -1.0 -1.0 11.0 328.0 47.0
557 -1.0 -1.0 10.0 379.0 69.0
558 -1.0 -1.0 19.0 161.0 59.0
559 -1.0 -1.0 4.0 41.0 85.0
560 -1.0 -1.0 4.0 368.0 55.0
561 -1.0 -1.0 8.0 366.0 59.0
562 -1.0 -1.0 4.0 24.0 15.0
563 -1.0 -1.0 13.0 144.0 26.0
564 -1.0 -1.0 17.0 287.0 92.0
565 -1.0 -1.0 6.0 18.0 73.0
566 -1.0 -1.0 10.0 235.0 28.0
567 -1.0 -1.0 12.0 207.0 66.0
568 -1.0 -1.0 9.0 73.0 89.0
569 -1.0 -1.0 12.0 95.0 97.0
570 -1.0 -1.0 5.0 339.0 38.0
571 -1.0 -1.0 6.0 387.0 30.0
572 -1.0 -1.0 13.0 21.0 31.0
573 -1.0 -1.0 7.0 80.0 15.0
574 -1.0 -1.0 10.0 318.0 98.0
575 -1.0 -1.0 14.0 238.0 56.0
576 -1.0 -1.0 17.0 47.0 45.0
577 -1.0 -1.0 18.0 191.0 80.0
578 -1.0 -1.0 6.0 220.0 30.0
579 -1.0 -1.0 10.0 375.0 55.0
580 -1.0 -1.0 9.0 81.0 72.0
581 -1.0 -1.0 13.0 139.0 63.0
582 -1.0 -1.0 11.0 267.0 75.0
583 -1.0 -1.0 17.0 48.0 26.0
584 -1.0 -1.0 19.0 78.0 24.0
585 -1.0 -1.0 5.0 238.0 72.0
586 -1.0 -1.0 12.0 217.0 67.0
587 -1.0 -1.0 19.0 141.0 87.0
588 -1.0 -1.0 13.0 26.0 79.0
589 -1.0 -1.0 18.0 343.0 22.0
590 -1.0 -1.0 7.0 122.0 18.0
591 -1.0 -1.0 16.0 49.0 44.0
592 -1.0 -1.0 5.0 325.0 18.0
593 -1.0 -1.0 17.0 221.0 87.0
594 -1.0 -1.0 15.0 223.0 73.0
595 -1.0 -1.0 5.0 65.0 52.0
596 -1.0 -1.0 7.0 99.0 95.0
597 -1.0 -1.0 16.0 60.0 94.0
598 -1.0 -1.0 18.0 163.0 80.0
599 -1.0 -1.0 16.0 15.0 59.0
600 -1.0 -1.0 14.0 362.0 86.0
601 -1.0 -1.0 18.0 226.0 44.0
602 -1.0 -1.0 12.0 155.0 37.0
603 -1.0 -1.0 19.0 246.0 90.0
604 -1.0 -1.0 11.0 235.0 87.0
605 -1.0 -1.0 7.0 59.0 99.0
606 -1.0 -1.0 14.0 331.0 74.0
607 -1.0 -1.0 19.0 18.0 64.0
608 -1.0 -1.0 12.0 103.0 50.0
609 -1.0 -1.0 13.0 35.0 89.0
610 -1.0 -1.0 15.0 18.0 38.0
611 -1.0 -1.0 15.0 157.0 77.0
612 -1.0 -1.0 18.0 203.0 32.0
613 -1.0 -1.0 10.0 127.0 19.0
614 -1.0 -1.0 4.0 251.0 54.0
615 -1.0 -1.0 13.0 116.0 66.0
616 -1.0 -1.0 12.0 92.0 32.0
617 -1.0 -1.0 9.0 376.0 78.0
618 -1.0 -1.0 6.0 328.0 24.0
619 -1.0 -1.0 13.0 170.0 20.0
620 -1.0 -1.0 4.0 28.0 60.0
621 -1.0 -1.0 11.0 203.0 86.0
622 -1.0 -1.0 13.0 399.0 91.0
623 -1.0 -1.0 19.0 390.0 49.0
624 -1.0 -1.0 13.0 130.0 21.0
625 -1.0 -1.0 14.0 216.0 47.0
626 -1.0 -1.0 17.0 384.0 36.0
627 -1.0 -1.0 20.0 339.0 89.0
628 -1.0 -1.0 16.0 77.0 52.0
629 -1.0 -1.0 8.0 141.0 83.0
630 -1.0 -1.0 7.0 341.0 96.0
631 -1.0 -1.0 4.0 373.0 33.0
632 -1.0 -1.0 8.0 109.0 77.0
633 -1.0 -1.0 19.0 120.0 37.0
634 -1.0 -1.0 9.0 202.0 97.0
635 -1.0 -1.0 17.0 366.0 52.0
636 -1.0 -1.0 17.0 63.0 85.0
637 -1.0 -1.0 19.0 261.0 16.0
638 -1.0 -1.0 15.0 16.0 71.0
639 -1.0 -1.0 18.0 137.0 38.0
640 -1.0 -1.0 5.0 43.0 39.0
641 -1.0 -1.0 13.0 232.0 77.0
642 -1.0 -1.0 4.0 352.0 21.0
643 -1.0 -1.0 19.0 271.0 80.0
644 -1.0 -1.0 13.0 251.0 56.0
645 -1.0 -1.0 8.0 91.0 92.0
646 -1.0 -1.0 20.0 36.0 38.0
647 -1.0 -1.0 16.0 266.0 92.0
648 -1.0 -1.0 15.0 379.0 90.0
649 -1.0 -1.0 13.0 183.0 19.0
650 -1.0 -1.0 6.0 178.0 94.0
651 -1.0 -1.0 19.0 296.0 70.0
652 -1.0 -1.0 12.0 87.0 32.0
653 -1.0 -1.0 14.0 294.0 22.0
654 -1.0 -1.0 9.0 367.0 35.0
655 -1.0 -1.0 12.0 76.0 40.0
656 -1.0 -1.0 13.0 110.0 54.0
657 -1.0 -1.0 15.0 200.0 16.0
658 -1.0 -1.0 19.0 106.0 76.0
659 -1.0 -1.0 13.0 116.0 32.0
660 -1.0 -1.0 5.0 188.0 27.0
661 -1.0 -1.0 5.0 324.0 78.0
662 -1.0 -1.0 18.0 322.0 78.0
663 -1.0 -1.0 12.0 283.0 37.0
664 -1.0 -1.0 17.0 203.0 58.0
665 -1.0 -1.0 16.0 176.0 87.0
666 -1.0 -1.0 14.0 258.0 65.0
667 -1.0 -1.0 19.0 183.0 62.0
668 -1.0 -1.0 10.0 160.0 52.0
669 -1.0 -1.0 4.0 291.0 74.0
670 -1.0 -1.0 17.0 226.0 15.0
671 -1.0 -1.0 9.0 256.0 55.0
672 -1.0 -1.0 19.0 144.0 94.0
673 -1.0 -1.0 12.0 332.0 64.0
674 -1.0 -1.0 4.0 239.0 80.0
675 -1.0 -1.0 15.0 239.0 45.0
676 -1.0 -1.0 4.0 306.0 82.0
677 -1.0 -1.0 18.0 180.0 45.0
678 -1.0 -1.0 13.0 260.0 68.0
679 -1.0 -1.0 9.0 87.0 43.0
680 -1.0 -1.0 20.0 160.0 68.0
681 -1.0 -1.0 15.0 337.0 92.0
682 -1.0 -1.0 11.0 285.0 34.0
683 -1.0 -1.0 10.0 322.0 27.0
684 -1.0 -1.0 6.0 208.0 86.0
685 -1.0 -1.0 14.0 18.0 39.0
686 -1.0 -1.0 10.0 319.0 75.0
687 -1.0 -1.0 8.0 87.0 89.0
688 -1.0 -1.0 6.0 204.0 60.0
689 -1.0 -1.0 9.0 381.0 92.0
690 -1.0 -1.0 10.0 164.0 22.0
691 -1.0 -1.0 5.0 130.0 80.0
692 -1.0 -1.0 15.0 148.0 90.0
693 -1.0 -1.0 10.0 369.0 78.0
694 -1.0 -1.0 9.0 353.0 82.0
695 -1.0 -1.0 14.0 153.0 69.0
696 -1.0 -1.0 10.0 61.0 57.0
697 -1.0 -1.0 13.0 129.0 51.0
698 -1.0 -1.0 17.0 307.0 32.0
699 -1.0 -1.0 4.0 351.0 23.0
700 -1.0 -1.0 9.0 73.0 83.0
701 -1.0 -1.0 4.0 284.0 58.0
702 -1.0 -1.0 11.0 141.0 43.0
703 -1.0 -1.0 19.0 104.0 44.0
704 -1.0 -1.0 10.0 143.0 48.0
705 -1.0 -1.0 20.0 330.0 96.0
706 -1.0 -1.0 19.0 279.0 50.0
707 -1.0 -1.0 9.0 157.0 77.0
708 -1.0 -1.0 13.0 335.0 92.0
709 -1.0 -1.0 13.0 48.0 16.0
710 -1.0 -1.0 15.0 90.0 87.0
711 -1.0 -1.0 12.0 298.0 67.0
712 -1.0 -1.0 20.0 374.0 24.0
713 -1.0 -1.0 9.0 350.0 16.0
714 -1.0 -1.0 17.0 30.0 48.0
715 -1.0 -1.0 16.0 214.0 32.0
716 -1.0 -1.0 9.0 319.0 80.0
717 -1.0 -1.0 19.0 59.0 16.0
718 -1.0 -1.0 13.0 310.0 69.0
719 -1.0 -1.0 15.0 279.0 34.0
720 -1.0 -1.0 13.0 250.0 52.0
721 -1.0 -1.0 7.0 140.0 35.0
722 -1.0 -1.0 6.0 179.0 55.0
723 -1.0 -1.0 16.0 359.0 82.0
724 -1.0 -1.0 4.0 214.0 99.0
725 -1.0 -1.0 8.0 327.0 20.0
929
0 21 6
0 1 9
1 22 7
2 23 9
2 3 7
3 24 8
4 27 7
4 5 9
5 28 9
6 29 8
7 32 10
8 9 6
9 34 6
9 10 8
10 35 11
11 37 5
11 12 11
12 13 7
13 38 6
14 39 7
15 16 7
16 41 11
16 17 8
17 42 9
17 18 7
19 43 10
19 20 12
20 21 9
21 44 12
21 22 7
23 46 7
23 24 5
24 47 5
24 25 6
25 26 6
26 27 10
27 28 11
28 48 11
29 49 12
29 30 8
30 50 10
30 31 8
31 51 9
32 33 11
33 52 10
34 54 12
34 35 7
35 55 5
36 57 7
36 37 7
37 58 5
39 60 8
39 40 6
41 62 7
41 42 6
43 64 11
45 65 12
45 46 8
46 47 8
48 68 8
49 70 8
49 50 10
50 71 6
50 51 8
51 72 7
52 75 8
52 53 6
53 54 6
54 76 7
54 55 12
55 77 5
55 56 11
56 78 6
56 57 5
57 79 9
57 58 12
58 80 7
59 82 6
59 60 9
61 83 7
61 62 9
62 84 8
63 85 10
64 86 8
66 90 10
67 91 7
67 68 8
68 92 11
68 69 9
69 93 6
69 70 9
70 71 10
71 72 8
72 94 7
72 73 8
73 74 12
74 95 9
74 75 10
76 96 9
76 77 8
77 97 6
77 78 9
78 79 10
79 80 6
80 98 12
81 99 12
81 82 5
82 100 11
83 84 5
84 102 6
85 104 6
86 105 6
87 107 8
87 88 12
88 108 10
89 110 9
89 90 11
90 111 5
91 113 8
91 92 12
92 114 10
92 93 11
93 115 5
96 118 12
96 97 7
97 119 10
99 122 11
99 100 10
100 101 5
101 123 11
102 125 10
102 103 6
103 104 8
104 126 6
105 127 10
105 106 5
106 128 5
106 107 8
107 129 7
107 108 5
108 109 6
109 130 11
110 111 9
111 112 5
112 131 8
112 113 11
113 114 5
114 132 7
114 115 5
115 133 7
115 116 12
116 117 10
117 134 12
118 138 5
118 119 10
119 120 6
121 140 11
121 122 11
122 141 8
123 143 5
124 145 11
124 125 7
125 146 5
127 148 7
127 128 7
128 129 12
130 150 8
131 154 11
132 155 8
132 133 8
133 156 5
135 159 7
135 136 12
136 160 8
136 137 8
137 161 9
137 138 6
139 163 10
140 165 7
140 141 11
141 166 11
141 142 11
142 167 10
142 143 11
143 168 5
143 144 7
144 169 8
144 145 5
145 146 8
146 147 10
148 171 10
149 174 10
149 150 6
150 151 6
151 175 11
151 152 10
152 176 9
152 153 8
153 177 11
153 154 5
154 178 12
155 179 6
155 156 8
157 182 7
157 158 7
158 183 11
158 159 11
159 184 10
159 160 6
160 185 12
160 161 11
161 186 9
162 188 11
163 189 9
163 164 5
164 165 6
165 190 11
165 166 5
166 191 12
166 167 9
167 192 11
167 168 9
168 193 8
168 169 10
170 196 5
171 172 12
172 197 6
172 173 10
173 198 12
173 174 5
175 199 5
175 176 7
176 200 12
176 177 5
177 201 11
177 178 5
179 202 7
180 204 7
180 181 8
181 182 5
182 205 9
182 183 8
183 184 5
184 185 11
185 186 10
186 206 7
186 187 11
187 207 10
187 188 12
188 208 12
190 211 9
190 191 8
191 212 12
191 192 6
192 213 5
192 193 12
194 195 9
195 214 9
196 216 10
197 198 7
198 218 11
199 200 5
200 201 12
201 220 9
202 203 8
203 222 5
203 204 7
204 223 12
206 207 10
207 208 9
208 209 7
209 228 8
210 211 5
211 230 9
211 212 5
212 231 9
212 213 12
213 232 7
214 235 12
214 215 10
215 236 12
215 216 12
216 237 7
217 238 11
219 240 6
220 241 11
221 243 11
222 245 9
222 223 6
223 224 12
224 246 8
225 226 11
226 248 5
226 227 12
227 249 8
228 252 11
228 229 9
229 253 9
230 231 5
231 232 7
232 255 9
233 234 12
234 257 8
234 235 5
235 258 8
235 236 10
236 259 9
236 237 9
237 260 11
238 261 6
239 240 9
240 264 6
241 242 5
242 267 5
242 243 5
243 268 12
243 244 6
244 269 7
244 245 11
245 270 6
246 247 6
248 273 10
248 249 6
249 274 10
249 250 10
250 251 8
251 275 10
252 253 6
253 276 5
253 254 8
254 277 12
255 256 9
256 280 11
257 282 10
257 258 7
258 283 6
258 259 9
259 260 10
260 284 8
261 262 9
262 285 10
262 263 5
264 265 8
265 287 7
265 266 7
267 268 5
268 289 7
268 269 12
269 270 7
270 271 10
271 290 9
272 292 12
272 273 6
273 274 12
274 293 7
275 295 11
276 296 5
276 277 6
277 297 12
277 278 5
278 279 8
279 298 7
280 281 8
281 299 12
281 282 8
282 283 12
283 300 8
284 301 5
285 302 7
286 304 10
287 305 11
288 307 12
289 309 10
290 312 9
291 313 12
291 292 9
292 314 5
293 316 10
293 294 9
294 317 5
294 295 7
296 297 11
298 320 5
299 323 11
300 324 6
302 327 9
302 303 8
303 328 12
303 304 12
305 306 12
306 330 5
306 307 12
307 308 6
308 309 9
309 331 9
309 310 6
310 311 10
311 332 11
311 312 7
313 334 10
313 314 8
314 335 6
314 315 10
315 336 5
315 316 8
316 337 8
316 317 12
317 338 12
318 339 5
319 342 8
319 320 12
320 343 6
320 321 6
321 344 12
321 322 11
322 345 8
322 323 12
324 325 8
325 347 9
326 349 11
326 327 5
327 350 8
327 328 6
328 351 6
329 353 11
330 355 5
331 358 12
333 359 11
333 334 7
334 335 6
335 360 12
335 336 10
336 361 10
336 337 9
337 362 8
337 338 11
338 363 9
339 340 5
340 364 6
340 341 7
341 342 5
342 343 12
343 365 11
343 344 12
344 345 5
346 367 5
347 348 7
348 369 12
349 350 7
350 351 6
351 370 6
351 352 5
352 371 9
352 353 5
353 354 9
354 372 11
354 355 11
355 373 9
355 356 11
356 357 8
357 358 7
358 374 7
360 378 7
360 361 7
361 379 6
361 362 12
362 363 5
363 380 6
365 383 5
366 384 12
366 367 11
367 385 12
367 368 10
369 387 10
370 371 10
371 390 10
372 373 10
373 392 10
374 393 12
375 376 10
376 394 8
377 396 9
377 378 6
378 397 9
378 379 8
380 399 6
381 402 10
382 383 11
384 385 7
385 406 6
386 408 8
386 387 12
387 409 7
388 389 10
389 410 10
390 412 7
390 391 11
391 413 6
392 415 8
394 417 12
394 395 5
395 396 8
396 397 7
397 418 11
398 420 7
398 399 12
399 400 5
400 421 11
400 401 8
401 422 7
401 402 5
402 403 5
403 423 10
403 404 10
405 426 8
406 428 8
406 407 7
407 429 5
407 408 11
408 409 11
409 430 6
410 431 9
410 411 5
411 412 11
412 413 10
413 432 8
413 414 11
414 415 8
415 433 12
416 437 7
418 419 8
419 441 7
419 420 5
421 443 12
421 422 11
422 444 12
424 425 6
425 426 6
426 446 6
426 427 10
427 428 10
428 447 5
428 429 8
429 448 9
430 450 5
431 452 8
432 454 8
433 434 10
434 435 10
435 456 7
435 436 5
436 437 5
437 457 8
437 438 8
438 458 9
439 460 9
439 440 8
440 461 6
442 464 6
442 443 9
443 465 11
443 444 7
444 466 9
445 469 11
446 471 12
447 473 9
447 448 9
448 474 11
448 449 8
449 475 10
449 450 9
450 476 6
451 452 7
452 477 11
453 479 9
453 454 8
454 480 8
454 455 10
455 481 7
457 484 6
457 458 10
458 459 12
459 485 9
459 460 12
460 461 6
461 462 5
463 487 6
463 464 8
464 465 6
465 488 5
465 466 12
466 489 10
466 467 12
467 468 8
468 490 6
468 469 7
470 492 6
470 471 9
471 493 6
471 472 7
472 473 8
473 474 12
474 494 11
474 475 9
475 495 5
475 476 12
476 496 9
477 478 7
478 498 10
478 479 10
479 480 10
480 499 7
480 481 12
481 482 8
482 500 5
482 483 9
483 501 12
484 503 10
485 505 11
486 508 5
486 487 10
487 509 12
488 489 10
489 510 9
490 512 11
491 514 9
491 492 12
492 515 9
492 493 10
494 495 8
495 518 12
495 496 10
496 519 9
497 520 7
498 521 6
499 522 11
500 501 9
502 525 5
502 503 5
503 526 10
503 504 8
504 527 8
504 505 9
505 528 8
505 506 8
507 508 12
508 530 7
508 509 5
510 533 7
510 511 12
511 512 12
512 534 10
513 535 6
513 514 5
514 515 5
515 536 9
516 538 11
516 517 10
517 539 8
518 540 12
518 519 5
520 541 11
521 543 6
522 544 12
522 523 6
523 545 6
524 525 7
525 548 9
525 526 6
526 549 7
526 527 5
527 550 7
527 528 10
529 552 5
530 553 7
531 532 5
532 554 12
532 533 5
533 555 8
535 557 11
536 558 8
536 537 6
537 559 9
537 538 9
538 560 9
538 539 12
539 561 12
541 563 10
541 542 12
542 564 8
542 543 12
544 565 8
544 545 5
545 546 7
546 547 8
547 566 8
548 549 7
549 550 5
551 568 12
551 552 5
552 569 8
553 571 11
554 572 12
554 555 6
555 573 10
556 557 12
557 576 12
558 578 7
558 559 10
559 579 8
559 560 8
560 580 5
560 561 12
561 581 11
561 562 12
562 582 12
563 585 12
563 564 9
565 587 12
566 589 12
567 593 6
567 568 7
568 594 5
568 569 10
569 570 11
570 595 7
570 571 8
571 596 7
572 599 5
572 573 5
573 600 7
573 574 10
574 601 9
574 575 10
576 603 5
576 577 10
577 604 11
577 578 5
578 579 7
579 605 11
579 580 12
580 581 11
581 606 7
581 582 6
582 607 11
582 583 6
583 608 9
583 584 12
586 610 7
586 587 9
587 611 6
588 613 5
588 589 10
589 614 10
589 590 7
590 591 5
591 615 12
591 592 9
593 617 10
593 594 8
595 619 10
595 596 9
596 597 9
597 620 7
597 598 9
598 621 11
598 599 12
599 622 7
599 600 5
600 601 7
601 623 9
602 624 6
602 603 8
603 625 9
603 604 6
606 607 5
607 626 11
607 608 5
608 627 8
609 628 12
610 630 11
610 611 5
611 612 7
612 631 12
612 613 5
613 632 9
613 614 11
614 633 12
615 634 9
616 636 6
616 617 12
617 637 11
618 619 12
619 639 12
620 640 10
620 621 9
621 641 6
621 622 10
622 642 5
623 644 7
624 646 12
624 625 9
625 647 9
626 653 5
626 627 9
627 654 11
628 657 9
628 629 7
629 658 12
629 630 10
631 660 5
631 632 9
632 661 8
632 633 6
634 662 9
634 635 11
635 663 10
635 636 6
636 637 9
637 664 7
637 638 5
638 665 10
639 667 6
640 669 5
640 641 6
641 670 12
641 642 10
642 671 9
642 643 12
643 672 11
643 644 5
644 645 11
645 673 9
645 646 6
646 647 6
647 674 5
647 648 5
648 649 8
649 650 6
650 675 9
650 651 5
651 652 7
652 653 9
653 676 10
653 654 10
654 677 11
654 655 8
655 678 6
656 657 7
657 679 6
657 658 7
658 680 12
659 682 8
659 660 10
660 683 8
660 661 5
661 684 6
662 663 5
663 687 8
664 688 9
664 665 11
665 666 11
666 689 10
666 667 6
667 690 5
667 668 5
668 691 7
668 669 7
669 692 5
669 670 6
670 693 5
670 671 12
671 694 5
671 672 7
672 695 7
673 696 12
674 697 11
675 700 12
676 677 10
677 702 6
677 678 5
678 703 6
679 704 12
679 680 10
680 681 12
681 705 10
681 682 10
682 683 11
683 706 6
683 684 6
684 685 8
685 707 9
685 686 5
686 708 5
687 709 7
688 711 10
689 713 10
689 690 6
690 691 6
691 714 9
691 692 6
692 715 11
692 693 6
693 694 10
694 716 5
694 695 10
695 717 12
696 718 10
697 719 10
697 698 9
698 720 6
698 699 5
699 721 9
699 700 12
701 723 6
702 725 9
702 703 7
707 708 11
709 710 10
710 711 10
711 712 12
712 713 8
714 715 12
716 717 7
719 720 6
720 721 6
722 723 9
723 724 6
724 725 5
10 0.05 0.05 0.05
