600
0 -1.0 -1.0 15.0 182.0 50.0
1 -1.0 -1.0 6.0 372.0 24.0
2 -1.0 -1.0 18.0 117.0 29.0
3 -1.0 -1.0 16.0 73.0 31.0
4 -1.0 -1.0 14.0 397.0 15.0
5 -1.0 -1.0 10.0 61.0 53.0
6 -1.0 -1.0 6.0 198.0 15.0
7 -1.0 -1.0 6.0 39.0 42.0
8 -1.0 -1.0 14.0 275.0 24.0
9 -1.0 -1.0 18.0 353.0 34.0
10 -1.0 -1.0 6.0 53.0 58.0
11 -1.0 -1.0 8.0 116.0 52.0
12 -1.0 -1.0 9.0 301.0 18.0
13 -1.0 -1.0 9.0 283.0 31.0
14 -1.0 -1.0 12.0 85.0 58.0
15 -1.0 -1.0 19.0 215.0 37.0
16 -1.0 -1.0 16.0 341.0 46.0
17 -1.0 -1.0 14.0 302.0 49.0
18 -1.0 -1.0 9.0 294.0 22.0
19 -1.0 -1.0 18.0 251.0 42.0
20 -1.0 -1.0 8.0 133.0 34.0
21 -1.0 -1.0 14.0 165.0 71.0
22 -1.0 -1.0 7.0 399.0 22.0
23 -1.0 -1.0 7.0 16.0 40.0
24 -1.0 -1.0 5.0 189.0 62.0
25 -1.0 -1.0 20.0 198.0 56.0
26 -1.0 -1.0 7.0 194.0 37.0
27 -1.0 -1.0 20.0 235.0 38.0
28 -1.0 -1.0 8.0 387.0 59.0
29 -1.0 -1.0 19.0 152.0 47.0
30 -1.0 -1.0 6.0 45.0 49.0
31 -1.0 -1.0 16.0 94.0 80.0
32 -1.0 -1.0 15.0 311.0 83.0
33 -1.0 -1.0 18.0 86.0 97.0
34 -1.0 -1.0 6.0 397.0 67.0
35 -1.0 -1.0 15.0 46.0 92.0
36 -1.0 -1.0 5.0 307.0 65.0
37 -1.0 -1.0 5.0 214.0 16.0
38 -1.0 -1.0 9.0 189.0 91.0
39 -1.0 -1.0 8.0 28.0 19.0
40 -1.0 -1.0 9.0 393.0 85.0
41 -1.0 -1.0 14.0 142.0 47.0
42 -1.0 -1.0 7.0 211.0 89.0
43 -1.0 -1.0 7.0 22.0 51.0
44 -1.0 -1.0 7.0 57.0 58.0
45 -1.0 -1.0 6.0 269.0 55.0
46 -1.0 -1.0 4.0 367.0 97.0
47 -1.0 -1.0 17.0 85.0 60.0
48 -1.0 -1.0 20.0 51.0 46.0
49 -1.0 -1.0 12.0 327.0 51.0
50 -1.0 -1.0 16.0 263.0 75.0
51 -1.0 -1.0 18.0 230.0 87.0
52 -1.0 -1.0 9.0 300.0 57.0
53 -1.0 -1.0 6.0 49.0 62.0
54 -1.0 -1.0 8.0 42.0 60.0
55 -1.0 -1.0 10.0 320.0 31.0
56 -1.0 -1.0 4.0 134.0 99.0
57 -1.0 -1.0 8.0 360.0 97.0
58 -1.0 -1.0 8.0 147.0 88.0
59 -1.0 -1.0 7.0 374.0 18.0
60 -1.0 -1.0 4.0 141.0 98.0
61 -1.0 -1.0 20.0 286.0 43.0
62 -1.0 -1.0 15.0 157.0 50.0
63 -1.0 -1.0 16.0 395.0 15.0
64 -1.0 -1.0 10.0 239.0 60.0
65 -1.0 -1.0 17.0 280.0 63.0
66 -1.0 -1.0 7.0 164.0 39.0
67 -1.0 -1.0 8.0 61.0 93.0
68 -1.0 -1.0 11.0 39.0 57.0
69 -1.0 -1.0 6.0 185.0 97.0
70 -1.0 -1.0 19.0 102.0 89.0
71 -1.0 -1.0 7.0 283.0 39.0
72 -1.0 -1.0 12.0 110.0 39.0
73 -1.0 -1.0 13.0 40.0 26.0
74 -1.0 -1.0 9.0 267.0 32.0
75 -1.0 -1.0 16.0 207.0 82.0
76 -1.0 -1.0 15.0 357.0 76.0
77 -1.0 -1.0 15.0 271.0 99.0
78 -1.0 -1.0 10.0 175.0 65.0
79 -1.0 -1.0 13.0 244.0 98.0
80 -1.0 -1.0 4.0 295.0 69.0
81 -1.0 -1.0 20.0 377.0 49.0
82 -1.0 -1.0 9.0 290.0 99.0
83 -1.0 -1.0 20.0 306.0 97.0
84 -1.0 -1.0 16.0 104.0 42.0
85 -1.0 -1.0 4.0 367.0 90.0
86 -1.0 -1.0 15.0 253.0 15.0
87 -1.0 -1.0 17.0 229.0 94.0
88 -1.0 -1.0 16.0 386.0 72.0
89 -1.0 -1.0 5.0 287.0 95.0
90 -1.0 -1.0 19.0 352.0 32.0
91 -1.0 -1.0 18.0 260.0 87.0
92 -1.0 -1.0 17.0 132.0 16.0
93 -1.0 -1.0 7.0 179.0 17.0
94 -1.0 -1.0 19.0 44.0 49.0
95 -1.0 -1.0 20.0 153.0 27.0
96 -1.0 -1.0 10.0 130.0 72.0
97 -1.0 -1.0 16.0 84.0 25.0
98 -1.0 -1.0 10.0 342.0 88.0
99 -1.0 -1.0 15.0 249.0 21.0
100 -1.0 -1.0 7.0 319.0 54.0
101 -1.0 -1.0 12.0 255.0 19.0
102 -1.0 -1.0 8.0 27.0 86.0
103 -1.0 -1.0 17.0 232.0 22.0
104 -1.0 -1.0 16.0 228.0 74.0
105 -1.0 -1.0 18.0 348.0 57.0
106 -1.0 -1.0 14.0 264.0 84.0
107 -1.0 -1.0 17.0 192.0 59.0
108 -1.0 -1.0 4.0 298.0 100.0
109 -1.0 -1.0 17.0 393.0 40.0
110 -1.0 -1.0 9.0 343.0 58.0
111 -1.0 -1.0 18.0 279.0 100.0
112 -1.0 -1.0 12.0 298.0 52.0
113 -1.0 -1.0 20.0 155.0 32.0
114 -1.0 -1.0 6.0 263.0 95.0
115 -1.0 -1.0 18.0 107.0 97.0
116 -1.0 -1.0 19.0 222.0 44.0
117 -1.0 -1.0 10.0 207.0 66.0
118 -1.0 -1.0 20.0 319.0 66.0
119 -1.0 -1.0 18.0 32.0 93.0
120 -1.0 -1.0 5.0 87.0 15.0
121 -1.0 -1.0 11.0 268.0 83.0
122 -1.0 -1.0 10.0 175.0 84.0
123 -1.0 -1.0 17.0 396.0 56.0
124 -1.0 -1.0 4.0 70.0 83.0
125 -1.0 -1.0 7.0 212.0 85.0
126 -1.0 -1.0 8.0 264.0 83.0
127 -1.0 -1.0 9.0 162.0 71.0
128 -1.0 -1.0 14.0 388.0 99.0
129 -1.0 -1.0 16.0 139.0 60.0
130 -1.0 -1.0 13.0 288.0 99.0
131 -1.0 -1.0 8.0 211.0 32.0
132 -1.0 -1.0 14.0 303.0 86.0
133 -1.0 -1.0 12.0 185.0 23.0
134 -1.0 -1.0 8.0 304.0 98.0
135 -1.0 -1.0 8.0 28.0 88.0
136 -1.0 -1.0 18.0 142.0 100.0
137 -1.0 -1.0 18.0 355.0 47.0
138 -1.0 -1.0 5.0 30.0 90.0
139 -1.0 -1.0 15.0 252.0 78.0
140 -1.0 -1.0 18.0 63.0 16.0
141 -1.0 -1.0 16.0 233.0 21.0
142 -1.0 -1.0 9.0 373.0 35.0
143 -1.0 -1.0 4.0 331.0 69.0
144 -1.0 -1.0 11.0 297.0 17.0
145 -1.0 -1.0 11.0 381.0 61.0
146 -1.0 -1.0 8.0 182.0 35.0
147 -1.0 -1.0 15.0 381.0 47.0
148 -1.0 -1.0 5.0 146.0 89.0
149 -1.0 -1.0 10.0 386.0 49.0
150 -1.0 -1.0 15.0 115.0 94.0
151 -1.0 -1.0 5.0 149.0 98.0
152 -1.0 -1.0 6.0 175.0 21.0
153 -1.0 -1.0 11.0 280.0 40.0
154 -1.0 -1.0 15.0 245.0 82.0
155 -1.0 -1.0 14.0 309.0 36.0
156 -1.0 -1.0 8.0 185.0 69.0
157 -1.0 -1.0 18.0 307.0 26.0
158 -1.0 -1.0 16.0 92.0 74.0
159 -1.0 -1.0 6.0 350.0 68.0
160 -1.0 -1.0 13.0 386.0 44.0
161 -1.0 -1.0 4.0 385.0 88.0
162 -1.0 -1.0 9.0 103.0 90.0
163 -1.0 -1.0 7.0 61.0 22.0
164 -1.0 -1.0 13.0 225.0 70.0
165 -1.0 -1.0 6.0 263.0 36.0
166 -1.0 -1.0 13.0 124.0 18.0
167 -1.0 -1.0 7.0 339.0 28.0
168 -1.0 -1.0 17.0 171.0 45.0
169 -1.0 -1.0 5.0 301.0 91.0
170 -1.0 -1.0 17.0 353.0 76.0
171 -1.0 -1.0 13.0 123.0 75.0
172 -1.0 -1.0 7.0 368.0 80.0
173 -1.0 -1.0 4.0 333.0 22.0
174 -1.0 -1.0 14.0 158.0 98.0
175 -1.0 -1.0 16.0 213.0 55.0
176 -1.0 -1.0 15.0 357.0 43.0
177 -1.0 -1.0 10.0 34.0 64.0
178 -1.0 -1.0 18.0 164.0 60.0
179 -1.0 -1.0 16.0 32.0 63.0
180 -1.0 -1.0 16.0 132.0 15.0
181 -1.0 -1.0 4.0 20.0 75.0
182 -1.0 -1.0 12.0 156.0 70.0
183 -1.0 -1.0 11.0 246.0 39.0
184 -1.0 -1.0 16.0 337.0 22.0
185 -1.0 -1.0 6.0 349.0 57.0
186 -1.0 -1.0 13.0 380.0 64.0
187 -1.0 -1.0 5.0 154.0 65.0
188 -1.0 -1.0 19.0 68.0 38.0
189 -1.0 -1.0 18.0 107.0 21.0
190 -1.0 -1.0 12.0 143.0 62.0
191 -1.0 -1.0 16.0 110.0 72.0
192 -1.0 -1.0 16.0 90.0 25.0
193 -1.0 -1.0 4.0 207.0 87.0
194 -1.0 -1.0 17.0 148.0 36.0
195 -1.0 -1.0 5.0 326.0 74.0
196 -1.0 -1.0 8.0 399.0 85.0
197 -1.0 -1.0 6.0 194.0 91.0
198 -1.0 -1.0 16.0 280.0 15.0
199 -1.0 -1.0 6.0 17.0 54.0
200 -1.0 -1.0 10.0 388.0 36.0
201 -1.0 -1.0 19.0 372.0 96.0
202 -1.0 -1.0 20.0 109.0 79.0
203 -1.0 -1.0 18.0 325.0 63.0
204 -1.0 -1.0 8.0 76.0 52.0
205 -1.0 -1.0 4.0 318.0 28.0
206 -1.0 -1.0 9.0 352.0 71.0
207 -1.0 -1.0 9.0 131.0 26.0
208 -1.0 -1.0 19.0 170.0 80.0
209 -1.0 -1.0 18.0 101.0 54.0
210 -1.0 -1.0 13.0 283.0 26.0
211 -1.0 -1.0 15.0 353.0 35.0
212 -1.0 -1.0 4.0 118.0 84.0
213 -1.0 -1.0 12.0 310.0 18.0
214 -1.0 -1.0 18.0 28.0 20.0
215 -1.0 -1.0 14.0 243.0 70.0
216 -1.0 -1.0 17.0 158.0 28.0
217 -1.0 -1.0 6.0 345.0 46.0
218 -1.0 -1.0 17.0 83.0 45.0
219 -1.0 -1.0 16.0 120.0 25.0
220 -1.0 -1.0 7.0 20.0 82.0
221 -1.0 -1.0 16.0 196.0 36.0
222 -1.0 -1.0 11.0 263.0 62.0
223 -1.0 -1.0 13.0 100.0 77.0
224 -1.0 -1.0 7.0 353.0 80.0
225 -1.0 -1.0 9.0 118.0 62.0
226 -1.0 -1.0 6.0 341.0 65.0
227 -1.0 -1.0 17.0 330.0 86.0
228 -1.0 -1.0 18.0 285.0 79.0
229 -1.0 -1.0 8.0 178.0 43.0
230 -1.0 -1.0 16.0 221.0 57.0
231 -1.0 -1.0 17.0 251.0 55.0
232 -1.0 -1.0 5.0 336.0 28.0
233 -1.0 -1.0 19.0 155.0 52.0
234 -1.0 -1.0 12.0 375.0 68.0
235 -1.0 -1.0 12.0 69.0 87.0
236 -1.0 -1.0 15.0 301.0 22.0
237 -1.0 -1.0 17.0 65.0 38.0
238 -1.0 -1.0 18.0 41.0 28.0
239 -1.0 -1.0 9.0 87.0 46.0
240 -1.0 -1.0 20.0 230.0 52.0
241 -1.0 -1.0 13.0 249.0 98.0
242 -1.0 -1.0 9.0 96.0 47.0
243 -1.0 -1.0 20.0 57.0 60.0
244 -1.0 -1.0 12.0 132.0 55.0
245 -1.0 -1.0 13.0 362.0 22.0
246 -1.0 -1.0 15.0 229.0 47.0
247 -1.0 -1.0 11.0 325.0 81.0
248 -1.0 -1.0 15.0 28.0 92.0
249 -1.0 -1.0 11.0 187.0 39.0
250 -1.0 -1.0 9.0 242.0 97.0
251 -1.0 -1.0 7.0 214.0 76.0
252 -1.0 -1.0 8.0 131.0 56.0
253 -1.0 -1.0 20.0 152.0 90.0
254 -1.0 -1.0 4.0 300.0 64.0
255 -1.0 -1.0 7.0 264.0 80.0
256 -1.0 -1.0 15.0 158.0 40.0
257 -1.0 -1.0 17.0 300.0 35.0
258 -1.0 -1.0 12.0 187.0 30.0
259 -1.0 -1.0 8.0 86.0 90.0
260 -1.0 -1.0 20.0 230.0 39.0
261 -1.0 -1.0 4.0 21.0 77.0
262 -1.0 -1.0 15.0 368.0 84.0
263 -1.0 -1.0 16.0 224.0 47.0
264 -1.0 -1.0 4.0 21.0 19.0
265 -1.0 -1.0 19.0 17.0 27.0
266 -1.0 -1.0 10.0 135.0 85.0
267 -1.0 -1.0 12.0 19.0 37.0
268 -1.0 -1.0 8.0 174.0 81.0
269 -1.0 -1.0 18.0 91.0 19.0
270 -1.0 -1.0 9.0 99.0 62.0
271 -1.0 -1.0 11.0 37.0 79.0
272 -1.0 -1.0 17.0 49.0 47.0
273 -1.0 -1.0 8.0 130.0 67.0
274 -1.0 -1.0 8.0 223.0 98.0
275 -1.0 -1.0 11.0 26.0 71.0
276 -1.0 -1.0 13.0 292.0 88.0
277 -1.0 -1.0 19.0 77.0 26.0
278 -1.0 -1.0 6.0 64.0 64.0
279 -1.0 -1.0 10.0 196.0 63.0
280 -1.0 -1.0 8.0 346.0 62.0
281 -1.0 -1.0 9.0 356.0 20.0
282 -1.0 -1.0 4.0 367.0 31.0
283 -1.0 -1.0 14.0 338.0 90.0
284 -1.0 -1.0 8.0 76.0 22.0
285 -1.0 -1.0 7.0 372.0 67.0
286 -1.0 -1.0 10.0 136.0 80.0
287 -1.0 -1.0 7.0 368.0 100.0
288 -1.0 -1.0 10.0 124.0 15.0
289 -1.0 -1.0 11.0 338.0 96.0
290 -1.0 -1.0 16.0 339.0 83.0
291 -1.0 -1.0 4.0 41.0 84.0
292 -1.0 -1.0 7.0 30.0 50.0
293 -1.0 -1.0 16.0 235.0 21.0
294 -1.0 -1.0 7.0 97.0 80.0
295 -1.0 -1.0 10.0 311.0 43.0
296 -1.0 -1.0 14.0 262.0 97.0
297 -1.0 -1.0 19.0 170.0 89.0
298 -1.0 -1.0 19.0 225.0 64.0
299 -1.0 -1.0 11.0 323.0 78.0
300 -1.0 -1.0 19.0 43.0 44.0
301 -1.0 -1.0 19.0 282.0 50.0
302 -1.0 -1.0 15.0 318.0 42.0
303 -1.0 -1.0 10.0 348.0 70.0
304 -1.0 -1.0 20.0 312.0 75.0
305 -1.0 -1.0 12.0 156.0 42.0
306 -1.0 -1.0 20.0 47.0 26.0
307 -1.0 -1.0 12.0 296.0 83.0
308 -1.0 -1.0 6.0 348.0 57.0
309 -1.0 -1.0 12.0 196.0 23.0
310 -1.0 -1.0 15.0 100.0 54.0
311 -1.0 -1.0 19.0 114.0 87.0
312 -1.0 -1.0 15.0 312.0 33.0
313 -1.0 -1.0 10.0 236.0 90.0
314 -1.0 -1.0 7.0 56.0 76.0
315 -1.0 -1.0 4.0 190.0 92.0
316 -1.0 -1.0 6.0 164.0 37.0
317 -1.0 -1.0 8.0 311.0 90.0
318 -1.0 -1.0 20.0 64.0 66.0
319 -1.0 -1.0 19.0 77.0 88.0
320 -1.0 -1.0 11.0 250.0 87.0
321 -1.0 -1.0 13.0 57.0 41.0
322 -1.0 -1.0 6.0 237.0 96.0
323 -1.0 -1.0 8.0 50.0 76.0
324 -1.0 -1.0 14.0 186.0 36.0
325 -1.0 -1.0 8.0 55.0 96.0
326 -1.0 -1.0 19.0 44.0 96.0
327 -1.0 -1.0 9.0 128.0 81.0
328 -1.0 -1.0 8.0 146.0 48.0
329 -1.0 -1.0 5.0 385.0 48.0
330 -1.0 -1.0 4.0 41.0 59.0
331 -1.0 -1.0 5.0 190.0 36.0
332 -1.0 -1.0 15.0 353.0 35.0
333 -1.0 -1.0 9.0 71.0 31.0
334 -1.0 -1.0 4.0 310.0 28.0
335 -1.0 -1.0 7.0 116.0 84.0
336 -1.0 -1.0 6.0 324.0 75.0
337 -1.0 -1.0 16.0 302.0 59.0
338 -1.0 -1.0 5.0 310.0 42.0
339 -1.0 -1.0 19.0 134.0 73.0
340 -1.0 -1.0 15.0 307.0 16.0
341 -1.0 -1.0 11.0 164.0 71.0
342 -1.0 -1.0 18.0 235.0 54.0
343 -1.0 -1.0 14.0 258.0 72.0
344 -1.0 -1.0 19.0 339.0 77.0
345 -1.0 -1.0 5.0 250.0 63.0
346 -1.0 -1.0 20.0 219.0 64.0
347 -1.0 -1.0 9.0 341.0 63.0
348 -1.0 -1.0 13.0 187.0 58.0
349 -1.0 -1.0 13.0 262.0 38.0
350 -1.0 -1.0 19.0 115.0 26.0
351 -1.0 -1.0 5.0 307.0 77.0
352 -1.0 -1.0 8.0 19.0 37.0
353 -1.0 -1.0 11.0 300.0 99.0
354 -1.0 -1.0 11.0 234.0 17.0
355 -1.0 -1.0 20.0 208.0 25.0
356 -1.0 -1.0 12.0 103.0 42.0
357 -1.0 -1.0 18.0 135.0 24.0
358 -1.0 -1.0 8.0 390.0 69.0
359 -1.0 -1.0 6.0 271.0 93.0
360 -1.0 -1.0 16.0 233.0 85.0
361 -1.0 -1.0 11.0 307.0 35.0
362 -1.0 -1.0 8.0 223.0 35.0
363 -1.0 -1.0 12.0 340.0 67.0
364 -1.0 -1.0 19.0 214.0 99.0
365 -1.0 -1.0 5.0 41.0 86.0
366 -1.0 -1.0 4.0 313.0 31.0
367 -1.0 -1.0 4.0 74.0 81.0
368 -1.0 -1.0 11.0 193.0 89.0
369 -1.0 -1.0 4.0 165.0 28.0
370 -1.0 -1.0 17.0 168.0 79.0
371 -1.0 -1.0 7.0 51.0 32.0
372 -1.0 -1.0 18.0 227.0 32.0
373 -1.0 -1.0 8.0 215.0 35.0
374 -1.0 -1.0 18.0 122.0 21.0
375 -1.0 -1.0 8.0 80.0 88.0
376 -1.0 -1.0 18.0 360.0 34.0
377 -1.0 -1.0 14.0 77.0 25.0
378 -1.0 -1.0 9.0 165.0 74.0
379 -1.0 -1.0 15.0 136.0 73.0
380 -1.0 -1.0 18.0 186.0 43.0
381 -1.0 -1.0 16.0 192.0 80.0
382 -1.0 -1.0 7.0 203.0 34.0
383 -1.0 -1.0 18.0 347.0 100.0
384 -1.0 -1.0 11.0 194.0 68.0
385 -1.0 -1.0 4.0 213.0 100.0
386 -1.0 -1.0 12.0 112.0 76.0
387 -1.0 -1.0 17.0 241.0 19.0
388 -1.0 -1.0 4.0 198.0 26.0
389 -1.0 -1.0 15.0 322.0 93.0
390 -1.0 -1.0 8.0 400.0 70.0
391 -1.0 -1.0 7.0 67.0 51.0
392 -1.0 -1.0 16.0 161.0 65.0
393 -1.0 -1.0 16.0 328.0 41.0
394 -1.0 -1.0 20.0 396.0 67.0
395 -1.0 -1.0 20.0 383.0 92.0
396 -1.0 -1.0 12.0 199.0 45.0
397 -1.0 -1.0 19.0 64.0 27.0
398 -1.0 -1.0 16.0 203.0 67.0
399 -1.0 -1.0 4.0 63.0 22.0
400 -1.0 -1.0 4.0 340.0 18.0
401 -1.0 -1.0 13.0 18.0 58.0
402 -1.0 -1.0 5.0 316.0 86.0
403 -1.0 -1.0 8.0 150.0 29.0
404 -1.0 -1.0 12.0 354.0 91.0
405 -1.0 -1.0 18.0 353.0 17.0
406 -1.0 -1.0 14.0 152.0 98.0
407 -1.0 -1.0 8.0 181.0 66.0
408 -1.0 -1.0 14.0 25.0 58.0
409 -1.0 -1.0 9.0 223.0 22.0
410 -1.0 -1.0 20.0 24.0 51.0
411 -1.0 -1.0 19.0 297.0 65.0
412 -1.0 -1.0 14.0 388.0 50.0
413 -1.0 -1.0 6.0 329.0 64.0
414 -1.0 -1.0 17.0 108.0 15.0
415 -1.0 -1.0 14.0 169.0 83.0
416 -1.0 -1.0 5.0 223.0 34.0
417 -1.0 -1.0 14.0 43.0 87.0
418 -1.0 -1.0 11.0 215.0 35.0
419 -1.0 -1.0 7.0 163.0 25.0
420 -1.0 -1.0 12.0 189.0 36.0
421 -1.0 -1.0 8.0 101.0 53.0
422 -1.0 -1.0 15.0 167.0 20.0
423 -1.0 -1.0 8.0 265.0 79.0
424 -1.0 -1.0 12.0 321.0 49.0
425 -1.0 -1.0 8.0 278.0 36.0
426 -1.0 -1.0 11.0 383.0 38.0
427 -1.0 -1.0 20.0 192.0 19.0
428 -1.0 -1.0 11.0 380.0 51.0
429 -1.0 -1.0 16.0 240.0 15.0
430 -1.0 -1.0 16.0 235.0 24.0
431 -1.0 -1.0 13.0 201.0 66.0
432 -1.0 -1.0 9.0 340.0 45.0
433 -1.0 -1.0 4.0 99.0 50.0
434 -1.0 -1.0 8.0 245.0 34.0
435 -1.0 -1.0 19.0 81.0 53.0
436 -1.0 -1.0 20.0 160.0 75.0
437 -1.0 -1.0 11.0 357.0 100.0
438 -1.0 -1.0 8.0 84.0 72.0
439 -1.0 -1.0 20.0 188.0 29.0
440 -1.0 -1.0 20.0 190.0 25.0
441 -1.0 -1.0 16.0 328.0 97.0
442 -1.0 -1.0 20.0 106.0 96.0
443 -1.0 -1.0 14.0 262.0 20.0
444 -1.0 -1.0 12.0 252.0 81.0
445 -1.0 -1.0 11.0 379.0 71.0
446 -1.0 -1.0 12.0 251.0 79.0
447 -1.0 -1.0 4.0 96.0 56.0
448 -1.0 -1.0 7.0 337.0 91.0
449 -1.0 -1.0 7.0 46.0 82.0
450 -1.0 -1.0 17.0 304.0 21.0
451 -1.0 -1.0 14.0 28.0 50.0
452 -1.0 -1.0 5.0 114.0 96.0
453 -1.0 -1.0 16.0 219.0 33.0
454 -1.0 -1.0 10.0 180.0 36.0
455 -1.0 -1.0 5.0 159.0 41.0
456 -1.0 -1.0 6.0 105.0 47.0
457 -1.0 -1.0 12.0 278.0 38.0
458 -1.0 -1.0 16.0 286.0 76.0
459 -1.0 -1.0 8.0 308.0 31.0
460 -1.0 -1.0 12.0 121.0 33.0
461 -1.0 -1.0 14.0 95.0 48.0
462 -1.0 -1.0 6.0 391.0 45.0
463 -1.0 -1.0 17.0 370.0 17.0
464 -1.0 -1.0 18.0 337.0 49.0
465 -1.0 -1.0 9.0 103.0 62.0
466 -1.0 -1.0 10.0 332.0 46.0
467 -1.0 -1.0 17.0 126.0 60.0
468 -1.0 -1.0 6.0 347.0 72.0
469 -1.0 -1.0 7.0 242.0 30.0
470 -1.0 -1.0 4.0 102.0 71.0
471 -1.0 -1.0 18.0 260.0 61.0
472 -1.0 -1.0 12.0 131.0 20.0
473 -1.0 -1.0 16.0 263.0 18.0
474 -1.0 -1.0 17.0 116.0 54.0
475 -1.0 -1.0 20.0 290.0 22.0
476 -1.0 -1.0 15.0 28.0 25.0
477 -1.0 -1.0 5.0 350.0 100.0
478 -1.0 -1.0 11.0 214.0 93.0
479 -1.0 -1.0 12.0 131.0 52.0
480 -1.0 -1.0 18.0 94.0 65.0
481 -1.0 -1.0 15.0 222.0 94.0
482 -1.0 -1.0 12.0 214.0 21.0
483 -1.0 -1.0 16.0 213.0 83.0
484 -1.0 -1.0 20.0 188.0 44.0
485 -1.0 -1.0 13.0 159.0 71.0
486 -1.0 -1.0 9.0 226.0 52.0
487 -1.0 -1.0 5.0 368.0 41.0
488 -1.0 -1.0 8.0 169.0 97.0
489 -1.0 -1.0 13.0 380.0 26.0
490 -1.0 -1.0 13.0 222.0 22.0
491 -1.0 -1.0 15.0 226.0 93.0
492 -1.0 -1.0 8.0 301.0 88.0
493 -1.0 -1.0 15.0 217.0 79.0
494 -1.0 -1.0 8.0 330.0 38.0
495 -1.0 -1.0 11.0 203.0 31.0
496 -1.0 -1.0 6.0 264.0 56.0
497 -1.0 -1.0 6.0 199.0 72.0
498 -1.0 -1.0 16.0 97.0 15.0
499 -1.0 -1.0 19.0 310.0 83.0
500 -1.0 -1.0 9.0 375.0 71.0
501 -1.0 -1.0 14.0 40.0 93.0
502 -1.0 -1.0 11.0 211.0 16.0
503 -1.0 -1.0 12.0 133.0 22.0
504 -1.0 -1.0 9.0 72.0 99.0
505 -1.0 -1.0 20.0 329.0 34.0
506 -1.0 -1.0 13.0 112.0 78.0
507 -1.0 -1.0 16.0 244.0 28.0
508 -1.0 -1.0 8.0 64.0 59.0
509 -1.0 -1.0 5.0 258.0 31.0
510 -1.0 -1.0 15.0 368.0 29.0
511 -1.0 -1.0 9.0 25.0 72.0
512 -1.0 -1.0 9.0 367.0 36.0
513 -1.0 -1.0 16.0 18.0 87.0
514 -1.0 -1.0 10.0 292.0 93.0
515 -1.0 -1.0 18.0 71.0 30.0
516 -1.0 -1.0 18.0 170.0 36.0
517 -1.0 -1.0 16.0 75.0 100.0
518 -1.0 -1.0 16.0 236.0 70.0
519 -1.0 -1.0 15.0 120.0 54.0
520 -1.0 -1.0 8.0 284.0 51.0
521 -1.0 -1.0 15.0 55.0 30.0
522 -1.0 -1.0 17.0 49.0 43.0
523 -1.0 -1.0 6.0 191.0 94.0
524 -1.0 -1.0 11.0 129.0 96.0
525 -1.0 -1.0 11.0 161.0 99.0
526 -1.0 -1.0 15.0 292.0 65.0
527 -1.0 -1.0 20.0 297.0 18.0
528 -1.0 -1.0 7.0 317.0 59.0
529 -1.0 -1.0 11.0 220.0 59.0
530 -1.0 -1.0 11.0 86.0 39.0
531 -1.0 -1.0 18.0 355.0 27.0
532 -1.0 -1.0 14.0 363.0 17.0
533 -1.0 -1.0 15.0 106.0 54.0
534 -1.0 -1.0 19.0 70.0 30.0
535 -1.0 -1.0 4.0 285.0 16.0
536 -1.0 -1.0 20.0 83.0 85.0
537 -1.0 -1.0 17.0 27.0 19.0
538 -1.0 -1.0 6.0 199.0 24.0
539 -1.0 -1.0 14.0 268.0 57.0
540 -1.0 -1.0 5.0 216.0 52.0
541 -1.0 -1.0 6.0 151.0 74.0
542 -1.0 -1.0 18.0 133.0 71.0
543 -1.0 -1.0 18.0 34.0 79.0
544 -1.0 -1.0 6.0 362.0 17.0
545 -1.0 -1.0 12.0 29.0 19.0
546 -1.0 -1.0 15.0 160.0 18.0
547 -1.0 -1.0 20.0 161.0 63.0
548 -1.0 -1.0 5.0 169.0 71.0
549 -1.0 -1.0 19.0 200.0 95.0
550 -1.0 -1.0 18.0 22.0 90.0
551 -1.0 -1.0 6.0 237.0 75.0
552 -1.0 -1.0 4.0 88.0 15.0
553 -1.0 -1.0 17.0 141.0 64.0
554 -1.0 -1.0 12.0 245.0 97.0
555 -1.0 -1.0 18.0 22.0 82.0
556 -1.0 -1.0 13.0 337.0 98.0
557 -1.0 -1.0 13.0 131.0 19.0
558 -1.0 -1.0 18.0 75.0 64.0
559 -1.0 -1.0 17.0 60.0 80.0
560 -1.0 -1.0 19.0 362.0 46.0
561 -1.0 -1.0 10.0 100.0 99.0
562 -1.0 -1.0 18.0 236.0 55.0
563 -1.0 -1.0 11.0 123.0 48.0
564 -1.0 -1.0 8.0 350.0 34.0
565 -1.0 -1.0 8.0 26.0 98.0
566 -1.0 -1.0 7.0 391.0 94.0
567 -1.0 -1.0 9.0 151.0 91.0
568 -1.0 -1.0 6.0 125.0 31.0
569 -1.0 -1.0 7.0 342.0 94.0
570 -1.0 -1.0 14.0 349.0 48.0
571 -1.0 -1.0 13.0 68.0 79.0
572 -1.0 -1.0 14.0 142.0 96.0
573 -1.0 -1.0 11.0 191.0 28.0
574 -1.0 -1.0 14.0 40.0 53.0
575 -1.0 -1.0 10.0 314.0 54.0
576 -1.0 -1.0 18.0 224.0 87.0
577 -1.0 -1.0 15.0 150.0 35.0
578 -1.0 -1.0 18.0 307.0 96.0
579 -1.0 -1.0 11.0 156.0 52.0
580 -1.0 -1.0 4.0 230.0 100.0
581 -1.0 -1.0 8.0 111.0 90.0
582 -1.0 -1.0 20.0 288.0 55.0
583 -1.0 -1.0 12.0 79.0 53.0
584 -1.0 -1.0 19.0 143.0 22.0
585 -1.0 -1.0 9.0 342.0 79.0
586 -1.0 -1.0 16.0 219.0 100.0
587 -1.0 -1.0 5.0 377.0 34.0
588 -1.0 -1.0 14.0 352.0 80.0
589 -1.0 -1.0 10.0 140.0 90.0
590 -1.0 -1.0 12.0 137.0 79.0
591 -1.0 -1.0 11.0 42.0 62.0
592 -1.0 -1.0 13.0 63.0 66.0
593 -1.0 -1.0 16.0 24.0 92.0
594 -1.0 -1.0 10.0 181.0 97.0
595 -1.0 -1.0 5.0 273.0 43.0
596 -1.0 -1.0 19.0 169.0 65.0
597 -1.0 -1.0 18.0 44.0 93.0
598 -1.0 -1.0 16.0 73.0 80.0
599 -1.0 -1.0 20.0 24.0 51.0
769
0 20 11
0 1 6
1 21 6
2 3 10
3 24 11
4 25 6
4 5 10
5 6 10
6 7 12
7 26 7
7 8 10
8 27 6
9 10 6
10 29 7
11 32 5
11 12 11
12 33 10
13 34 8
13 14 5
14 15 8
15 35 9
15 16 10
16 36 12
16 17 7
17 37 8
18 40 7
18 19 5
20 41 12
20 21 12
21 22 12
22 42 6
22 23 11
24 44 10
26 27 9
27 28 6
28 47 8
29 30 5
30 49 11
31 32 5
32 33 6
33 50 11
34 52 8
35 36 10
36 54 10
36 37 6
37 55 12
37 38 10
38 39 11
39 56 10
39 40 11
40 57 10
41 58 7
42 60 11
43 62 6
43 44 7
44 63 9
45 46 8
46 66 9
47 69 7
47 48 6
49 70 5
50 73 10
50 51 8
51 74 12
51 52 5
52 75 7
52 53 5
54 55 8
55 76 7
56 57 10
57 78 6
58 79 7
58 59 8
59 80 7
59 60 10
60 81 5
60 61 8
61 82 12
61 62 12
62 83 11
62 63 11
63 84 5
63 64 12
64 85 12
64 65 7
65 86 9
66 67 6
67 88 7
67 68 8
68 69 5
69 89 10
70 91 7
70 71 5
71 92 12
72 93 11
72 73 8
73 94 9
73 74 12
74 95 9
74 75 7
75 96 5
76 77 7
77 98 7
78 99 7
79 101 5
79 80 10
80 102 5
80 81 6
81 103 12
81 82 8
82 83 10
83 104 10
83 84 12
84 85 9
85 86 8
86 105 10
86 87 8
89 106 12
90 108 6
90 91 5
91 109 9
91 92 10
92 110 10
93 111 12
93 94 10
94 112 9
94 95 8
95 113 12
95 96 10
96 114 7
97 116 12
98 117 12
99 118 12
99 100 11
101 119 9
101 102 11
102 120 6
102 103 6
103 121 6
104 122 11
106 128 8
106 107 9
107 129 12
107 108 6
108 130 11
108 109 8
109 131 12
109 110 12
111 133 7
111 112 10
112 134 12
112 113 9
113 135 8
113 114 9
114 136 11
115 138 5
115 116 12
116 139 9
117 140 5
118 141 12
119 142 10
119 120 5
120 143 8
120 121 10
122 123 11
123 145 12
124 125 8
125 126 5
126 148 7
126 127 6
127 149 12
127 128 6
128 150 5
128 129 7
129 130 10
130 131 8
132 151 12
132 133 5
133 152 7
133 134 7
134 153 12
134 135 9
135 154 12
135 136 9
136 155 10
136 137 11
137 156 12
137 138 6
138 139 5
139 157 6
142 143 10
143 158 8
144 160 5
145 146 8
146 162 9
146 147 11
147 163 8
148 166 6
148 149 9
149 150 6
151 152 6
152 169 9
152 153 6
153 170 7
153 154 6
154 155 11
155 171 5
155 156 7
156 172 9
157 174 10
158 180 6
158 159 7
159 160 10
160 161 12
161 181 7
162 163 5
163 164 8
164 183 10
164 165 9
165 184 9
165 166 6
166 185 8
167 187 11
168 189 12
169 170 12
170 191 10
171 172 5
172 192 12
172 173 5
173 174 8
174 193 11
174 175 9
175 176 9
176 194 5
176 177 6
177 178 5
178 195 12
179 196 5
179 180 11
181 199 6
181 182 8
183 202 10
183 184 7
184 203 12
184 185 5
186 187 12
187 188 10
188 205 11
188 189 12
189 206 12
190 208 9
191 210 5
192 212 10
193 214 8
195 216 5
197 219 5
197 198 5
198 220 7
198 199 5
199 221 10
200 201 10
201 223 7
201 202 10
202 203 12
203 224 10
204 226 10
205 229 12
205 206 6
206 230 6
206 207 12
207 208 8
208 209 10
209 210 8
210 231 12
211 233 5
211 212 11
212 213 11
213 214 12
214 234 10
215 236 11
215 216 12
216 237 6
216 217 5
218 239 6
218 219 8
219 220 7
220 221 9
221 240 10
221 222 12
222 241 10
223 242 12
224 243 10
224 225 12
225 244 8
225 226 5
226 227 8
227 228 7
228 229 7
229 245 9
229 230 10
230 246 10
231 250 5
231 232 8
232 233 9
234 253 6
235 254 7
235 236 5
236 255 5
236 237 10
237 256 10
238 239 9
239 258 5
240 261 7
240 241 9
242 262 9
243 264 10
243 244 11
245 265 7
245 246 7
246 247 7
247 266 10
247 248 6
248 267 6
248 249 10
249 268 9
249 250 11
251 252 5
252 271 10
252 253 5
254 255 10
255 256 11
256 273 6
256 257 8
257 274 7
258 276 11
258 259 11
259 277 7
259 260 5
260 261 10
262 279 12
262 263 6
263 280 5
263 264 9
264 281 5
266 286 6
266 267 10
267 268 11
268 287 5
269 289 12
269 270 7
272 292 9
273 295 5
273 274 10
274 296 10
275 276 11
276 277 11
278 299 11
278 279 8
279 300 11
279 280 9
280 301 10
280 281 7
281 282 9
282 302 10
282 283 12
283 303 10
283 284 7
284 285 8
285 304 7
287 308 7
287 288 5
288 309 12
288 289 5
289 310 5
290 312 8
291 314 11
291 292 5
292 293 9
293 294 11
294 315 10
294 295 5
295 316 7
295 296 5
297 320 9
297 298 8
298 299 7
299 300 12
300 321 6
300 301 6
302 303 10
304 324 9
304 305 6
305 325 6
305 306 11
306 326 8
307 327 9
307 308 10
308 328 6
308 309 10
309 329 7
309 310 9
310 311 10
311 312 7
312 330 7
312 313 6
313 331 9
313 314 8
315 334 10
315 316 11
316 335 5
317 338 7
317 318 12
318 339 5
318 319 8
319 320 10
321 342 7
322 344 8
323 346 7
323 324 7
324 347 8
324 325 5
325 348 10
325 326 11
327 328 5
328 350 12
328 329 9
330 351 7
330 331 9
331 352 8
332 354 8
332 333 5
333 334 8
334 335 7
335 336 11
336 355 10
337 356 8
337 338 10
338 357 12
338 339 6
339 358 7
340 359 6
340 341 6
341 342 9
342 360 5
342 343 11
343 361 12
343 344 6
344 362 12
345 346 7
346 364 6
346 347 10
347 348 5
348 365 9
349 366 6
351 369 11
351 352 10
352 370 11
352 353 11
353 354 10
354 371 6
355 375 8
356 376 5
356 357 9
357 358 7
358 377 7
359 379 5
360 361 6
361 380 7
361 362 6
362 363 7
363 381 12
364 383 8
366 386 10
367 368 10
368 389 11
368 369 11
369 370 10
371 391 9
371 372 8
372 392 6
372 373 9
373 393 9
373 374 12
374 394 8
374 375 7
375 395 11
377 378 8
378 397 11
380 400 12
381 402 5
381 382 6
382 403 6
382 383 10
383 404 7
383 384 11
384 405 6
385 386 11
386 407 9
386 387 5
387 388 12
388 408 7
389 409 12
390 391 11
391 412 10
391 392 10
392 413 8
392 393 8
393 414 11
393 394 11
394 415 11
394 395 11
396 417 11
397 398 5
399 418 8
400 401 11
401 420 8
401 402 5
402 421 12
402 403 5
403 422 10
403 404 6
404 405 10
405 423 5
405 406 6
407 425 6
409 428 11
409 410 6
410 429 12
410 411 7
412 413 10
413 414 11
414 415 5
415 430 9
416 431 7
416 417 9
417 432 9
418 436 12
418 419 5
419 437 11
420 421 5
421 439 10
421 422 5
424 441 5
424 425 6
425 426 7
426 442 8
427 444 6
428 429 6
430 449 7
431 451 8
431 432 8
432 433 10
433 452 12
433 434 7
434 453 11
435 455 7
435 436 11
436 456 11
436 437 9
437 457 10
437 438 7
438 458 12
439 460 5
440 463 7
440 441 5
441 464 10
442 443 9
443 444 9
445 446 12
446 468 7
447 448 5
448 470 8
448 449 8
449 471 8
449 450 12
450 472 9
451 473 11
452 475 7
452 453 5
453 454 10
454 476 9
454 455 8
455 456 7
456 477 10
456 457 9
457 458 8
458 478 9
458 459 6
459 479 10
459 460 6
460 480 9
461 482 7
461 462 6
462 483 10
462 463 7
463 484 6
463 464 7
464 465 10
465 485 5
466 489 5
466 467 8
467 490 6
468 492 7
468 469 7
469 493 8
470 495 10
470 471 8
471 496 6
471 472 10
472 497 10
473 498 8
473 474 12
474 499 12
474 475 6
475 500 8
476 501 11
477 503 12
478 504 10
478 479 7
479 480 9
480 505 8
480 481 10
481 482 5
482 506 6
482 483 5
483 507 10
483 484 5
484 508 7
485 509 11
485 486 5
487 510 10
487 488 8
488 511 8
488 489 10
489 512 12
489 490 6
490 513 9
490 491 8
491 492 9
492 514 8
492 493 12
493 515 8
493 494 7
494 516 6
494 495 12
495 496 12
496 517 12
496 497 7
498 518 10
498 499 8
499 519 10
499 500 11
501 502 12
502 503 12
503 520 8
504 522 7
506 523 11
506 507 8
507 524 9
507 508 10
509 525 11
510 528 7
510 511 8
511 529 6
511 512 7
512 530 11
512 513 8
514 532 12
514 515 6
515 516 9
516 533 10
517 534 7
518 519 12
519 535 7
520 539 9
520 521 12
521 540 8
521 522 7
522 541 12
523 524 10
524 545 9
525 548 8
525 526 7
526 549 8
526 527 6
527 550 10
527 528 12
528 551 10
528 529 8
529 530 10
530 552 9
531 532 9
533 555 10
534 556 5
535 559 9
535 536 9
536 560 12
536 537 8
537 538 11
539 561 8
539 540 10
540 541 6
541 562 10
541 542 11
542 563 6
542 543 11
543 564 5
543 544 7
544 565 7
545 567 10
545 546 11
546 568 8
546 547 9
547 569 12
547 548 5
548 549 9
549 570 10
549 550 6
550 551 7
551 571 6
552 553 8
553 573 11
554 574 12
554 555 5
556 576 12
556 557 8
557 577 7
558 559 10
559 578 12
559 560 10
560 579 8
561 583 9
562 585 6
562 563 12
563 586 7
563 564 10
564 587 12
564 565 8
565 588 5
565 566 8
566 567 7
567 568 9
568 589 11
568 569 10
569 590 7
570 591 9
571 572 9
572 593 11
573 594 5
574 597 10
575 576 8
576 599 10
576 577 6
578 579 8
579 580 6
580 581 9
581 582 11
582 583 8
583 584 12
584 585 12
585 586 8
586 587 12
587 588 11
589 590 5
591 592 9
594 595 9
595 596 7
596 597 8
597 598 8
10 0.05 0.05 0.05
