726
0 -1.0 -1.0 11.0 15.0 40.0
1 -1.0 -1.0 19.0 324.0 45.0
2 -1.0 -1.0 13.0 86.0 74.0
3 -1.0 -1.0 19.0 83.0 57.0
4 -1.0 -1.0 4.0 377.0 91.0
5 -1.0 -1.0 13.0 19.0 34.0
6 -1.0 -1.0 7.0 329.0 41.0
7 -1.0 -1.0 20.0 147.0 52.0
8 -1.0 -1.0 12.0 387.0 26.0
9 -1.0 -1.0 8.0 16.0 23.0
10 -1.0 -1.0 11.0 228.0 34.0
11 -1.0 -1.0 8.0 312.0 74.0
12 -1.0 -1.0 18.0 210.0 19.0
13 -1.0 -1.0 18.0 295.0 87.0
14 -1.0 -1.0 15.0 301.0 61.0
15 -1.0 -1.0 10.0 245.0 27.0
16 -1.0 -1.0 17.0 120.0 79.0
17 -1.0 -1.0 14.0 165.0 49.0
18 -1.0 -1.0 6.0 279.0 48.0
19 -1.0 -1.0 12.0 286.0 71.0
20 -1.0 -1.0 12.0 386.0 23.0
21 -1.0 -1.0 19.0 399.0 98.0
22 -1.0 -1.0 11.0 208.0 77.0
23 -1.0 -1.0 20.0 295.0 53.0
24 -1.0 -1.0 13.0 67.0 20.0
25 -1.0 -1.0 18.0 365.0 33.0
26 -1.0 -1.0 11.0 22.0 77.0
27 -1.0 -1.0 15.0 121.0 83.0
28 -1.0 -1.0 7.0 400.0 17.0
29 -1.0 -1.0 20.0 22.0 92.0
30 -1.0 -1.0 14.0 289.0 70.0
31 -1.0 -1.0 17.0 326.0 40.0
32 -1.0 -1.0 4.0 349.0 75.0
33 -1.0 -1.0 15.0 158.0 32.0
34 -1.0 -1.0 5.0 310.0 26.0
35 -1.0 -1.0 14.0 169.0 28.0
36 -1.0 -1.0 20.0 187.0 79.0
37 -1.0 -1.0 8.0 267.0 58.0
38 -1.0 -1.0 7.0 85.0 67.0
39 -1.0 -1.0 18.0 19.0 87.0
40 -1.0 -1.0 9.0 381.0 70.0
41 -1.0 -1.0 6.0 299.0 50.0
42 -1.0 -1.0 6.0 378.0 94.0
43 -1.0 -1.0 13.0 274.0 46.0
44 -1.0 -1.0 20.0 248.0 55.0
45 -1.0 -1.0 15.0 325.0 70.0
46 -1.0 -1.0 15.0 75.0 55.0
47 -1.0 -1.0 7.0 337.0 73.0
48 -1.0 -1.0 20.0 109.0 73.0
49 -1.0 -1.0 10.0 286.0 62.0
50 -1.0 -1.0 17.0 28.0 31.0
51 -1.0 -1.0 6.0 341.0 35.0
52 -1.0 -1.0 17.0 257.0 21.0
53 -1.0 -1.0 13.0 368.0 24.0
54 -1.0 -1.0 7.0 186.0 98.0
55 -1.0 -1.0 13.0 295.0 88.0
56 -1.0 -1.0 15.0 354.0 33.0
57 -1.0 -1.0 15.0 286.0 47.0
58 -1.0 -1.0 20.0 224.0 45.0
59 -1.0 -1.0 15.0 56.0 63.0
60 -1.0 -1.0 14.0 291.0 70.0
61 -1.0 -1.0 10.0 34.0 81.0
62 -1.0 -1.0 18.0 300.0 60.0
63 -1.0 -1.0 6.0 156.0 39.0
64 -1.0 -1.0 14.0 362.0 26.0
65 -1.0 -1.0 13.0 328.0 28.0
66 -1.0 -1.0 12.0 271.0 69.0
67 -1.0 -1.0 11.0 47.0 53.0
68 -1.0 -1.0 17.0 208.0 38.0
69 -1.0 -1.0 5.0 58.0 25.0
70 -1.0 -1.0 10.0 273.0 27.0
71 -1.0 -1.0 8.0 115.0 42.0
72 -1.0 -1.0 20.0 273.0 38.0
73 -1.0 -1.0 20.0 274.0 75.0
74 -1.0 -1.0 14.0 219.0 68.0
75 -1.0 -1.0 20.0 251.0 100.0
76 -1.0 -1.0 10.0 190.0 25.0
77 -1.0 -1.0 8.0 295.0 18.0
78 -1.0 -1.0 15.0 76.0 96.0
79 -1.0 -1.0 19.0 318.0 48.0
80 -1.0 -1.0 13.0 129.0 45.0
81 -1.0 -1.0 10.0 222.0 60.0
82 -1.0 -1.0 20.0 280.0 31.0
83 -1.0 -1.0 19.0 35.0 15.0
84 -1.0 -1.0 20.0 227.0 74.0
85 -1.0 -1.0 19.0 374.0 94.0
86 -1.0 -1.0 7.0 271.0 92.0
87 -1.0 -1.0 15.0 231.0 19.0
88 -1.0 -1.0 17.0 400.0 84.0
89 -1.0 -1.0 13.0 137.0 79.0
90 -1.0 -1.0 17.0 392.0 38.0
91 -1.0 -1.0 5.0 27.0 87.0
92 -1.0 -1.0 16.0 297.0 27.0
93 -1.0 -1.0 12.0 174.0 92.0
94 -1.0 -1.0 19.0 223.0 42.0
95 -1.0 -1.0 7.0 210.0 48.0
96 -1.0 -1.0 18.0 92.0 92.0
97 -1.0 -1.0 11.0 227.0 91.0
98 -1.0 -1.0 8.0 242.0 30.0
99 -1.0 -1.0 11.0 363.0 24.0
100 -1.0 -1.0 19.0 394.0 75.0
101 -1.0 -1.0 5.0 229.0 21.0
102 -1.0 -1.0 10.0 396.0 95.0
103 -1.0 -1.0 10.0 244.0 56.0
104 -1.0 -1.0 17.0 64.0 18.0
105 -1.0 -1.0 18.0 31.0 19.0
106 -1.0 -1.0 14.0 385.0 22.0
107 -1.0 -1.0 12.0 359.0 38.0
108 -1.0 -1.0 8.0 312.0 21.0
109 -1.0 -1.0 11.0 19.0 71.0
110 -1.0 -1.0 14.0 290.0 71.0
111 -1.0 -1.0 19.0 73.0 15.0
112 -1.0 -1.0 15.0 128.0 94.0
113 -1.0 -1.0 19.0 27.0 17.0
114 -1.0 -1.0 15.0 203.0 28.0
115 -1.0 -1.0 16.0 165.0 98.0
116 -1.0 -1.0 12.0 72.0 96.0
117 -1.0 -1.0 8.0 306.0 24.0
118 -1.0 -1.0 15.0 19.0 88.0
119 -1.0 -1.0 17.0 41.0 62.0
120 -1.0 -1.0 6.0 330.0 31.0
121 -1.0 -1.0 12.0 322.0 62.0
122 -1.0 -1.0 20.0 340.0 16.0
123 -1.0 -1.0 11.0 116.0 85.0
124 -1.0 -1.0 18.0 181.0 81.0
125 -1.0 -1.0 20.0 73.0 63.0
126 -1.0 -1.0 18.0 103.0 53.0
127 -1.0 -1.0 20.0 293.0 80.0
128 -1.0 -1.0 4.0 365.0 30.0
129 -1.0 -1.0 15.0 148.0 99.0
130 -1.0 -1.0 15.0 308.0 95.0
131 -1.0 -1.0 7.0 172.0 31.0
132 -1.0 -1.0 6.0 325.0 49.0
133 -1.0 -1.0 11.0 220.0 36.0
134 -1.0 -1.0 11.0 215.0 66.0
135 -1.0 -1.0 6.0 307.0 15.0
136 -1.0 -1.0 10.0 20.0 73.0
137 -1.0 -1.0 14.0 42.0 100.0
138 -1.0 -1.0 6.0 370.0 68.0
139 -1.0 -1.0 5.0 372.0 54.0
140 -1.0 -1.0 11.0 217.0 20.0
141 -1.0 -1.0 17.0 81.0 49.0
142 -1.0 -1.0 6.0 169.0 85.0
143 -1.0 -1.0 13.0 181.0 46.0
144 -1.0 -1.0 17.0 171.0 36.0
145 -1.0 -1.0 15.0 368.0 77.0
146 -1.0 -1.0 19.0 257.0 100.0
147 -1.0 -1.0 12.0 319.0 34.0
148 -1.0 -1.0 12.0 109.0 60.0
149 -1.0 -1.0 20.0 212.0 57.0
150 -1.0 -1.0 16.0 89.0 58.0
151 -1.0 -1.0 19.0 157.0 80.0
152 -1.0 -1.0 13.0 189.0 25.0
153 -1.0 -1.0 8.0 138.0 58.0
154 -1.0 -1.0 15.0 287.0 99.0
155 -1.0 -1.0 14.0 287.0 53.0
156 -1.0 -1.0 9.0 378.0 24.0
157 -1.0 -1.0 16.0 253.0 98.0
158 -1.0 -1.0 15.0 192.0 67.0
159 -1.0 -1.0 13.0 264.0 72.0
160 -1.0 -1.0 8.0 34.0 89.0
161 -1.0 -1.0 9.0 325.0 79.0
162 -1.0 -1.0 6.0 187.0 18.0
163 -1.0 -1.0 11.0 393.0 29.0
164 -1.0 -1.0 7.0 399.0 24.0
165 -1.0 -1.0 4.0 313.0 94.0
166 -1.0 -1.0 12.0 62.0 77.0
167 -1.0 -1.0 14.0 352.0 94.0
168 -1.0 -1.0 14.0 291.0 46.0
169 -1.0 -1.0 8.0 105.0 40.0
170 -1.0 -1.0 10.0 188.0 26.0
171 -1.0 -1.0 16.0 387.0 37.0
172 -1.0 -1.0 5.0 82.0 59.0
173 -1.0 -1.0 6.0 81.0 62.0
174 -1.0 -1.0 5.0 138.0 20.0
175 -1.0 -1.0 14.0 99.0 73.0
176 -1.0 -1.0 19.0 204.0 87.0
177 -1.0 -1.0 14.0 161.0 98.0
178 -1.0 -1.0 13.0 56.0 78.0
179 -1.0 -1.0 6.0 164.0 70.0
180 -1.0 -1.0 15.0 49.0 93.0
181 -1.0 -1.0 15.0 197.0 55.0
182 -1.0 -1.0 7.0 242.0 37.0
183 -1.0 -1.0 11.0 157.0 22.0
184 -1.0 -1.0 20.0 56.0 58.0
185 -1.0 -1.0 18.0 174.0 39.0
186 -1.0 -1.0 15.0 255.0 60.0
187 -1.0 -1.0 16.0 167.0 71.0
188 -1.0 -1.0 14.0 287.0 56.0
189 -1.0 -1.0 7.0 47.0 25.0
190 -1.0 -1.0 11.0 378.0 50.0
191 -1.0 -1.0 14.0 96.0 63.0
192 -1.0 -1.0 18.0 94.0 61.0
193 -1.0 -1.0 14.0 81.0 100.0
194 -1.0 -1.0 15.0 228.0 35.0
195 -1.0 -1.0 4.0 151.0 88.0
196 -1.0 -1.0 11.0 232.0 94.0
197 -1.0 -1.0 19.0 121.0 71.0
198 -1.0 -1.0 10.0 68.0 37.0
199 -1.0 -1.0 4.0 140.0 94.0
200 -1.0 -1.0 12.0 217.0 18.0
201 -1.0 -1.0 6.0 396.0 20.0
202 -1.0 -1.0 11.0 64.0 33.0
203 -1.0 -1.0 8.0 290.0 26.0
204 -1.0 -1.0 11.0 89.0 81.0
205 -1.0 -1.0 15.0 366.0 71.0
206 -1.0 -1.0 10.0 355.0 33.0
207 -1.0 -1.0 11.0 310.0 58.0
208 -1.0 -1.0 17.0 396.0 72.0
209 -1.0 -1.0 13.0 116.0 95.0
210 -1.0 -1.0 14.0 361.0 52.0
211 -1.0 -1.0 17.0 262.0 23.0
212 -1.0 -1.0 19.0 62.0 28.0
213 -1.0 -1.0 16.0 399.0 64.0
214 -1.0 -1.0 4.0 220.0 63.0
215 -1.0 -1.0 8.0 150.0 34.0
216 -1.0 -1.0 8.0 67.0 21.0
217 -1.0 -1.0 18.0 79.0 53.0
218 -1.0 -1.0 8.0 321.0 72.0
219 -1.0 -1.0 11.0 334.0 96.0
220 -1.0 -1.0 4.0 312.0 70.0
221 -1.0 -1.0 14.0 194.0 70.0
222 -1.0 -1.0 6.0 30.0 98.0
223 -1.0 -1.0 8.0 173.0 75.0
224 -1.0 -1.0 11.0 353.0 88.0
225 -1.0 -1.0 16.0 56.0 81.0
226 -1.0 -1.0 8.0 191.0 21.0
227 -1.0 -1.0 8.0 321.0 64.0
228 -1.0 -1.0 5.0 257.0 98.0
229 -1.0 -1.0 5.0 381.0 65.0
230 -1.0 -1.0 10.0 374.0 73.0
231 -1.0 -1.0 10.0 186.0 16.0
232 -1.0 -1.0 8.0 159.0 17.0
233 -1.0 -1.0 18.0 115.0 68.0
234 -1.0 -1.0 4.0 203.0 92.0
235 -1.0 -1.0 11.0 346.0 58.0
236 -1.0 -1.0 19.0 400.0 66.0
237 -1.0 -1.0 14.0 28.0 77.0
238 -1.0 -1.0 17.0 20.0 85.0
239 -1.0 -1.0 18.0 184.0 76.0
240 -1.0 -1.0 8.0 325.0 67.0
241 -1.0 -1.0 13.0 292.0 71.0
242 -1.0 -1.0 17.0 34.0 25.0
243 -1.0 -1.0 9.0 20.0 78.0
244 -1.0 -1.0 7.0 277.0 32.0
245 -1.0 -1.0 9.0 186.0 59.0
246 -1.0 -1.0 9.0 340.0 66.0
247 -1.0 -1.0 16.0 209.0 64.0
248 -1.0 -1.0 6.0 141.0 32.0
249 -1.0 -1.0 5.0 369.0 69.0
250 -1.0 -1.0 6.0 288.0 80.0
251 -1.0 -1.0 17.0 224.0 87.0
252 -1.0 -1.0 9.0 395.0 58.0
253 -1.0 -1.0 8.0 238.0 32.0
254 -1.0 -1.0 9.0 88.0 96.0
255 -1.0 -1.0 13.0 229.0 31.0
256 -1.0 -1.0 6.0 185.0 42.0
257 -1.0 -1.0 5.0 144.0 58.0
258 -1.0 -1.0 9.0 270.0 39.0
259 -1.0 -1.0 19.0 203.0 58.0
260 -1.0 -1.0 7.0 300.0 83.0
261 -1.0 -1.0 12.0 387.0 96.0
262 -1.0 -1.0 14.0 253.0 36.0
263 -1.0 -1.0 18.0 178.0 56.0
264 -1.0 -1.0 14.0 247.0 81.0
265 -1.0 -1.0 5.0 217.0 67.0
266 -1.0 -1.0 9.0 275.0 39.0
267 -1.0 -1.0 11.0 184.0 86.0
268 -1.0 -1.0 10.0 70.0 85.0
269 -1.0 -1.0 16.0 59.0 66.0
270 -1.0 -1.0 7.0 64.0 16.0
271 -1.0 -1.0 16.0 363.0 24.0
272 -1.0 -1.0 11.0 154.0 32.0
273 -1.0 -1.0 8.0 223.0 46.0
274 -1.0 -1.0 13.0 397.0 83.0
275 -1.0 -1.0 15.0 371.0 24.0
276 -1.0 -1.0 8.0 370.0 63.0
277 -1.0 -1.0 9.0 327.0 44.0
278 -1.0 -1.0 6.0 91.0 27.0
279 -1.0 -1.0 13.0 140.0 41.0
280 -1.0 -1.0 17.0 39.0 44.0
281 -1.0 -1.0 19.0 308.0 38.0
282 -1.0 -1.0 7.0 179.0 58.0
283 -1.0 -1.0 19.0 120.0 16.0
284 -1.0 -1.0 15.0 340.0 90.0
285 -1.0 -1.0 7.0 149.0 24.0
286 -1.0 -1.0 12.0 242.0 93.0
287 -1.0 -1.0 5.0 221.0 90.0
288 -1.0 -1.0 10.0 287.0 81.0
289 -1.0 -1.0 11.0 186.0 60.0
290 -1.0 -1.0 6.0 353.0 39.0
291 -1.0 -1.0 5.0 367.0 60.0
292 -1.0 -1.0 19.0 222.0 61.0
293 -1.0 -1.0 17.0 80.0 51.0
294 -1.0 -1.0 5.0 211.0 43.0
295 -1.0 -1.0 20.0 239.0 31.0
296 -1.0 -1.0 13.0 253.0 32.0
297 -1.0 -1.0 10.0 197.0 59.0
298 -1.0 -1.0 10.0 242.0 57.0
299 -1.0 -1.0 8.0 159.0 56.0
300 -1.0 -1.0 6.0 363.0 99.0
301 -1.0 -1.0 5.0 181.0 38.0
302 -1.0 -1.0 8.0 348.0 99.0
303 -1.0 -1.0 6.0 372.0 64.0
304 -1.0 -1.0 4.0 69.0 52.0
305 -1.0 -1.0 8.0 381.0 30.0
306 -1.0 -1.0 19.0 66.0 19.0
307 -1.0 -1.0 15.0 349.0 86.0
308 -1.0 -1.0 17.0 51.0 97.0
309 -1.0 -1.0 12.0 184.0 29.0
310 -1.0 -1.0 20.0 377.0 45.0
311 -1.0 -1.0 4.0 271.0 87.0
312 -1.0 -1.0 5.0 24.0 60.0
313 -1.0 -1.0 16.0 397.0 66.0
314 -1.0 -1.0 19.0 161.0 54.0
315 -1.0 -1.0 11.0 381.0 45.0
316 -1.0 -1.0 9.0 280.0 31.0
317 -1.0 -1.0 16.0 144.0 63.0
318 -1.0 -1.0 20.0 31.0 44.0
319 -1.0 -1.0 13.0 311.0 82.0
320 -1.0 -1.0 16.0 205.0 23.0
321 -1.0 -1.0 6.0 163.0 33.0
322 -1.0 -1.0 17.0 228.0 38.0
323 -1.0 -1.0 12.0 258.0 57.0
324 -1.0 -1.0 19.0 92.0 36.0
325 -1.0 -1.0 8.0 328.0 78.0
326 -1.0 -1.0 5.0 44.0 25.0
327 -1.0 -1.0 10.0 135.0 93.0
328 -1.0 -1.0 8.0 120.0 50.0
329 -1.0 -1.0 8.0 256.0 18.0
330 -1.0 -1.0 11.0 47.0 98.0
331 -1.0 -1.0 15.0 292.0 45.0
332 -1.0 -1.0 10.0 204.0 31.0
333 -1.0 -1.0 20.0 150.0 62.0
334 -1.0 -1.0 4.0 228.0 54.0
335 -1.0 -1.0 20.0 220.0 36.0
336 -1.0 -1.0 7.0 251.0 51.0
337 -1.0 -1.0 18.0 28.0 97.0
338 -1.0 -1.0 20.0 105.0 65.0
339 -1.0 -1.0 9.0 253.0 85.0
340 -1.0 -1.0 4.0 90.0 89.0
341 -1.0 -1.0 11.0 150.0 92.0
342 -1.0 -1.0 4.0 328.0 24.0
343 -1.0 -1.0 20.0 320.0 54.0
344 -1.0 -1.0 11.0 321.0 76.0
345 -1.0 -1.0 15.0 270.0 40.0
346 -1.0 -1.0 6.0 171.0 73.0
347 -1.0 -1.0 8.0 164.0 59.0
348 -1.0 -1.0 8.0 224.0 63.0
349 -1.0 -1.0 5.0 339.0 86.0
350 -1.0 -1.0 10.0 259.0 25.0
351 -1.0 -1.0 5.0 141.0 85.0
352 -1.0 -1.0 14.0 217.0 30.0
353 -1.0 -1.0 15.0 174.0 66.0
354 -1.0 -1.0 20.0 168.0 34.0
355 -1.0 -1.0 7.0 287.0 84.0
356 -1.0 -1.0 12.0 319.0 36.0
357 -1.0 -1.0 10.0 352.0 25.0
358 -1.0 -1.0 19.0 128.0 21.0
359 -1.0 -1.0 12.0 193.0 81.0
360 -1.0 -1.0 11.0 129.0 64.0
361 -1.0 -1.0 13.0 330.0 29.0
362 -1.0 -1.0 14.0 353.0 80.0
363 -1.0 -1.0 15.0 181.0 82.0
364 -1.0 -1.0 19.0 377.0 33.0
365 -1.0 -1.0 7.0 34.0 52.0
366 -1.0 -1.0 17.0 248.0 67.0
367 -1.0 -1.0 16.0 212.0 33.0
368 -1.0 -1.0 16.0 40.0 49.0
369 -1.0 -1.0 6.0 188.0 46.0
370 -1.0 -1.0 14.0 329.0 67.0
371 -1.0 -1.0 5.0 240.0 94.0
372 -1.0 -1.0 20.0 19.0 35.0
373 -1.0 -1.0 17.0 131.0 22.0
374 -1.0 -1.0 12.0 192.0 37.0
375 -1.0 -1.0 16.0 15.0 36.0
376 -1.0 -1.0 8.0 27.0 33.0
377 -1.0 -1.0 18.0 295.0 20.0
378 -1.0 -1.0 9.0 326.0 29.0
379 -1.0 -1.0 5.0 332.0 36.0
380 -1.0 -1.0 13.0 212.0 52.0
381 -1.0 -1.0 16.0 84.0 49.0
382 -1.0 -1.0 6.0 198.0 38.0
383 -1.0 -1.0 5.0 131.0 23.0
384 -1.0 -1.0 11.0 294.0 81.0
385 -1.0 -1.0 8.0 215.0 70.0
386 -1.0 -1.0 20.0 20.0 60.0
387 -1.0 -1.0 10.0 379.0 98.0
388 -1.0 -1.0 4.0 146.0 77.0
389 -1.0 -1.0 5.0 264.0 29.0
390 -1.0 -1.0 13.0 73.0 75.0
391 -1.0 -1.0 10.0 251.0 52.0
392 -1.0 -1.0 16.0 329.0 70.0
393 -1.0 -1.0 5.0 257.0 36.0
394 -1.0 -1.0 15.0 238.0 15.0
395 -1.0 -1.0 16.0 212.0 21.0
396 -1.0 -1.0 8.0 147.0 25.0
397 -1.0 -1.0 9.0 168.0 25.0
398 -1.0 -1.0 7.0 314.0 35.0
399 -1.0 -1.0 5.0 78.0 47.0
400 -1.0 -1.0 8.0 286.0 86.0
401 -1.0 -1.0 16.0 66.0 79.0
402 -1.0 -1.0 4.0 290.0 63.0
403 -1.0 -1.0 6.0 21.0 39.0
404 -1.0 -1.0 12.0 68.0 48.0
405 -1.0 -1.0 10.0 135.0 73.0
406 -1.0 -1.0 20.0 69.0 41.0
407 -1.0 -1.0 4.0 240.0 33.0
408 -1.0 -1.0 6.0 151.0 80.0
409 -1.0 -1.0 4.0 31.0 91.0
410 -1.0 -1.0 15.0 318.0 88.0
411 -1.0 -1.0 14.0 180.0 42.0
412 -1.0 -1.0 5.0 59.0 25.0
413 -1.0 -1.0 19.0 33.0 41.0
414 -1.0 -1.0 11.0 60.0 90.0
415 -1.0 -1.0 4.0 338.0 56.0
416 -1.0 -1.0 7.0 196.0 59.0
417 -1.0 -1.0 8.0 187.0 90.0
418 -1.0 -1.0 18.0 267.0 62.0
419 -1.0 -1.0 12.0 22.0 72.0
420 -1.0 -1.0 12.0 397.0 30.0
421 -1.0 -1.0 8.0 16.0 62.0
422 -1.0 -1.0 19.0 347.0 33.0
423 -1.0 -1.0 18.0 322.0 49.0
424 -1.0 -1.0 8.0 77.0 36.0
425 -1.0 -1.0 9.0 293.0 22.0
426 -1.0 -1.0 8.0 146.0 31.0
427 -1.0 -1.0 16.0 266.0 45.0
428 -1.0 -1.0 12.0 202.0 37.0
429 -1.0 -1.0 11.0 357.0 69.0
430 -1.0 -1.0 6.0 134.0 70.0
431 -1.0 -1.0 10.0 38.0 80.0
432 -1.0 -1.0 8.0 162.0 97.0
433 -1.0 -1.0 19.0 88.0 100.0
434 -1.0 -1.0 16.0 292.0 31.0
435 -1.0 -1.0 12.0 341.0 83.0
436 -1.0 -1.0 14.0 194.0 89.0
437 -1.0 -1.0 16.0 215.0 76.0
438 -1.0 -1.0 10.0 359.0 35.0
439 -1.0 -1.0 8.0 146.0 67.0
440 -1.0 -1.0 18.0 365.0 35.0
441 -1.0 -1.0 4.0 140.0 22.0
442 -1.0 -1.0 18.0 84.0 64.0
443 -1.0 -1.0 5.0 171.0 38.0
444 -1.0 -1.0 14.0 185.0 48.0
445 -1.0 -1.0 6.0 60.0 94.0
446 -1.0 -1.0 13.0 165.0 83.0
447 -1.0 -1.0 12.0 260.0 26.0
448 -1.0 -1.0 11.0 329.0 69.0
449 -1.0 -1.0 4.0 350.0 40.0
450 -1.0 -1.0 16.0 79.0 47.0
451 -1.0 -1.0 20.0 344.0 21.0
452 -1.0 -1.0 19.0 118.0 73.0
453 -1.0 -1.0 16.0 178.0 79.0
454 -1.0 -1.0 8.0 222.0 52.0
455 -1.0 -1.0 9.0 389.0 83.0
456 -1.0 -1.0 11.0 63.0 76.0
457 -1.0 -1.0 8.0 216.0 39.0
458 -1.0 -1.0 11.0 38.0 16.0
459 -1.0 -1.0 18.0 68.0 53.0
460 -1.0 -1.0 20.0 232.0 20.0
461 -1.0 -1.0 14.0 116.0 21.0
462 -1.0 -1.0 11.0 392.0 19.0
463 -1.0 -1.0 7.0 155.0 89.0
464 -1.0 -1.0 18.0 292.0 33.0
465 -1.0 -1.0 4.0 116.0 69.0
466 -1.0 -1.0 11.0 251.0 71.0
467 -1.0 -1.0 17.0 74.0 18.0
468 -1.0 -1.0 18.0 63.0 75.0
469 -1.0 -1.0 5.0 96.0 51.0
470 -1.0 -1.0 11.0 155.0 75.0
471 -1.0 -1.0 11.0 70.0 53.0
472 -1.0 -1.0 14.0 202.0 42.0
473 -1.0 -1.0 6.0 303.0 92.0
474 -1.0 -1.0 16.0 161.0 59.0
475 -1.0 -1.0 12.0 114.0 79.0
476 -1.0 -1.0 10.0 264.0 93.0
477 -1.0 -1.0 11.0 292.0 29.0
478 -1.0 -1.0 8.0 213.0 85.0
479 -1.0 -1.0 8.0 263.0 32.0
480 -1.0 -1.0 17.0 189.0 69.0
481 -1.0 -1.0 11.0 137.0 90.0
482 -1.0 -1.0 13.0 77.0 58.0
483 -1.0 -1.0 14.0 288.0 42.0
484 -1.0 -1.0 14.0 312.0 96.0
485 -1.0 -1.0 12.0 74.0 91.0
486 -1.0 -1.0 15.0 226.0 52.0
487 -1.0 -1.0 9.0 158.0 28.0
488 -1.0 -1.0 8.0 168.0 40.0
489 -1.0 -1.0 15.0 19.0 46.0
490 -1.0 -1.0 14.0 285.0 15.0
491 -1.0 -1.0 6.0 217.0 70.0
492 -1.0 -1.0 19.0 179.0 69.0
493 -1.0 -1.0 5.0 142.0 89.0
494 -1.0 -1.0 9.0 92.0 67.0
495 -1.0 -1.0 6.0 112.0 33.0
496 -1.0 -1.0 15.0 97.0 33.0
497 -1.0 -1.0 15.0 250.0 92.0
498 -1.0 -1.0 13.0 189.0 73.0
499 -1.0 -1.0 17.0 224.0 65.0
500 -1.0 -1.0 14.0 357.0 29.0
501 -1.0 -1.0 20.0 57.0 94.0
502 -1.0 -1.0 14.0 76.0 86.0
503 -1.0 -1.0 15.0 146.0 74.0
504 -1.0 -1.0 7.0 59.0 83.0
505 -1.0 -1.0 6.0 272.0 36.0
506 -1.0 -1.0 20.0 317.0 29.0
507 -1.0 -1.0 13.0 113.0 78.0
508 -1.0 -1.0 20.0 292.0 32.0
509 -1.0 -1.0 5.0 84.0 92.0
510 -1.0 -1.0 7.0 140.0 88.0
511 -1.0 -1.0 12.0 69.0 65.0
512 -1.0 -1.0 16.0 291.0 90.0
513 -1.0 -1.0 15.0 317.0 79.0
514 -1.0 -1.0 5.0 317.0 28.0
515 -1.0 -1.0 13.0 30.0 95.0
516 -1.0 -1.0 12.0 59.0 26.0
517 -1.0 -1.0 19.0 42.0 91.0
518 -1.0 -1.0 16.0 273.0 97.0
519 -1.0 -1.0 6.0 74.0 19.0
520 -1.0 -1.0 9.0 138.0 55.0
521 -1.0 -1.0 5.0 198.0 93.0
522 -1.0 -1.0 15.0 222.0 73.0
523 -1.0 -1.0 18.0 198.0 64.0
524 -1.0 -1.0 18.0 245.0 92.0
525 -1.0 -1.0 16.0 350.0 62.0
526 -1.0 -1.0 17.0 52.0 55.0
527 -1.0 -1.0 14.0 248.0 72.0
528 -1.0 -1.0 19.0 285.0 18.0
529 -1.0 -1.0 6.0 371.0 19.0
530 -1.0 -1.0 19.0 74.0 54.0
531 -1.0 -1.0 10.0 283.0 85.0
532 -1.0 -1.0 11.0 366.0 79.0
533 -1.0 -1.0 19.0 360.0 87.0
534 -1.0 -1.0 6.0 73.0 25.0
535 -1.0 -1.0 8.0 175.0 40.0
536 -1.0 -1.0 9.0 270.0 72.0
537 -1.0 -1.0 10.0 140.0 61.0
538 -1.0 -1.0 10.0 393.0 56.0
539 -1.0 -1.0 7.0 225.0 80.0
540 -1.0 -1.0 17.0 294.0 93.0
541 -1.0 -1.0 11.0 222.0 86.0
542 -1.0 -1.0 19.0 346.0 90.0
543 -1.0 -1.0 6.0 197.0 74.0
544 -1.0 -1.0 9.0 355.0 90.0
545 -1.0 -1.0 10.0 253.0 68.0
546 -1.0 -1.0 8.0 206.0 22.0
547 -1.0 -1.0 12.0 373.0 77.0
548 -1.0 -1.0 7.0 296.0 50.0
549 -1.0 -1.0 15.0 237.0 62.0
550 -1.0 -1.0 7.0 293.0 54.0
551 -1.0 -1.0 17.0 207.0 19.0
552 -1.0 -1.0 6.0 252.0 79.0
553 -1.0 -1.0 15.0 180.0 33.0
554 -1.0 -1.0 4.0 40.0 81.0
555 -1.0 -1.0 20.0 40.0 21.0
556 -1.0 -1.0 15.0 250.0 62.0
557 -1.0 -1.0 14.0 351.0 96.0
558 -1.0 -1.0 9.0 166.0 47.0
559 -1.0 -1.0 4.0 369.0 34.0
560 -1.0 -1.0 8.0 307.0 53.0
561 -1.0 -1.0 17.0 353.0 49.0
562 -1.0 -1.0 9.0 228.0 33.0
563 -1.0 -1.0 19.0 349.0 89.0
564 -1.0 -1.0 5.0 328.0 26.0
565 -1.0 -1.0 11.0 103.0 72.0
566 -1.0 -1.0 17.0 246.0 75.0
567 -1.0 -1.0 17.0 295.0 93.0
568 -1.0 -1.0 14.0 252.0 21.0
569 -1.0 -1.0 4.0 331.0 36.0
570 -1.0 -1.0 10.0 364.0 28.0
571 -1.0 -1.0 9.0 334.0 49.0
572 -1.0 -1.0 16.0 217.0 33.0
573 -1.0 -1.0 8.0 151.0 70.0
574 -1.0 -1.0 16.0 294.0 50.0
575 -1.0 -1.0 6.0 190.0 66.0
576 -1.0 -1.0 17.0 233.0 43.0
577 -1.0 -1.0 7.0 329.0 28.0
578 -1.0 -1.0 18.0 128.0 32.0
579 -1.0 -1.0 15.0 83.0 24.0
580 -1.0 -1.0 10.0 37.0 48.0
581 -1.0 -1.0 12.0 57.0 81.0
582 -1.0 -1.0 9.0 372.0 18.0
583 -1.0 -1.0 10.0 100.0 16.0
584 -1.0 -1.0 4.0 325.0 89.0
585 -1.0 -1.0 19.0 368.0 100.0
586 -1.0 -1.0 13.0 205.0 15.0
587 -1.0 -1.0 4.0 399.0 95.0
588 -1.0 -1.0 7.0 199.0 93.0
589 -1.0 -1.0 9.0 96.0 80.0
590 -1.0 -1.0 8.0 285.0 90.0
591 -1.0 -1.0 14.0 66.0 95.0
592 -1.0 -1.0 18.0 50.0 59.0
593 -1.0 -1.0 7.0 148.0 36.0
594 -1.0 -1.0 11.0 318.0 71.0
595 -1.0 -1.0 15.0 28.0 37.0
596 -1.0 -1.0 6.0 365.0 54.0
597 -1.0 -1.0 11.0 164.0 40.0
598 -1.0 -1.0 8.0 37.0 44.0
599 -1.0 -1.0 15.0 318.0 17.0
600 -1.0 -1.0 5.0 121.0 57.0
601 -1.0 -1.0 19.0 216.0 97.0
602 -1.0 -1.0 6.0 181.0 69.0
603 -1.0 -1.0 14.0 89.0 61.0
604 -1.0 -1.0 15.0 98.0 92.0
605 -1.0 -1.0 6.0 222.0 43.0
606 -1.0 -1.0 7.0 178.0 92.0
607 -1.0 -1.0 10.0 286.0 85.0
608 -1.0 -1.0 4.0 120.0 18.0
609 -1.0 -1.0 8.0 330.0 95.0
610 -1.0 -1.0 19.0 98.0 66.0
611 -1.0 -1.0 14.0 381.0 91.0
612 -1.0 -1.0 13.0 121.0 53.0
613 -1.0 -1.0 6.0 286.0 67.0
614 -1.0 -1.0 7.0 328.0 85.0
615 -1.0 -1.0 13.0 358.0 79.0
616 -1.0 -1.0 9.0 352.0 29.0
617 -1.0 -1.0 6.0 46.0 37.0
618 -1.0 -1.0 9.0 23.0 53.0
619 -1.0 -1.0 9.0 111.0 62.0
620 -1.0 -1.0 16.0 142.0 17.0
621 -1.0 -1.0 15.0 243.0 57.0
622 -1.0 -1.0 19.0 210.0 23.0
623 -1.0 -1.0 8.0 20.0 22.0
624 -1.0 -1.0 7.0 187.0 97.0
625 -1.0 -1.0 12.0 143.0 50.0
626 -1.0 -1.0 13.0 57.0 90.0
627 -1.0 -1.0 16.0 140.0 56.0
628 -1.0 -1.0 6.0 75.0 22.0
629 -1.0 -1.0 20.0 364.0 65.0
630 -1.0 -1.0 8.0 332.0 52.0
631 -1.0 -1.0 20.0 47.0 16.0
632 -1.0 -1.0 19.0 127.0 75.0
633 -1.0 -1.0 13.0 198.0 33.0
634 -1.0 -1.0 17.0 329.0 84.0
635 -1.0 -1.0 20.0 89.0 79.0
636 -1.0 -1.0 16.0 363.0 16.0
637 -1.0 -1.0 8.0 276.0 90.0
638 -1.0 -1.0 20.0 141.0 39.0
639 -1.0 -1.0 11.0 132.0 88.0
640 -1.0 -1.0 16.0 236.0 62.0
641 -1.0 -1.0 9.0 293.0 33.0
642 -1.0 -1.0 15.0 152.0 35.0
643 -1.0 -1.0 19.0 99.0 40.0
644 -1.0 -1.0 19.0 63.0 85.0
645 -1.0 -1.0 8.0 303.0 42.0
646 -1.0 -1.0 9.0 359.0 43.0
647 -1.0 -1.0 11.0 98.0 51.0
648 -1.0 -1.0 17.0 224.0 38.0
649 -1.0 -1.0 4.0 61.0 49.0
650 -1.0 -1.0 6.0 69.0 73.0
651 -1.0 -1.0 20.0 35.0 98.0
652 -1.0 -1.0 16.0 92.0 73.0
653 -1.0 -1.0 15.0 116.0 80.0
654 -1.0 -1.0 10.0 189.0 30.0
655 -1.0 -1.0 16.0 219.0 36.0
656 -1.0 -1.0 15.0 148.0 81.0
657 -1.0 -1.0 10.0 387.0 25.0
658 -1.0 -1.0 11.0 219.0 65.0
659 -1.0 -1.0 6.0 123.0 59.0
660 -1.0 -1.0 14.0 352.0 45.0
661 -1.0 -1.0 12.0 299.0 90.0
662 -1.0 -1.0 16.0 337.0 80.0
663 -1.0 -1.0 7.0 330.0 62.0
664 -1.0 -1.0 16.0 297.0 31.0
665 -1.0 -1.0 19.0 336.0 93.0
666 -1.0 -1.0 17.0 38.0 18.0
667 -1.0 -1.0 8.0 141.0 100.0
668 -1.0 -1.0 19.0 189.0 89.0
669 -1.0 -1.0 9.0 284.0 84.0
670 -1.0 -1.0 14.0 382.0 39.0
671 -1.0 -1.0 4.0 325.0 39.0
672 -1.0 -1.0 10.0 298.0 58.0
673 -1.0 -1.0 18.0 114.0 77.0
674 -1.0 -1.0 13.0 103.0 81.0
675 -1.0 -1.0 16.0 397.0 21.0
676 -1.0 -1.0 11.0 88.0 42.0
677 -1.0 -1.0 7.0 257.0 64.0
678 -1.0 -1.0 7.0 348.0 89.0
679 -1.0 -1.0 4.0 201.0 16.0
680 -1.0 -1.0 16.0 16.0 62.0
681 -1.0 -1.0 15.0 292.0 34.0
682 -1.0 -1.0 11.0 390.0 55.0
683 -1.0 -1.0 10.0 110.0 35.0
684 -1.0 -1.0 16.0 164.0 58.0
685 -1.0 -1.0 15.0 252.0 49.0
686 -1.0 -1.0 13.0 235.0 86.0
687 -1.0 -1.0 18.0 319.0 40.0
688 -1.0 -1.0 14.0 366.0 18.0
689 -1.0 -1.0 15.0 216.0 70.0
690 -1.0 -1.0 20.0 346.0 41.0
691 -1.0 -1.0 20.0 55.0 65.0
692 -1.0 -1.0 6.0 287.0 39.0
693 -1.0 -1.0 12.0 164.0 61.0
694 -1.0 -1.0 7.0 227.0 29.0
695 -1.0 -1.0 16.0 275.0 64.0
696 -1.0 -1.0 16.0 25.0 32.0
697 -1.0 -1.0 20.0 254.0 40.0
698 -1.0 -1.0 5.0 317.0 82.0
699 -1.0 -1.0 13.0 335.0 36.0
700 -1.0 -1.0 9.0 268.0 30.0
701 -1.0 -1.0 11.0 108.0 68.0
702 -1.0 -1.0 14.0 97.0 22.0
703 -1.0 -1.0 20.0 385.0 92.0
704 -1.0 -1.0 5.0 230.0 70.0
705 -1.0 -1.0 12.0 337.0 20.0
706 -1.0 -1.0 6.0 388.0 60.0
707 -1.0 -1.0 6.0 395.0 76.0
708 -1.0 -1.0 5.0 208.0 88.0
709 -1.0 -1.0 14.0 48.0 17.0
710 -1.0 -1.0 8.0 303.0 79.0
711 -1.0 -1.0 5.0 310.0 52.0
712 -1.0 -1.0 7.0 333.0 33.0
713 -1.0 -1.0 8.0 199.0 99.0
714 -1.0 -1.0 13.0 147.0 79.0
715 -1.0 -1.0 17.0 96.0 68.0
716 -1.0 -1.0 5.0 308.0 89.0
717 -1.0 -1.0 7.0 358.0 25.0
718 -1.0 -1.0 12.0 342.0 82.0
719 -1.0 -1.0 14.0 237.0 23.0
720 -1.0 -1.0 19.0 77.0 15.0
721 -1.0 -1.0 12.0 346.0 98.0
722 -1.0 -1.0 12.0 280.0 93.0
723 -1.0 -1.0 5.0 294.0 94.0
724 -1.0 -1.0 17.0 108.0 53.0
725 -1.0 -1.0 16.0 224.0 19.0
942
0 21 11
1 2 9
2 22 9
3 4 10
4 5 12
5 6 10
6 7 12
7 23 10
8 26 5
8 9 10
9 10 5
10 27 6
11 28 10
11 12 8
12 29 6
13 31 12
14 32 9
14 15 7
15 16 12
16 33 8
16 17 8
17 18 8
18 34 7
19 36 9
20 38 6
21 40 7
22 43 12
23 24 12
24 25 6
25 48 5
25 26 8
27 50 9
28 29 7
29 51 10
29 30 5
30 31 6
31 52 11
32 54 6
33 55 11
34 35 9
35 36 10
37 57 5
37 38 9
38 39 11
39 58 12
40 41 6
41 59 11
41 42 9
42 60 12
42 43 11
43 61 8
43 44 6
44 62 12
44 45 5
45 63 9
46 64 12
46 47 6
49 68 7
49 50 6
50 69 9
52 72 6
52 53 11
53 73 11
53 54 7
55 75 6
56 80 5
56 57 10
59 82 9
59 60 5
60 61 9
61 83 6
61 62 7
62 63 5
63 84 9
64 86 7
65 66 10
66 88 10
67 90 9
67 68 12
68 91 9
68 69 5
69 92 12
70 94 11
71 96 11
71 72 6
72 97 11
72 73 9
73 98 7
74 100 10
74 75 8
76 77 9
77 101 12
77 78 9
78 102 6
78 79 8
79 80 6
81 104 12
83 107 8
84 109 9
84 85 11
85 110 6
85 86 8
86 111 7
86 87 8
87 112 10
88 114 7
88 89 12
89 90 8
90 115 11
90 91 12
91 116 5
91 92 10
92 93 6
93 117 7
93 94 9
94 95 7
95 118 5
95 96 12
96 119 11
96 97 11
97 98 6
98 99 11
99 120 11
99 100 5
100 121 11
101 124 9
101 102 6
102 125 11
103 128 7
103 104 12
104 105 10
106 129 9
107 131 11
107 108 6
108 109 7
109 110 10
110 111 8
111 132 5
111 112 6
112 133 10
112 113 5
113 134 5
113 114 7
115 116 8
116 135 11
117 137 9
118 139 12
118 119 12
120 121 5
121 142 7
121 122 5
123 124 10
124 125 5
125 144 5
125 126 10
126 145 12
126 127 6
127 146 10
127 128 9
128 147 9
129 150 9
130 131 6
131 152 5
132 155 7
132 133 6
133 156 7
133 134 11
134 157 5
135 136 9
136 137 8
137 159 12
137 138 9
138 160 11
138 139 5
139 161 12
140 163 11
140 141 10
142 165 12
143 167 7
144 145 10
145 170 7
145 146 12
146 147 7
147 148 7
148 171 12
148 149 6
149 172 5
150 151 10
151 173 10
152 174 12
152 153 5
153 175 8
153 154 5
154 176 11
155 178 8
155 156 12
156 157 6
157 179 6
157 158 11
158 180 5
159 184 7
159 160 7
160 185 10
160 161 11
161 162 7
162 186 10
162 163 7
164 188 10
164 165 8
165 189 8
165 166 5
166 190 10
166 167 11
167 191 7
167 168 10
168 192 11
168 169 12
169 193 8
170 195 9
171 172 7
173 198 9
174 200 12
174 175 8
175 176 8
176 201 12
176 177 12
177 178 11
178 202 8
179 180 6
180 181 5
181 204 8
181 182 7
182 183 7
183 205 11
184 207 7
184 185 9
185 208 10
186 209 5
187 210 12
187 188 8
188 211 9
188 189 10
189 190 9
190 212 8
190 191 12
191 213 10
191 192 9
192 214 10
192 193 12
193 194 12
194 215 9
194 195 9
195 196 11
197 219 6
197 198 6
198 220 8
198 199 5
199 200 11
200 221 9
201 223 6
202 225 12
202 203 9
204 228 9
205 230 10
205 206 7
206 231 10
206 207 11
207 232 7
207 208 12
208 233 12
209 235 7
210 237 12
210 211 9
212 239 12
212 213 7
213 214 7
215 240 5
216 243 12
216 217 11
217 244 9
217 218 10
218 245 9
219 246 10
219 220 9
221 248 10
221 222 9
222 249 5
222 223 8
223 250 7
223 224 7
224 225 5
225 251 10
226 253 10
226 227 7
227 254 5
227 228 8
228 255 9
228 229 11
229 230 10
230 231 9
231 256 9
231 232 10
232 257 6
232 233 5
233 258 6
233 234 10
234 259 5
234 235 10
235 260 6
235 236 10
236 237 9
237 261 8
238 239 5
240 264 8
240 241 12
241 242 9
242 265 5
242 243 10
243 266 11
243 244 12
244 267 8
244 245 6
246 268 5
247 248 9
248 249 5
249 250 8
250 270 9
251 271 12
251 252 11
252 253 10
253 254 10
254 255 5
255 272 10
256 273 6
256 257 5
257 274 10
257 258 7
258 275 10
258 259 8
259 276 11
259 260 6
261 277 10
261 262 11
263 278 6
264 281 5
265 283 8
265 266 9
266 284 9
266 267 10
268 286 10
268 269 5
271 290 8
273 295 5
273 274 8
274 275 10
275 276 8
276 296 12
277 299 6
278 279 12
279 280 8
280 281 10
281 282 12
282 302 6
282 283 7
283 303 10
283 284 12
284 304 8
285 306 6
286 307 10
287 309 12
287 288 6
288 310 12
289 312 9
289 290 11
290 313 11
290 291 11
291 314 9
291 292 7
292 293 12
293 315 9
294 317 6
294 295 8
296 297 11
297 318 9
297 298 10
298 319 12
298 299 10
299 320 8
299 300 9
300 321 11
300 301 9
301 322 11
302 325 5
302 303 10
303 326 7
303 304 6
304 327 8
304 305 6
305 328 8
305 306 7
307 329 7
307 308 6
309 330 12
309 310 5
310 331 12
310 311 10
311 332 5
311 312 5
312 313 7
313 314 7
314 333 12
315 334 10
316 317 12
318 339 10
318 319 6
319 320 7
320 340 12
320 321 9
321 322 6
322 323 9
323 341 7
324 342 11
325 344 12
325 326 5
326 327 7
327 345 11
327 328 6
328 346 11
329 348 12
330 351 12
330 331 10
331 332 7
332 352 5
333 355 7
334 357 5
334 335 10
335 358 9
336 337 11
337 361 8
337 338 5
338 362 10
340 364 8
342 366 7
343 368 9
343 344 9
344 369 8
345 370 10
345 346 7
346 347 7
347 371 11
348 372 5
348 349 6
349 350 8
350 373 5
350 351 5
351 374 8
352 353 12
353 375 11
353 354 6
354 376 5
354 355 8
355 377 9
355 356 7
356 378 5
356 357 12
357 379 12
357 358 8
358 380 10
358 359 10
359 381 8
359 360 8
360 382 9
361 383 12
361 362 5
362 384 7
362 363 5
363 385 6
364 365 7
366 367 11
367 368 10
368 369 12
369 389 12
371 392 10
372 393 6
373 394 10
373 374 11
375 376 7
376 396 5
376 377 11
377 378 11
378 397 12
378 379 10
379 380 5
380 398 10
380 381 10
381 399 12
381 382 8
383 401 8
383 384 9
384 402 8
384 385 5
385 386 10
386 403 9
387 406 7
387 388 9
388 407 9
389 410 10
389 390 5
391 412 5
391 392 12
394 414 12
395 416 11
398 419 5
398 399 9
400 420 9
400 401 6
401 421 5
401 402 9
403 404 6
404 422 8
404 405 6
405 423 5
406 407 8
407 424 12
407 408 5
408 425 6
409 428 5
409 410 9
410 429 6
411 431 7
411 412 10
412 432 12
413 414 8
414 434 8
414 415 7
415 435 8
415 416 9
416 436 8
416 417 12
417 437 8
418 439 5
420 421 11
422 446 10
422 423 6
423 447 11
424 425 11
425 450 7
425 426 12
426 451 12
426 427 8
427 428 6
428 429 8
429 430 5
430 452 11
430 431 11
431 453 12
431 432 5
432 433 7
433 454 12
434 457 11
434 435 8
435 458 8
435 436 12
436 437 9
437 459 11
438 461 9
438 439 8
439 440 7
440 462 6
440 441 10
441 463 12
442 465 6
442 443 6
444 468 5
444 445 5
446 469 10
446 447 9
447 448 12
448 449 9
449 470 11
450 451 12
451 471 8
452 475 8
452 453 7
453 476 9
455 478 5
455 456 9
456 479 9
456 457 10
457 480 12
457 458 11
458 481 11
459 482 9
459 460 5
460 483 8
460 461 6
462 485 12
462 463 12
463 486 9
463 464 11
464 487 10
464 465 10
466 489 5
466 467 8
467 468 5
468 490 10
470 493 7
471 496 8
471 472 8
472 473 10
473 497 12
473 474 10
474 475 10
475 498 10
475 476 7
476 499 8
476 477 9
477 500 10
478 501 9
478 479 10
479 502 8
479 480 8
480 481 6
482 504 6
482 483 7
483 505 10
484 506 5
484 485 9
485 507 11
485 486 9
486 508 12
486 487 8
487 509 11
488 489 10
490 512 12
490 491 8
491 513 12
492 516 12
492 493 9
493 517 6
493 494 10
494 495 7
495 518 9
495 496 11
497 520 9
498 522 6
498 499 9
499 500 5
500 523 9
501 502 11
502 525 9
503 504 5
504 505 12
506 529 9
506 507 7
507 530 10
507 508 9
508 531 7
508 509 6
509 532 7
509 510 9
511 534 10
511 512 6
512 535 10
512 513 9
513 536 6
514 538 10
514 515 12
515 539 10
515 516 10
516 517 10
518 540 10
519 542 12
519 520 7
520 521 5
521 543 11
521 522 10
523 544 7
523 524 6
525 546 12
525 526 11
526 547 10
526 527 6
527 548 8
528 552 10
528 529 11
529 553 7
529 530 9
530 554 5
530 531 9
531 555 11
531 532 12
533 557 9
534 559 7
534 535 8
535 536 10
536 560 12
536 537 5
537 561 11
537 538 11
538 562 9
538 539 9
539 563 6
540 541 7
541 542 8
543 565 10
545 566 7
545 546 5
546 567 10
546 547 5
547 548 11
548 568 5
548 549 7
549 569 7
549 550 11
550 551 5
551 570 11
551 552 7
552 571 9
552 553 10
553 572 7
553 554 10
554 573 10
554 555 12
556 557 12
557 558 6
558 559 5
560 576 12
560 561 12
561 577 7
561 562 8
562 578 12
562 563 9
563 579 5
563 564 8
565 583 5
566 567 5
567 588 8
568 590 8
568 569 12
569 591 11
570 592 10
570 571 10
571 593 11
571 572 7
572 594 9
572 573 8
573 595 5
574 596 6
575 576 7
576 600 11
576 577 11
577 601 12
577 578 9
578 602 5
578 579 12
579 603 10
580 606 8
581 607 12
581 582 6
582 608 7
582 583 5
583 584 9
584 609 11
584 585 9
585 586 7
586 610 6
586 587 9
587 611 7
588 612 6
588 589 8
589 590 8
590 613 9
590 591 6
591 614 11
592 616 8
592 593 7
593 594 5
594 595 7
595 617 7
596 619 7
596 597 11
597 620 6
597 598 6
598 621 7
598 599 6
599 622 12
600 624 10
600 601 12
601 602 6
602 625 11
602 603 10
603 626 12
603 604 12
604 605 10
605 627 5
605 606 8
606 628 9
607 631 5
607 608 12
608 632 12
610 611 6
611 634 5
612 636 5
613 637 7
613 614 7
614 638 9
614 615 9
615 639 11
615 616 9
616 640 11
617 642 5
617 618 11
618 643 10
618 619 8
619 644 7
619 620 11
620 645 7
620 621 9
621 646 8
621 622 5
622 647 9
622 623 8
623 648 12
624 650 8
625 626 9
627 652 8
627 628 8
628 653 11
628 629 5
629 630 6
630 631 11
631 654 7
631 632 8
632 633 12
633 655 8
634 659 6
635 660 11
635 636 9
636 661 8
637 638 10
638 639 7
639 663 5
639 640 10
640 664 5
640 641 12
642 643 8
643 665 9
643 644 8
644 666 9
644 645 8
645 667 7
645 646 8
646 647 5
647 648 5
648 668 8
648 649 12
649 650 10
650 669 8
650 651 11
651 670 9
652 671 11
652 653 6
655 656 12
656 675 8
656 657 9
657 676 9
657 658 10
658 659 5
659 677 6
660 678 11
660 661 9
661 679 6
661 662 5
662 680 9
663 664 9
664 682 12
665 685 12
665 666 5
666 686 5
666 667 7
667 687 8
668 690 5
669 691 10
669 670 12
670 692 7
671 695 7
672 673 8
673 697 5
674 699 9
675 701 11
675 676 8
676 702 10
678 704 6
678 679 12
679 680 9
680 705 5
681 707 9
683 709 6
683 684 9
684 685 11
685 710 12
685 686 5
686 711 12
686 687 6
687 688 9
688 712 10
688 689 5
689 690 11
690 713 7
691 715 8
691 692 9
692 716 11
692 693 10
693 717 11
694 695 6
695 696 10
696 718 12
697 698 7
698 720 12
698 699 8
699 721 10
699 700 10
700 722 8
700 701 8
701 723 5
701 702 10
702 703 12
703 724 12
705 706 8
706 707 11
708 709 11
710 711 7
713 714 12
714 715 11
715 716 8
716 717 12
718 719 9
720 721 11
721 722 11
722 723 9
724 725 8
10 0.05 0.05 0.05
