600
0 -1.0 -1.0 13.0 367.0 32.0
1 -1.0 -1.0 13.0 227.0 27.0
2 -1.0 -1.0 5.0 20.0 55.0
3 -1.0 -1.0 15.0 226.0 73.0
4 -1.0 -1.0 16.0 280.0 53.0
5 -1.0 -1.0 16.0 89.0 20.0
6 -1.0 -1.0 14.0 44.0 81.0
7 -1.0 -1.0 6.0 380.0 41.0
8 -1.0 -1.0 7.0 266.0 93.0
9 -1.0 -1.0 19.0 232.0 31.0
10 -1.0 -1.0 18.0 196.0 84.0
11 -1.0 -1.0 18.0 75.0 24.0
12 -1.0 -1.0 15.0 94.0 30.0
13 -1.0 -1.0 17.0 343.0 78.0
14 -1.0 -1.0 10.0 310.0 84.0
15 -1.0 -1.0 17.0 37.0 36.0
16 -1.0 -1.0 16.0 374.0 84.0
17 -1.0 -1.0 8.0 139.0 42.0
18 -1.0 -1.0 6.0 65.0 32.0
19 -1.0 -1.0 11.0 39.0 65.0
20 -1.0 -1.0 4.0 364.0 15.0
21 -1.0 -1.0 10.0 158.0 23.0
22 -1.0 -1.0 7.0 83.0 44.0
23 -1.0 -1.0 10.0 19.0 91.0
24 -1.0 -1.0 6.0 156.0 99.0
25 -1.0 -1.0 12.0 290.0 97.0
26 -1.0 -1.0 10.0 200.0 45.0
27 -1.0 -1.0 9.0 397.0 49.0
28 -1.0 -1.0 17.0 378.0 72.0
29 -1.0 -1.0 7.0 368.0 80.0
30 -1.0 -1.0 16.0 367.0 56.0
31 -1.0 -1.0 20.0 256.0 65.0
32 -1.0 -1.0 8.0 174.0 80.0
33 -1.0 -1.0 7.0 331.0 78.0
34 -1.0 -1.0 5.0 346.0 95.0
35 -1.0 -1.0 10.0 28.0 81.0
36 -1.0 -1.0 20.0 58.0 42.0
37 -1.0 -1.0 9.0 81.0 76.0
38 -1.0 -1.0 10.0 318.0 94.0
39 -1.0 -1.0 16.0 107.0 88.0
40 -1.0 -1.0 11.0 121.0 23.0
41 -1.0 -1.0 16.0 187.0 62.0
42 -1.0 -1.0 14.0 357.0 36.0
43 -1.0 -1.0 4.0 122.0 24.0
44 -1.0 -1.0 13.0 87.0 60.0
45 -1.0 -1.0 6.0 204.0 17.0
46 -1.0 -1.0 6.0 218.0 56.0
47 -1.0 -1.0 17.0 173.0 60.0
48 -1.0 -1.0 4.0 398.0 66.0
49 -1.0 -1.0 4.0 387.0 82.0
50 -1.0 -1.0 14.0 101.0 87.0
51 -1.0 -1.0 4.0 220.0 24.0
52 -1.0 -1.0 7.0 202.0 86.0
53 -1.0 -1.0 16.0 235.0 20.0
54 -1.0 -1.0 8.0 135.0 64.0
55 -1.0 -1.0 20.0 360.0 71.0
56 -1.0 -1.0 4.0 251.0 77.0
57 -1.0 -1.0 5.0 211.0 90.0
58 -1.0 -1.0 10.0 381.0 15.0
59 -1.0 -1.0 16.0 361.0 63.0
60 -1.0 -1.0 14.0 197.0 19.0
61 -1.0 -1.0 12.0 248.0 50.0
62 -1.0 -1.0 17.0 17.0 94.0
63 -1.0 -1.0 9.0 169.0 83.0
64 -1.0 -1.0 18.0 208.0 77.0
65 -1.0 -1.0 4.0 163.0 26.0
66 -1.0 -1.0 8.0 48.0 34.0
67 -1.0 -1.0 4.0 317.0 90.0
68 -1.0 -1.0 7.0 344.0 74.0
69 -1.0 -1.0 11.0 85.0 50.0
70 -1.0 -1.0 12.0 375.0 51.0
71 -1.0 -1.0 7.0 136.0 33.0
72 -1.0 -1.0 13.0 397.0 21.0
73 -1.0 -1.0 14.0 134.0 26.0
74 -1.0 -1.0 4.0 131.0 23.0
75 -1.0 -1.0 7.0 83.0 42.0
76 -1.0 -1.0 16.0 81.0 33.0
77 -1.0 -1.0 19.0 36.0 89.0
78 -1.0 -1.0 20.0 217.0 83.0
79 -1.0 -1.0 10.0 175.0 39.0
80 -1.0 -1.0 15.0 33.0 53.0
81 -1.0 -1.0 6.0 351.0 21.0
82 -1.0 -1.0 13.0 65.0 57.0
83 -1.0 -1.0 8.0 391.0 50.0
84 -1.0 -1.0 19.0 312.0 78.0
85 -1.0 -1.0 9.0 349.0 96.0
86 -1.0 -1.0 14.0 295.0 51.0
87 -1.0 -1.0 15.0 299.0 38.0
88 -1.0 -1.0 5.0 173.0 54.0
89 -1.0 -1.0 4.0 254.0 15.0
90 -1.0 -1.0 18.0 28.0 51.0
91 -1.0 -1.0 16.0 314.0 32.0
92 -1.0 -1.0 17.0 134.0 94.0
93 -1.0 -1.0 15.0 128.0 40.0
94 -1.0 -1.0 11.0 352.0 42.0
95 -1.0 -1.0 12.0 152.0 93.0
96 -1.0 -1.0 14.0 77.0 51.0
97 -1.0 -1.0 11.0 66.0 95.0
98 -1.0 -1.0 5.0 248.0 66.0
99 -1.0 -1.0 4.0 244.0 67.0
100 -1.0 -1.0 4.0 177.0 27.0
101 -1.0 -1.0 20.0 365.0 34.0
102 -1.0 -1.0 18.0 96.0 15.0
103 -1.0 -1.0 20.0 184.0 82.0
104 -1.0 -1.0 12.0 380.0 54.0
105 -1.0 -1.0 17.0 345.0 99.0
106 -1.0 -1.0 13.0 122.0 28.0
107 -1.0 -1.0 14.0 328.0 82.0
108 -1.0 -1.0 18.0 144.0 27.0
109 -1.0 -1.0 8.0 115.0 100.0
110 -1.0 -1.0 17.0 116.0 40.0
111 -1.0 -1.0 16.0 302.0 90.0
112 -1.0 -1.0 11.0 270.0 34.0
113 -1.0 -1.0 15.0 102.0 29.0
114 -1.0 -1.0 20.0 262.0 82.0
115 -1.0 -1.0 17.0 41.0 53.0
116 -1.0 -1.0 16.0 343.0 96.0
117 -1.0 -1.0 12.0 372.0 62.0
118 -1.0 -1.0 16.0 242.0 73.0
119 -1.0 -1.0 14.0 295.0 70.0
120 -1.0 -1.0 8.0 111.0 78.0
121 -1.0 -1.0 8.0 233.0 62.0
122 -1.0 -1.0 6.0 328.0 35.0
123 -1.0 -1.0 7.0 264.0 64.0
124 -1.0 -1.0 12.0 313.0 85.0
125 -1.0 -1.0 8.0 300.0 31.0
126 -1.0 -1.0 19.0 120.0 49.0
127 -1.0 -1.0 9.0 172.0 38.0
128 -1.0 -1.0 20.0 58.0 37.0
129 -1.0 -1.0 8.0 313.0 52.0
130 -1.0 -1.0 13.0 295.0 76.0
131 -1.0 -1.0 16.0 338.0 17.0
132 -1.0 -1.0 10.0 77.0 46.0
133 -1.0 -1.0 10.0 378.0 31.0
134 -1.0 -1.0 11.0 141.0 31.0
135 -1.0 -1.0 13.0 225.0 93.0
136 -1.0 -1.0 16.0 372.0 67.0
137 -1.0 -1.0 7.0 70.0 73.0
138 -1.0 -1.0 20.0 361.0 87.0
139 -1.0 -1.0 19.0 67.0 34.0
140 -1.0 -1.0 16.0 265.0 97.0
141 -1.0 -1.0 13.0 188.0 20.0
142 -1.0 -1.0 9.0 18.0 41.0
143 -1.0 -1.0 16.0 26.0 70.0
144 -1.0 -1.0 15.0 114.0 97.0
145 -1.0 -1.0 16.0 160.0 57.0
146 -1.0 -1.0 4.0 137.0 16.0
147 -1.0 -1.0 6.0 93.0 42.0
148 -1.0 -1.0 14.0 199.0 82.0
149 -1.0 -1.0 4.0 172.0 81.0
150 -1.0 -1.0 4.0 131.0 70.0
151 -1.0 -1.0 11.0 103.0 26.0
152 -1.0 -1.0 8.0 286.0 46.0
153 -1.0 -1.0 18.0 277.0 99.0
154 -1.0 -1.0 13.0 313.0 73.0
155 -1.0 -1.0 5.0 311.0 74.0
156 -1.0 -1.0 11.0 246.0 94.0
157 -1.0 -1.0 6.0 172.0 88.0
158 -1.0 -1.0 10.0 230.0 16.0
159 -1.0 -1.0 19.0 251.0 48.0
160 -1.0 -1.0 13.0 39.0 93.0
161 -1.0 -1.0 14.0 385.0 95.0
162 -1.0 -1.0 16.0 54.0 43.0
163 -1.0 -1.0 14.0 218.0 43.0
164 -1.0 -1.0 7.0 195.0 21.0
165 -1.0 -1.0 11.0 233.0 34.0
166 -1.0 -1.0 19.0 320.0 46.0
167 -1.0 -1.0 19.0 257.0 16.0
168 -1.0 -1.0 7.0 399.0 33.0
169 -1.0 -1.0 20.0 51.0 83.0
170 -1.0 -1.0 13.0 333.0 61.0
171 -1.0 -1.0 14.0 115.0 20.0
172 -1.0 -1.0 4.0 188.0 25.0
173 -1.0 -1.0 19.0 26.0 23.0
174 -1.0 -1.0 4.0 69.0 15.0
175 -1.0 -1.0 18.0 358.0 100.0
176 -1.0 -1.0 5.0 31.0 66.0
177 -1.0 -1.0 4.0 361.0 62.0
178 -1.0 -1.0 7.0 166.0 24.0
179 -1.0 -1.0 19.0 156.0 77.0
180 -1.0 -1.0 16.0 226.0 87.0
181 -1.0 -1.0 20.0 198.0 28.0
182 -1.0 -1.0 11.0 158.0 43.0
183 -1.0 -1.0 4.0 61.0 24.0
184 -1.0 -1.0 16.0 269.0 57.0
185 -1.0 -1.0 6.0 65.0 70.0
186 -1.0 -1.0 8.0 145.0 74.0
187 -1.0 -1.0 6.0 304.0 48.0
188 -1.0 -1.0 20.0 43.0 33.0
189 -1.0 -1.0 10.0 129.0 92.0
190 -1.0 -1.0 10.0 56.0 92.0
191 -1.0 -1.0 12.0 228.0 100.0
192 -1.0 -1.0 20.0 125.0 37.0
193 -1.0 -1.0 5.0 186.0 82.0
194 -1.0 -1.0 14.0 139.0 53.0
195 -1.0 -1.0 9.0 368.0 94.0
196 -1.0 -1.0 17.0 217.0 67.0
197 -1.0 -1.0 18.0 48.0 27.0
198 -1.0 -1.0 10.0 97.0 62.0
199 -1.0 -1.0 14.0 339.0 41.0
200 -1.0 -1.0 14.0 308.0 83.0
201 -1.0 -1.0 4.0 388.0 83.0
202 -1.0 -1.0 19.0 267.0 42.0
203 -1.0 -1.0 7.0 129.0 94.0
204 -1.0 -1.0 11.0 120.0 54.0
205 -1.0 -1.0 17.0 257.0 84.0
206 -1.0 -1.0 8.0 229.0 20.0
207 -1.0 -1.0 19.0 212.0 79.0
208 -1.0 -1.0 16.0 276.0 57.0
209 -1.0 -1.0 19.0 50.0 97.0
210 -1.0 -1.0 20.0 16.0 90.0
211 -1.0 -1.0 19.0 39.0 87.0
212 -1.0 -1.0 18.0 264.0 18.0
213 -1.0 -1.0 16.0 40.0 65.0
214 -1.0 -1.0 10.0 213.0 44.0
215 -1.0 -1.0 16.0 84.0 39.0
216 -1.0 -1.0 20.0 228.0 69.0
217 -1.0 -1.0 17.0 111.0 71.0
218 -1.0 -1.0 14.0 269.0 73.0
219 -1.0 -1.0 13.0 301.0 92.0
220 -1.0 -1.0 15.0 318.0 30.0
221 -1.0 -1.0 19.0 255.0 98.0
222 -1.0 -1.0 11.0 44.0 25.0
223 -1.0 -1.0 14.0 319.0 31.0
224 -1.0 -1.0 8.0 171.0 62.0
225 -1.0 -1.0 5.0 243.0 66.0
226 -1.0 -1.0 12.0 181.0 39.0
227 -1.0 -1.0 20.0 126.0 48.0
228 -1.0 -1.0 19.0 165.0 59.0
229 -1.0 -1.0 13.0 313.0 54.0
230 -1.0 -1.0 11.0 379.0 66.0
231 -1.0 -1.0 6.0 226.0 38.0
232 -1.0 -1.0 4.0 172.0 92.0
233 -1.0 -1.0 9.0 290.0 86.0
234 -1.0 -1.0 14.0 59.0 90.0
235 -1.0 -1.0 17.0 168.0 72.0
236 -1.0 -1.0 18.0 114.0 56.0
237 -1.0 -1.0 8.0 395.0 36.0
238 -1.0 -1.0 10.0 374.0 34.0
239 -1.0 -1.0 10.0 145.0 80.0
240 -1.0 -1.0 19.0 72.0 98.0
241 -1.0 -1.0 7.0 158.0 56.0
242 -1.0 -1.0 14.0 373.0 29.0
243 -1.0 -1.0 19.0 60.0 76.0
244 -1.0 -1.0 5.0 353.0 92.0
245 -1.0 -1.0 10.0 203.0 28.0
246 -1.0 -1.0 4.0 280.0 59.0
247 -1.0 -1.0 11.0 346.0 19.0
248 -1.0 -1.0 11.0 165.0 42.0
249 -1.0 -1.0 6.0 107.0 86.0
250 -1.0 -1.0 13.0 266.0 76.0
251 -1.0 -1.0 10.0 127.0 47.0
252 -1.0 -1.0 13.0 326.0 33.0
253 -1.0 -1.0 13.0 381.0 61.0
254 -1.0 -1.0 15.0 61.0 24.0
255 -1.0 -1.0 4.0 327.0 77.0
256 -1.0 -1.0 20.0 90.0 93.0
257 -1.0 -1.0 16.0 245.0 100.0
258 -1.0 -1.0 18.0 286.0 15.0
259 -1.0 -1.0 14.0 45.0 55.0
260 -1.0 -1.0 5.0 76.0 15.0
261 -1.0 -1.0 16.0 296.0 71.0
262 -1.0 -1.0 7.0 386.0 21.0
263 -1.0 -1.0 9.0 278.0 72.0
264 -1.0 -1.0 10.0 202.0 34.0
265 -1.0 -1.0 10.0 248.0 94.0
266 -1.0 -1.0 10.0 33.0 46.0
267 -1.0 -1.0 18.0 232.0 83.0
268 -1.0 -1.0 16.0 68.0 43.0
269 -1.0 -1.0 15.0 93.0 36.0
270 -1.0 -1.0 13.0 19.0 78.0
271 -1.0 -1.0 15.0 89.0 92.0
272 -1.0 -1.0 11.0 97.0 58.0
273 -1.0 -1.0 13.0 253.0 39.0
274 -1.0 -1.0 9.0 118.0 82.0
275 -1.0 -1.0 14.0 51.0 92.0
276 -1.0 -1.0 4.0 303.0 65.0
277 -1.0 -1.0 20.0 268.0 73.0
278 -1.0 -1.0 20.0 392.0 64.0
279 -1.0 -1.0 15.0 389.0 22.0
280 -1.0 -1.0 18.0 347.0 20.0
281 -1.0 -1.0 16.0 375.0 44.0
282 -1.0 -1.0 15.0 352.0 48.0
283 -1.0 -1.0 19.0 41.0 90.0
284 -1.0 -1.0 12.0 170.0 92.0
285 -1.0 -1.0 13.0 334.0 92.0
286 -1.0 -1.0 9.0 305.0 81.0
287 -1.0 -1.0 17.0 145.0 95.0
288 -1.0 -1.0 15.0 302.0 94.0
289 -1.0 -1.0 20.0 340.0 59.0
290 -1.0 -1.0 14.0 123.0 29.0
291 -1.0 -1.0 13.0 248.0 30.0
292 -1.0 -1.0 8.0 242.0 96.0
293 -1.0 -1.0 10.0 317.0 69.0
294 -1.0 -1.0 14.0 230.0 88.0
295 -1.0 -1.0 4.0 379.0 75.0
296 -1.0 -1.0 8.0 62.0 35.0
297 -1.0 -1.0 19.0 270.0 74.0
298 -1.0 -1.0 12.0 312.0 87.0
299 -1.0 -1.0 8.0 261.0 68.0
300 -1.0 -1.0 11.0 301.0 89.0
301 -1.0 -1.0 17.0 349.0 89.0
302 -1.0 -1.0 15.0 220.0 34.0
303 -1.0 -1.0 12.0 196.0 73.0
304 -1.0 -1.0 20.0 276.0 94.0
305 -1.0 -1.0 20.0 297.0 53.0
306 -1.0 -1.0 6.0 16.0 53.0
307 -1.0 -1.0 15.0 338.0 59.0
308 -1.0 -1.0 17.0 371.0 99.0
309 -1.0 -1.0 9.0 102.0 77.0
310 -1.0 -1.0 5.0 160.0 79.0
311 -1.0 -1.0 10.0 301.0 27.0
312 -1.0 -1.0 15.0 376.0 54.0
313 -1.0 -1.0 14.0 259.0 61.0
314 -1.0 -1.0 11.0 283.0 82.0
315 -1.0 -1.0 20.0 27.0 77.0
316 -1.0 -1.0 7.0 230.0 31.0
317 -1.0 -1.0 14.0 132.0 69.0
318 -1.0 -1.0 11.0 320.0 40.0
319 -1.0 -1.0 5.0 84.0 72.0
320 -1.0 -1.0 8.0 369.0 58.0
321 -1.0 -1.0 5.0 283.0 46.0
322 -1.0 -1.0 10.0 240.0 16.0
323 -1.0 -1.0 15.0 303.0 59.0
324 -1.0 -1.0 5.0 350.0 59.0
325 -1.0 -1.0 8.0 105.0 98.0
326 -1.0 -1.0 17.0 308.0 51.0
327 -1.0 -1.0 8.0 167.0 32.0
328 -1.0 -1.0 14.0 109.0 35.0
329 -1.0 -1.0 20.0 84.0 37.0
330 -1.0 -1.0 10.0 47.0 62.0
331 -1.0 -1.0 12.0 25.0 17.0
332 -1.0 -1.0 6.0 62.0 64.0
333 -1.0 -1.0 13.0 48.0 29.0
334 -1.0 -1.0 20.0 77.0 91.0
335 -1.0 -1.0 14.0 344.0 91.0
336 -1.0 -1.0 17.0 282.0 98.0
337 -1.0 -1.0 12.0 219.0 16.0
338 -1.0 -1.0 10.0 21.0 56.0
339 -1.0 -1.0 4.0 135.0 73.0
340 -1.0 -1.0 6.0 54.0 99.0
341 -1.0 -1.0 12.0 108.0 72.0
342 -1.0 -1.0 19.0 121.0 100.0
343 -1.0 -1.0 20.0 279.0 41.0
344 -1.0 -1.0 9.0 160.0 61.0
345 -1.0 -1.0 18.0 320.0 44.0
346 -1.0 -1.0 16.0 131.0 74.0
347 -1.0 -1.0 14.0 243.0 31.0
348 -1.0 -1.0 14.0 164.0 25.0
349 -1.0 -1.0 8.0 138.0 21.0
350 -1.0 -1.0 9.0 366.0 79.0
351 -1.0 -1.0 19.0 269.0 55.0
352 -1.0 -1.0 12.0 204.0 18.0
353 -1.0 -1.0 15.0 173.0 57.0
354 -1.0 -1.0 13.0 319.0 37.0
355 -1.0 -1.0 16.0 76.0 99.0
356 -1.0 -1.0 5.0 187.0 79.0
357 -1.0 -1.0 10.0 105.0 20.0
358 -1.0 -1.0 4.0 292.0 74.0
359 -1.0 -1.0 18.0 69.0 90.0
360 -1.0 -1.0 19.0 224.0 82.0
361 -1.0 -1.0 8.0 39.0 78.0
362 -1.0 -1.0 19.0 324.0 33.0
363 -1.0 -1.0 10.0 369.0 28.0
364 -1.0 -1.0 11.0 131.0 25.0
365 -1.0 -1.0 11.0 390.0 15.0
366 -1.0 -1.0 13.0 229.0 17.0
367 -1.0 -1.0 20.0 254.0 71.0
368 -1.0 -1.0 13.0 145.0 40.0
369 -1.0 -1.0 15.0 38.0 35.0
370 -1.0 -1.0 8.0 25.0 88.0
371 -1.0 -1.0 8.0 382.0 75.0
372 -1.0 -1.0 6.0 368.0 75.0
373 -1.0 -1.0 11.0 264.0 43.0
374 -1.0 -1.0 10.0 112.0 74.0
375 -1.0 -1.0 9.0 325.0 68.0
376 -1.0 -1.0 5.0 36.0 49.0
377 -1.0 -1.0 12.0 160.0 84.0
378 -1.0 -1.0 12.0 272.0 22.0
379 -1.0 -1.0 4.0 288.0 27.0
380 -1.0 -1.0 16.0 115.0 22.0
381 -1.0 -1.0 10.0 343.0 49.0
382 -1.0 -1.0 9.0 372.0 41.0
383 -1.0 -1.0 19.0 216.0 34.0
384 -1.0 -1.0 18.0 359.0 23.0
385 -1.0 -1.0 14.0 181.0 70.0
386 -1.0 -1.0 14.0 206.0 31.0
387 -1.0 -1.0 7.0 176.0 31.0
388 -1.0 -1.0 18.0 134.0 63.0
389 -1.0 -1.0 19.0 280.0 93.0
390 -1.0 -1.0 16.0 346.0 17.0
391 -1.0 -1.0 12.0 124.0 72.0
392 -1.0 -1.0 16.0 69.0 91.0
393 -1.0 -1.0 10.0 384.0 22.0
394 -1.0 -1.0 20.0 244.0 33.0
395 -1.0 -1.0 6.0 115.0 84.0
396 -1.0 -1.0 19.0 323.0 94.0
397 -1.0 -1.0 6.0 367.0 78.0
398 -1.0 -1.0 7.0 200.0 61.0
399 -1.0 -1.0 13.0 284.0 47.0
400 -1.0 -1.0 12.0 150.0 79.0
401 -1.0 -1.0 4.0 147.0 77.0
402 -1.0 -1.0 13.0 307.0 31.0
403 -1.0 -1.0 19.0 40.0 26.0
404 -1.0 -1.0 8.0 27.0 49.0
405 -1.0 -1.0 8.0 299.0 86.0
406 -1.0 -1.0 11.0 331.0 64.0
407 -1.0 -1.0 12.0 296.0 61.0
408 -1.0 -1.0 6.0 389.0 19.0
409 -1.0 -1.0 9.0 37.0 67.0
410 -1.0 -1.0 16.0 240.0 61.0
411 -1.0 -1.0 5.0 387.0 76.0
412 -1.0 -1.0 7.0 320.0 16.0
413 -1.0 -1.0 4.0 289.0 54.0
414 -1.0 -1.0 4.0 354.0 42.0
415 -1.0 -1.0 5.0 371.0 92.0
416 -1.0 -1.0 10.0 286.0 78.0
417 -1.0 -1.0 15.0 32.0 49.0
418 -1.0 -1.0 9.0 120.0 86.0
419 -1.0 -1.0 18.0 199.0 58.0
420 -1.0 -1.0 17.0 33.0 75.0
421 -1.0 -1.0 15.0 294.0 54.0
422 -1.0 -1.0 5.0 133.0 24.0
423 -1.0 -1.0 12.0 31.0 95.0
424 -1.0 -1.0 12.0 51.0 100.0
425 -1.0 -1.0 13.0 300.0 63.0
426 -1.0 -1.0 6.0 258.0 50.0
427 -1.0 -1.0 4.0 111.0 84.0
428 -1.0 -1.0 18.0 160.0 74.0
429 -1.0 -1.0 17.0 77.0 43.0
430 -1.0 -1.0 15.0 207.0 80.0
431 -1.0 -1.0 6.0 149.0 51.0
432 -1.0 -1.0 5.0 296.0 71.0
433 -1.0 -1.0 9.0 16.0 24.0
434 -1.0 -1.0 14.0 279.0 93.0
435 -1.0 -1.0 6.0 48.0 74.0
436 -1.0 -1.0 6.0 92.0 50.0
437 -1.0 -1.0 19.0 297.0 29.0
438 -1.0 -1.0 4.0 53.0 91.0
439 -1.0 -1.0 19.0 308.0 25.0
440 -1.0 -1.0 9.0 103.0 56.0
441 -1.0 -1.0 15.0 24.0 33.0
442 -1.0 -1.0 6.0 275.0 31.0
443 -1.0 -1.0 13.0 118.0 40.0
444 -1.0 -1.0 15.0 350.0 92.0
445 -1.0 -1.0 19.0 293.0 87.0
446 -1.0 -1.0 5.0 141.0 38.0
447 -1.0 -1.0 15.0 173.0 78.0
448 -1.0 -1.0 9.0 209.0 86.0
449 -1.0 -1.0 15.0 123.0 21.0
450 -1.0 -1.0 8.0 368.0 100.0
451 -1.0 -1.0 7.0 29.0 48.0
452 -1.0 -1.0 15.0 173.0 91.0
453 -1.0 -1.0 19.0 287.0 74.0
454 -1.0 -1.0 9.0 290.0 24.0
455 -1.0 -1.0 11.0 272.0 35.0
456 -1.0 -1.0 18.0 42.0 66.0
457 -1.0 -1.0 6.0 338.0 100.0
458 -1.0 -1.0 18.0 15.0 36.0
459 -1.0 -1.0 7.0 381.0 53.0
460 -1.0 -1.0 13.0 139.0 39.0
461 -1.0 -1.0 8.0 46.0 35.0
462 -1.0 -1.0 4.0 44.0 87.0
463 -1.0 -1.0 6.0 336.0 71.0
464 -1.0 -1.0 17.0 280.0 60.0
465 -1.0 -1.0 6.0 339.0 48.0
466 -1.0 -1.0 13.0 400.0 24.0
467 -1.0 -1.0 15.0 388.0 60.0
468 -1.0 -1.0 11.0 384.0 42.0
469 -1.0 -1.0 8.0 172.0 52.0
470 -1.0 -1.0 5.0 191.0 88.0
471 -1.0 -1.0 13.0 55.0 37.0
472 -1.0 -1.0 14.0 268.0 46.0
473 -1.0 -1.0 10.0 363.0 64.0
474 -1.0 -1.0 12.0 381.0 63.0
475 -1.0 -1.0 8.0 344.0 89.0
476 -1.0 -1.0 18.0 68.0 93.0
477 -1.0 -1.0 7.0 208.0 86.0
478 -1.0 -1.0 10.0 380.0 59.0
479 -1.0 -1.0 5.0 107.0 22.0
480 -1.0 -1.0 5.0 366.0 56.0
481 -1.0 -1.0 8.0 216.0 84.0
482 -1.0 -1.0 10.0 221.0 82.0
483 -1.0 -1.0 12.0 311.0 24.0
484 -1.0 -1.0 11.0 54.0 27.0
485 -1.0 -1.0 18.0 191.0 75.0
486 -1.0 -1.0 6.0 263.0 82.0
487 -1.0 -1.0 13.0 146.0 49.0
488 -1.0 -1.0 11.0 232.0 28.0
489 -1.0 -1.0 14.0 184.0 28.0
490 -1.0 -1.0 12.0 330.0 87.0
491 -1.0 -1.0 6.0 103.0 53.0
492 -1.0 -1.0 6.0 356.0 74.0
493 -1.0 -1.0 7.0 80.0 23.0
494 -1.0 -1.0 20.0 92.0 76.0
495 -1.0 -1.0 17.0 399.0 63.0
496 -1.0 -1.0 14.0 235.0 22.0
497 -1.0 -1.0 6.0 305.0 47.0
498 -1.0 -1.0 12.0 216.0 83.0
499 -1.0 -1.0 12.0 55.0 25.0
500 -1.0 -1.0 11.0 147.0 34.0
501 -1.0 -1.0 19.0 164.0 45.0
502 -1.0 -1.0 14.0 163.0 90.0
503 -1.0 -1.0 9.0 365.0 71.0
504 -1.0 -1.0 7.0 199.0 91.0
505 -1.0 -1.0 16.0 239.0 22.0
506 -1.0 -1.0 9.0 312.0 60.0
507 -1.0 -1.0 15.0 253.0 82.0
508 -1.0 -1.0 10.0 140.0 95.0
509 -1.0 -1.0 5.0 59.0 52.0
510 -1.0 -1.0 20.0 372.0 51.0
511 -1.0 -1.0 4.0 91.0 55.0
512 -1.0 -1.0 11.0 211.0 37.0
513 -1.0 -1.0 15.0 148.0 15.0
514 -1.0 -1.0 17.0 259.0 40.0
515 -1.0 -1.0 15.0 95.0 39.0
516 -1.0 -1.0 6.0 251.0 65.0
517 -1.0 -1.0 11.0 262.0 15.0
518 -1.0 -1.0 8.0 270.0 95.0
519 -1.0 -1.0 10.0 268.0 57.0
520 -1.0 -1.0 17.0 77.0 84.0
521 -1.0 -1.0 4.0 327.0 80.0
522 -1.0 -1.0 18.0 184.0 51.0
523 -1.0 -1.0 15.0 29.0 48.0
524 -1.0 -1.0 10.0 275.0 68.0
525 -1.0 -1.0 13.0 340.0 95.0
526 -1.0 -1.0 18.0 346.0 77.0
527 -1.0 -1.0 17.0 388.0 38.0
528 -1.0 -1.0 11.0 18.0 93.0
529 -1.0 -1.0 12.0 305.0 63.0
530 -1.0 -1.0 7.0 182.0 26.0
531 -1.0 -1.0 20.0 128.0 41.0
532 -1.0 -1.0 4.0 23.0 90.0
533 -1.0 -1.0 7.0 58.0 37.0
534 -1.0 -1.0 5.0 130.0 18.0
535 -1.0 -1.0 16.0 53.0 31.0
536 -1.0 -1.0 4.0 313.0 57.0
537 -1.0 -1.0 14.0 91.0 100.0
538 -1.0 -1.0 20.0 264.0 84.0
539 -1.0 -1.0 6.0 393.0 30.0
540 -1.0 -1.0 17.0 268.0 88.0
541 -1.0 -1.0 14.0 98.0 33.0
542 -1.0 -1.0 20.0 226.0 91.0
543 -1.0 -1.0 6.0 78.0 15.0
544 -1.0 -1.0 15.0 359.0 96.0
545 -1.0 -1.0 16.0 160.0 55.0
546 -1.0 -1.0 12.0 184.0 56.0
547 -1.0 -1.0 8.0 335.0 38.0
548 -1.0 -1.0 13.0 220.0 38.0
549 -1.0 -1.0 14.0 236.0 95.0
550 -1.0 -1.0 13.0 376.0 55.0
551 -1.0 -1.0 14.0 241.0 62.0
552 -1.0 -1.0 10.0 284.0 85.0
553 -1.0 -1.0 17.0 222.0 21.0
554 -1.0 -1.0 9.0 139.0 18.0
555 -1.0 -1.0 20.0 88.0 18.0
556 -1.0 -1.0 6.0 172.0 16.0
557 -1.0 -1.0 18.0 42.0 30.0
558 -1.0 -1.0 16.0 255.0 79.0
559 -1.0 -1.0 8.0 158.0 77.0
560 -1.0 -1.0 13.0 187.0 89.0
561 -1.0 -1.0 16.0 271.0 59.0
562 -1.0 -1.0 4.0 274.0 77.0
563 -1.0 -1.0 13.0 173.0 31.0
564 -1.0 -1.0 14.0 49.0 87.0
565 -1.0 -1.0 18.0 391.0 24.0
566 -1.0 -1.0 9.0 299.0 67.0
567 -1.0 -1.0 11.0 141.0 16.0
568 -1.0 -1.0 4.0 225.0 93.0
569 -1.0 -1.0 6.0 133.0 67.0
570 -1.0 -1.0 18.0 139.0 93.0
571 -1.0 -1.0 15.0 261.0 85.0
572 -1.0 -1.0 17.0 151.0 72.0
573 -1.0 -1.0 16.0 121.0 98.0
574 -1.0 -1.0 5.0 98.0 100.0
575 -1.0 -1.0 14.0 374.0 88.0
576 -1.0 -1.0 20.0 373.0 46.0
577 -1.0 -1.0 12.0 275.0 79.0
578 -1.0 -1.0 18.0 157.0 71.0
579 -1.0 -1.0 16.0 332.0 82.0
580 -1.0 -1.0 19.0 225.0 84.0
581 -1.0 -1.0 18.0 399.0 90.0
582 -1.0 -1.0 11.0 86.0 37.0
583 -1.0 -1.0 4.0 87.0 45.0
584 -1.0 -1.0 7.0 29.0 96.0
585 -1.0 -1.0 19.0 112.0 76.0
586 -1.0 -1.0 12.0 15.0 75.0
587 -1.0 -1.0 20.0 263.0 100.0
588 -1.0 -1.0 12.0 242.0 21.0
589 -1.0 -1.0 13.0 377.0 88.0
590 -1.0 -1.0 5.0 359.0 78.0
591 -1.0 -1.0 16.0 62.0 88.0
592 -1.0 -1.0 14.0 355.0 73.0
593 -1.0 -1.0 5.0 229.0 72.0
594 -1.0 -1.0 12.0 89.0 36.0
595 -1.0 -1.0 5.0 25.0 49.0
596 -1.0 -1.0 16.0 209.0 97.0
597 -1.0 -1.0 4.0 286.0 20.0
598 -1.0 -1.0 14.0 118.0 94.0
599 -1.0 -1.0 9.0 215.0 30.0
776
0 1 11
1 17 10
1 2 8
2 18 6
3 20 6
4 5 5
5 21 10
5 6 6
6 22 7
7 24 9
8 26 6
8 9 11
9 27 12
10 30 9
11 32 10
11 12 9
12 13 7
13 14 7
14 33 9
15 37 6
16 39 5
17 41 7
17 18 5
18 19 11
19 42 12
19 20 8
20 43 7
21 46 8
21 22 7
22 47 7
22 23 6
23 24 7
24 25 7
25 48 5
25 26 9
26 27 11
27 49 5
27 28 9
28 50 6
28 29 7
29 51 11
29 30 12
30 52 11
30 31 7
32 53 12
33 56 10
33 34 5
34 57 11
34 35 5
35 36 7
36 37 12
37 58 10
37 38 5
38 59 5
38 39 11
39 60 10
40 62 5
40 41 12
42 64 11
42 43 7
43 65 10
43 44 11
44 45 9
45 66 9
45 46 8
46 47 11
49 69 6
49 50 6
50 70 7
50 51 6
51 71 9
51 52 9
52 72 7
53 54 11
54 75 11
54 55 8
55 76 11
55 56 8
56 77 5
56 57 10
57 78 12
58 80 6
58 59 11
59 81 6
59 60 12
60 61 6
61 82 11
62 83 7
63 84 7
63 64 11
64 85 6
64 65 9
67 86 9
68 69 11
69 88 5
69 70 12
70 71 6
71 72 12
72 89 9
72 73 12
73 74 5
75 76 6
76 91 5
76 77 7
77 92 8
77 78 6
78 93 6
79 94 12
79 80 5
80 81 8
81 95 7
82 97 8
84 98 12
84 85 5
86 103 9
86 87 12
87 104 11
88 107 9
89 109 12
90 110 11
91 92 10
92 112 7
92 93 5
93 113 10
95 115 12
95 96 8
96 97 5
99 117 5
99 100 10
100 101 11
101 102 5
102 118 9
103 120 8
103 104 9
104 121 6
104 105 12
105 106 5
106 122 11
106 107 9
107 123 10
108 109 11
109 125 9
110 128 9
110 111 6
112 130 11
112 113 8
113 131 11
114 134 10
114 115 9
115 135 10
116 138 6
118 141 5
118 119 10
119 142 10
119 120 10
120 143 9
120 121 8
122 123 8
123 144 12
123 124 9
124 145 11
125 147 5
125 126 5
126 148 10
126 127 6
127 128 7
128 149 9
129 151 6
129 130 12
130 152 7
130 131 8
131 132 7
132 153 8
132 133 9
133 134 8
134 154 8
134 135 11
136 155 5
137 156 9
137 138 11
138 157 11
138 139 7
139 158 8
140 161 5
141 163 11
141 142 10
142 164 8
142 143 11
143 165 11
144 145 11
145 168 12
145 146 9
146 169 10
146 147 5
147 148 7
149 170 12
149 150 12
150 171 11
150 151 9
151 152 6
152 172 7
153 173 8
155 176 11
156 177 7
156 157 6
157 178 6
157 158 12
158 179 7
158 159 10
159 160 7
160 180 7
160 161 5
161 162 8
162 181 10
162 163 11
163 182 8
163 164 5
164 183 10
164 165 12
165 184 9
166 185 11
166 167 5
167 186 6
168 169 6
169 187 12
170 189 10
170 171 6
171 190 5
173 192 5
173 174 11
174 193 9
175 195 11
176 197 9
177 178 6
178 198 10
178 179 11
179 199 7
181 201 11
181 182 9
182 202 9
182 183 8
183 184 6
184 203 6
185 205 11
185 186 8
186 206 12
187 208 5
188 210 12
189 211 9
189 190 8
190 212 6
191 192 11
192 193 9
193 215 7
193 194 7
194 216 5
194 195 12
195 196 7
196 197 7
197 217 5
198 219 7
198 199 5
199 220 5
200 201 9
201 222 8
201 202 12
203 224 11
203 204 6
204 225 9
204 205 6
205 226 8
205 206 11
206 207 6
207 227 11
208 209 8
209 229 11
209 210 9
211 231 11
211 212 11
212 232 8
212 213 11
213 214 6
214 233 10
215 235 11
215 216 7
216 236 11
217 238 8
218 219 9
219 239 10
219 220 12
220 240 9
221 241 10
222 243 5
223 224 10
224 245 5
224 225 12
225 246 5
225 226 5
227 248 10
227 228 11
228 249 5
229 250 12
230 252 5
230 231 11
231 253 7
231 232 11
233 254 12
234 235 12
235 236 10
236 256 9
236 237 11
237 257 11
238 259 7
239 261 5
239 240 11
240 262 11
241 264 6
241 242 7
242 265 6
242 243 6
243 266 10
243 244 5
244 267 11
245 246 11
247 269 6
247 248 11
248 249 11
249 270 7
250 272 11
250 251 6
251 273 10
251 252 8
252 253 9
254 274 10
254 255 12
255 275 5
256 257 8
257 278 10
257 258 12
258 279 9
258 259 10
260 261 9
261 262 8
262 263 9
263 264 5
264 280 12
264 265 6
265 266 6
266 267 11
267 281 5
267 268 6
268 282 10
269 284 12
270 286 12
270 271 7
271 272 6
272 273 11
273 287 7
274 291 8
274 275 11
275 292 6
275 276 8
276 293 5
276 277 11
277 294 5
278 296 11
278 279 7
279 297 6
281 282 11
283 303 10
284 305 6
284 285 5
285 306 5
285 286 5
287 309 5
287 288 12
288 310 7
289 290 5
290 291 11
291 292 10
292 293 7
293 312 5
293 294 11
294 313 9
294 295 9
295 314 10
295 296 11
296 315 12
296 297 5
297 316 7
297 298 5
298 317 6
299 319 6
299 300 9
301 321 6
302 324 12
302 303 5
303 325 11
303 304 7
304 305 10
305 326 7
305 306 8
306 327 11
307 328 10
307 308 8
308 309 7
309 329 7
309 310 12
310 330 5
310 311 9
312 313 11
313 334 5
313 314 9
314 315 11
315 335 10
315 316 11
316 336 5
316 317 5
318 338 8
318 319 8
320 321 12
321 340 8
322 341 11
322 323 11
323 324 5
324 342 8
324 325 11
325 343 6
326 345 10
326 327 5
327 346 5
329 349 5
329 330 7
331 352 6
331 332 9
332 353 8
332 333 10
334 355 7
335 357 10
335 336 10
337 358 11
337 338 10
338 359 8
339 361 7
340 363 10
341 364 5
342 343 11
343 344 8
344 366 8
344 345 6
345 367 5
345 346 9
346 368 9
346 347 12
348 369 5
348 349 7
350 370 10
350 351 9
351 371 8
351 352 7
352 372 8
352 353 7
354 373 6
354 355 7
355 374 7
355 356 11
356 375 12
356 357 11
357 376 9
358 378 8
358 359 7
359 360 11
360 379 12
360 361 11
361 380 7
361 362 7
362 381 8
362 363 11
364 383 9
364 365 5
366 385 12
366 367 12
367 368 5
368 386 7
369 389 6
370 371 7
371 372 6
372 392 8
373 395 7
373 374 10
374 396 8
374 375 11
375 397 5
375 376 10
377 398 10
378 399 12
379 380 9
380 400 7
380 381 12
381 401 7
382 403 10
382 383 5
384 406 7
384 385 10
385 407 5
386 409 11
386 387 7
387 410 10
387 388 5
388 411 5
388 389 7
389 412 5
389 390 8
390 391 11
392 413 5
392 393 9
393 414 7
393 394 10
394 395 12
395 415 7
395 396 5
396 416 9
396 397 11
398 419 10
399 420 10
400 423 8
400 401 9
401 424 7
401 402 5
402 425 5
402 403 8
403 426 7
404 428 6
404 405 8
405 429 11
405 406 6
406 430 8
406 407 8
407 408 7
408 431 8
408 409 9
409 432 11
409 410 6
410 411 7
411 433 5
411 412 10
413 436 6
413 414 10
414 437 6
415 416 10
417 440 7
417 418 11
418 419 9
419 441 7
420 442 5
420 421 5
421 443 6
421 422 6
422 423 10
423 424 6
424 444 11
424 425 7
425 445 8
425 426 5
426 427 11
427 428 6
428 446 11
428 429 7
429 430 5
430 447 7
431 449 8
431 432 12
432 450 10
433 451 5
434 453 12
435 455 12
436 437 7
437 456 7
437 438 9
438 457 8
439 459 12
439 440 6
440 460 9
441 462 7
442 443 5
444 463 7
444 445 8
445 464 9
447 448 10
448 449 10
449 450 12
450 467 6
451 469 7
451 452 8
452 470 7
452 453 5
453 471 6
453 454 7
454 455 10
455 472 12
456 474 9
456 457 8
457 475 7
457 458 7
459 476 11
459 460 9
460 477 7
460 461 7
461 462 5
462 478 9
463 482 8
463 464 11
464 465 10
465 466 11
467 486 5
467 468 8
468 487 5
468 469 12
469 488 6
469 470 7
470 471 11
472 490 7
472 473 6
473 491 9
474 475 8
475 493 12
476 477 9
478 497 7
479 498 6
480 500 10
480 481 10
481 482 7
483 502 6
483 484 6
484 503 11
485 505 11
486 507 7
486 487 5
487 508 12
487 488 10
489 490 5
490 511 7
490 491 5
491 512 7
491 492 10
493 513 5
493 494 5
494 514 12
494 495 10
495 515 5
496 518 10
496 497 7
497 519 11
498 499 10
499 500 7
500 520 6
501 523 7
501 502 11
502 524 11
502 503 5
503 525 10
503 504 12
504 526 7
504 505 9
505 506 12
506 507 7
507 508 8
508 527 5
509 529 7
509 510 11
510 530 6
511 532 11
511 512 11
512 533 9
513 514 11
514 536 12
514 515 9
515 516 11
516 517 11
517 537 12
517 518 6
518 519 10
519 538 12
520 540 10
521 542 5
522 543 12
522 523 7
523 544 8
523 524 6
524 545 5
524 525 5
525 546 10
525 526 5
527 550 8
527 528 10
528 551 5
528 529 6
529 552 10
529 530 12
530 553 6
530 531 8
531 532 8
532 533 10
533 554 7
533 534 9
534 535 12
535 555 11
536 556 5
538 559 8
539 561 8
539 540 7
540 562 8
540 541 10
541 542 8
542 563 10
543 564 5
543 544 8
544 565 11
544 545 12
545 546 7
546 566 8
547 548 7
548 568 11
548 549 7
549 550 12
550 551 6
551 569 12
551 552 10
552 570 12
552 553 5
554 573 6
556 575 9
557 577 6
558 579 6
558 559 5
560 561 11
561 580 7
561 562 12
562 581 5
563 582 5
564 565 9
566 584 6
566 567 6
567 585 10
569 587 11
569 570 10
570 588 7
571 589 6
571 572 8
572 590 6
572 573 8
573 591 10
573 574 5
575 594 11
575 576 9
576 595 7
576 577 12
577 596 5
577 578 5
578 597 12
578 579 10
579 598 6
580 581 6
582 583 6
584 585 5
586 587 9
587 588 5
589 590 11
590 591 11
592 593 11
593 594 8
594 595 10
595 596 9
596 597 12
597 598 9
598 599 8
10 0.05 0.05 0.05
