600
0 -1.0 -1.0 8.0 102.0 41.0
1 -1.0 -1.0 19.0 336.0 39.0
2 -1.0 -1.0 5.0 27.0 87.0
3 -1.0 -1.0 15.0 279.0 73.0
4 -1.0 -1.0 17.0 44.0 69.0
5 -1.0 -1.0 19.0 152.0 39.0
6 -1.0 -1.0 19.0 209.0 91.0
7 -1.0 -1.0 8.0 41.0 47.0
8 -1.0 -1.0 20.0 329.0 57.0
9 -1.0 -1.0 4.0 225.0 50.0
10 -1.0 -1.0 10.0 114.0 18.0
11 -1.0 -1.0 15.0 305.0 89.0
12 -1.0 -1.0 6.0 380.0 62.0
13 -1.0 -1.0 20.0 84.0 23.0
14 -1.0 -1.0 20.0 180.0 23.0
15 -1.0 -1.0 9.0 149.0 86.0
16 -1.0 -1.0 14.0 371.0 54.0
17 -1.0 -1.0 5.0 213.0 52.0
18 -1.0 -1.0 6.0 315.0 75.0
19 -1.0 -1.0 11.0 130.0 43.0
20 -1.0 -1.0 17.0 103.0 65.0
21 -1.0 -1.0 14.0 228.0 75.0
22 -1.0 -1.0 10.0 161.0 29.0
23 -1.0 -1.0 8.0 311.0 69.0
24 -1.0 -1.0 4.0 287.0 85.0
25 -1.0 -1.0 17.0 292.0 23.0
26 -1.0 -1.0 15.0 214.0 26.0
27 -1.0 -1.0 18.0 290.0 59.0
28 -1.0 -1.0 19.0 386.0 70.0
29 -1.0 -1.0 8.0 99.0 36.0
30 -1.0 -1.0 18.0 128.0 50.0
31 -1.0 -1.0 17.0 119.0 30.0
32 -1.0 -1.0 13.0 155.0 31.0
33 -1.0 -1.0 19.0 48.0 60.0
34 -1.0 -1.0 7.0 323.0 61.0
35 -1.0 -1.0 9.0 80.0 100.0
36 -1.0 -1.0 15.0 142.0 58.0
37 -1.0 -1.0 11.0 366.0 44.0
38 -1.0 -1.0 8.0 143.0 47.0
39 -1.0 -1.0 9.0 262.0 40.0
40 -1.0 -1.0 18.0 113.0 66.0
41 -1.0 -1.0 6.0 348.0 30.0
42 -1.0 -1.0 11.0 89.0 21.0
43 -1.0 -1.0 6.0 181.0 81.0
44 -1.0 -1.0 6.0 137.0 70.0
45 -1.0 -1.0 18.0 289.0 95.0
46 -1.0 -1.0 20.0 213.0 100.0
47 -1.0 -1.0 10.0 71.0 68.0
48 -1.0 -1.0 20.0 330.0 67.0
49 -1.0 -1.0 15.0 145.0 88.0
50 -1.0 -1.0 8.0 148.0 15.0
51 -1.0 -1.0 12.0 356.0 78.0
52 -1.0 -1.0 13.0 331.0 74.0
53 -1.0 -1.0 5.0 99.0 66.0
54 -1.0 -1.0 4.0 174.0 64.0
55 -1.0 -1.0 10.0 266.0 18.0
56 -1.0 -1.0 19.0 317.0 26.0
57 -1.0 -1.0 7.0 356.0 31.0
58 -1.0 -1.0 18.0 186.0 76.0
59 -1.0 -1.0 20.0 25.0 69.0
60 -1.0 -1.0 20.0 90.0 60.0
61 -1.0 -1.0 16.0 395.0 20.0
62 -1.0 -1.0 10.0 87.0 26.0
63 -1.0 -1.0 10.0 261.0 21.0
64 -1.0 -1.0 14.0 47.0 35.0
65 -1.0 -1.0 12.0 279.0 81.0
66 -1.0 -1.0 20.0 209.0 17.0
67 -1.0 -1.0 19.0 306.0 82.0
68 -1.0 -1.0 10.0 350.0 17.0
69 -1.0 -1.0 5.0 15.0 46.0
70 -1.0 -1.0 7.0 272.0 36.0
71 -1.0 -1.0 8.0 378.0 100.0
72 -1.0 -1.0 14.0 114.0 18.0
73 -1.0 -1.0 17.0 161.0 62.0
74 -1.0 -1.0 7.0 231.0 74.0
75 -1.0 -1.0 7.0 55.0 51.0
76 -1.0 -1.0 7.0 178.0 28.0
77 -1.0 -1.0 15.0 41.0 50.0
78 -1.0 -1.0 9.0 33.0 57.0
79 -1.0 -1.0 4.0 374.0 16.0
80 -1.0 -1.0 18.0 187.0 29.0
81 -1.0 -1.0 16.0 38.0 78.0
82 -1.0 -1.0 7.0 31.0 18.0
83 -1.0 -1.0 14.0 370.0 77.0
84 -1.0 -1.0 5.0 371.0 35.0
85 -1.0 -1.0 14.0 124.0 27.0
86 -1.0 -1.0 6.0 281.0 53.0
87 -1.0 -1.0 12.0 319.0 61.0
88 -1.0 -1.0 14.0 80.0 49.0
89 -1.0 -1.0 5.0 124.0 88.0
90 -1.0 -1.0 6.0 84.0 24.0
91 -1.0 -1.0 12.0 292.0 78.0
92 -1.0 -1.0 16.0 97.0 82.0
93 -1.0 -1.0 7.0 34.0 86.0
94 -1.0 -1.0 12.0 393.0 63.0
95 -1.0 -1.0 18.0 236.0 44.0
96 -1.0 -1.0 9.0 141.0 54.0
97 -1.0 -1.0 9.0 59.0 19.0
98 -1.0 -1.0 13.0 42.0 49.0
99 -1.0 -1.0 10.0 103.0 53.0
100 -1.0 -1.0 7.0 306.0 51.0
101 -1.0 -1.0 19.0 203.0 99.0
102 -1.0 -1.0 11.0 130.0 51.0
103 -1.0 -1.0 18.0 375.0 94.0
104 -1.0 -1.0 5.0 167.0 97.0
105 -1.0 -1.0 7.0 49.0 60.0
106 -1.0 -1.0 12.0 62.0 85.0
107 -1.0 -1.0 10.0 185.0 41.0
108 -1.0 -1.0 8.0 307.0 34.0
109 -1.0 -1.0 13.0 223.0 92.0
110 -1.0 -1.0 18.0 378.0 26.0
111 -1.0 -1.0 14.0 206.0 67.0
112 -1.0 -1.0 20.0 18.0 24.0
113 -1.0 -1.0 18.0 379.0 29.0
114 -1.0 -1.0 11.0 308.0 53.0
115 -1.0 -1.0 7.0 27.0 82.0
116 -1.0 -1.0 8.0 165.0 15.0
117 -1.0 -1.0 5.0 46.0 38.0
118 -1.0 -1.0 11.0 340.0 58.0
119 -1.0 -1.0 15.0 348.0 47.0
120 -1.0 -1.0 11.0 148.0 94.0
121 -1.0 -1.0 6.0 279.0 55.0
122 -1.0 -1.0 14.0 41.0 33.0
123 -1.0 -1.0 18.0 303.0 34.0
124 -1.0 -1.0 18.0 26.0 79.0
125 -1.0 -1.0 12.0 75.0 59.0
126 -1.0 -1.0 11.0 327.0 75.0
127 -1.0 -1.0 9.0 176.0 96.0
128 -1.0 -1.0 10.0 122.0 69.0
129 -1.0 -1.0 12.0 370.0 46.0
130 -1.0 -1.0 16.0 152.0 100.0
131 -1.0 -1.0 9.0 157.0 46.0
132 -1.0 -1.0 17.0 190.0 99.0
133 -1.0 -1.0 6.0 19.0 80.0
134 -1.0 -1.0 4.0 306.0 34.0
135 -1.0 -1.0 9.0 289.0 65.0
136 -1.0 -1.0 6.0 363.0 41.0
137 -1.0 -1.0 5.0 262.0 34.0
138 -1.0 -1.0 8.0 19.0 65.0
139 -1.0 -1.0 7.0 21.0 40.0
140 -1.0 -1.0 6.0 350.0 69.0
141 -1.0 -1.0 6.0 329.0 23.0
142 -1.0 -1.0 5.0 299.0 20.0
143 -1.0 -1.0 9.0 112.0 55.0
144 -1.0 -1.0 20.0 278.0 24.0
145 -1.0 -1.0 6.0 86.0 100.0
146 -1.0 -1.0 16.0 201.0 74.0
147 -1.0 -1.0 11.0 390.0 78.0
148 -1.0 -1.0 13.0 61.0 37.0
149 -1.0 -1.0 11.0 196.0 92.0
150 -1.0 -1.0 4.0 190.0 57.0
151 -1.0 -1.0 5.0 135.0 19.0
152 -1.0 -1.0 19.0 21.0 69.0
153 -1.0 -1.0 20.0 93.0 38.0
154 -1.0 -1.0 13.0 262.0 89.0
155 -1.0 -1.0 8.0 259.0 33.0
156 -1.0 -1.0 9.0 334.0 67.0
157 -1.0 -1.0 20.0 391.0 97.0
158 -1.0 -1.0 17.0 301.0 51.0
159 -1.0 -1.0 14.0 39.0 100.0
160 -1.0 -1.0 17.0 86.0 68.0
161 -1.0 -1.0 14.0 334.0 27.0
162 -1.0 -1.0 17.0 141.0 53.0
163 -1.0 -1.0 11.0 347.0 34.0
164 -1.0 -1.0 4.0 66.0 29.0
165 -1.0 -1.0 5.0 31.0 99.0
166 -1.0 -1.0 14.0 393.0 54.0
167 -1.0 -1.0 19.0 130.0 59.0
168 -1.0 -1.0 15.0 390.0 41.0
169 -1.0 -1.0 19.0 113.0 17.0
170 -1.0 -1.0 11.0 304.0 34.0
171 -1.0 -1.0 14.0 326.0 70.0
172 -1.0 -1.0 16.0 153.0 80.0
173 -1.0 -1.0 6.0 287.0 76.0
174 -1.0 -1.0 18.0 331.0 19.0
175 -1.0 -1.0 9.0 295.0 72.0
176 -1.0 -1.0 11.0 39.0 84.0
177 -1.0 -1.0 12.0 375.0 76.0
178 -1.0 -1.0 4.0 361.0 97.0
179 -1.0 -1.0 14.0 355.0 83.0
180 -1.0 -1.0 19.0 266.0 95.0
181 -1.0 -1.0 17.0 122.0 36.0
182 -1.0 -1.0 9.0 52.0 76.0
183 -1.0 -1.0 17.0 207.0 41.0
184 -1.0 -1.0 13.0 328.0 42.0
185 -1.0 -1.0 20.0 116.0 26.0
186 -1.0 -1.0 10.0 15.0 44.0
187 -1.0 -1.0 17.0 67.0 85.0
188 -1.0 -1.0 12.0 228.0 27.0
189 -1.0 -1.0 12.0 19.0 65.0
190 -1.0 -1.0 16.0 371.0 65.0
191 -1.0 -1.0 7.0 357.0 21.0
192 -1.0 -1.0 5.0 58.0 95.0
193 -1.0 -1.0 19.0 187.0 79.0
194 -1.0 -1.0 14.0 61.0 96.0
195 -1.0 -1.0 20.0 261.0 55.0
196 -1.0 -1.0 10.0 231.0 79.0
197 -1.0 -1.0 12.0 117.0 61.0
198 -1.0 -1.0 7.0 289.0 45.0
199 -1.0 -1.0 5.0 178.0 31.0
200 -1.0 -1.0 19.0 267.0 42.0
201 -1.0 -1.0 8.0 106.0 89.0
202 -1.0 -1.0 18.0 52.0 76.0
203 -1.0 -1.0 6.0 151.0 22.0
204 -1.0 -1.0 10.0 137.0 93.0
205 -1.0 -1.0 16.0 168.0 44.0
206 -1.0 -1.0 4.0 323.0 16.0
207 -1.0 -1.0 20.0 317.0 99.0
208 -1.0 -1.0 16.0 356.0 91.0
209 -1.0 -1.0 17.0 59.0 85.0
210 -1.0 -1.0 7.0 208.0 42.0
211 -1.0 -1.0 16.0 93.0 64.0
212 -1.0 -1.0 7.0 381.0 97.0
213 -1.0 -1.0 20.0 357.0 34.0
214 -1.0 -1.0 20.0 199.0 23.0
215 -1.0 -1.0 13.0 53.0 60.0
216 -1.0 -1.0 7.0 310.0 89.0
217 -1.0 -1.0 15.0 236.0 30.0
218 -1.0 -1.0 19.0 144.0 44.0
219 -1.0 -1.0 6.0 158.0 32.0
220 -1.0 -1.0 7.0 114.0 98.0
221 -1.0 -1.0 18.0 160.0 45.0
222 -1.0 -1.0 16.0 138.0 83.0
223 -1.0 -1.0 10.0 123.0 80.0
224 -1.0 -1.0 20.0 241.0 51.0
225 -1.0 -1.0 14.0 387.0 98.0
226 -1.0 -1.0 13.0 31.0 37.0
227 -1.0 -1.0 15.0 125.0 23.0
228 -1.0 -1.0 19.0 56.0 88.0
229 -1.0 -1.0 7.0 112.0 55.0
230 -1.0 -1.0 20.0 343.0 100.0
231 -1.0 -1.0 10.0 379.0 50.0
232 -1.0 -1.0 19.0 381.0 45.0
233 -1.0 -1.0 13.0 97.0 33.0
234 -1.0 -1.0 5.0 314.0 72.0
235 -1.0 -1.0 17.0 85.0 59.0
236 -1.0 -1.0 17.0 263.0 85.0
237 -1.0 -1.0 16.0 356.0 66.0
238 -1.0 -1.0 5.0 220.0 93.0
239 -1.0 -1.0 11.0 192.0 64.0
240 -1.0 -1.0 20.0 360.0 64.0
241 -1.0 -1.0 5.0 217.0 84.0
242 -1.0 -1.0 11.0 181.0 15.0
243 -1.0 -1.0 9.0 199.0 38.0
244 -1.0 -1.0 20.0 244.0 54.0
245 -1.0 -1.0 15.0 66.0 54.0
246 -1.0 -1.0 15.0 375.0 36.0
247 -1.0 -1.0 16.0 121.0 24.0
248 -1.0 -1.0 5.0 138.0 64.0
249 -1.0 -1.0 4.0 270.0 16.0
250 -1.0 -1.0 7.0 236.0 32.0
251 -1.0 -1.0 15.0 274.0 99.0
252 -1.0 -1.0 8.0 374.0 60.0
253 -1.0 -1.0 6.0 392.0 61.0
254 -1.0 -1.0 6.0 381.0 51.0
255 -1.0 -1.0 16.0 296.0 60.0
256 -1.0 -1.0 16.0 283.0 38.0
257 -1.0 -1.0 10.0 290.0 43.0
258 -1.0 -1.0 4.0 215.0 40.0
259 -1.0 -1.0 20.0 282.0 45.0
260 -1.0 -1.0 16.0 64.0 87.0
261 -1.0 -1.0 13.0 230.0 93.0
262 -1.0 -1.0 18.0 75.0 97.0
263 -1.0 -1.0 6.0 282.0 46.0
264 -1.0 -1.0 13.0 209.0 37.0
265 -1.0 -1.0 15.0 240.0 50.0
266 -1.0 -1.0 8.0 57.0 84.0
267 -1.0 -1.0 10.0 145.0 15.0
268 -1.0 -1.0 14.0 395.0 19.0
269 -1.0 -1.0 14.0 238.0 28.0
270 -1.0 -1.0 13.0 376.0 85.0
271 -1.0 -1.0 15.0 247.0 83.0
272 -1.0 -1.0 9.0 348.0 91.0
273 -1.0 -1.0 18.0 186.0 60.0
274 -1.0 -1.0 14.0 248.0 99.0
275 -1.0 -1.0 7.0 116.0 44.0
276 -1.0 -1.0 5.0 26.0 52.0
277 -1.0 -1.0 12.0 359.0 28.0
278 -1.0 -1.0 9.0 324.0 27.0
279 -1.0 -1.0 6.0 209.0 63.0
280 -1.0 -1.0 10.0 273.0 63.0
281 -1.0 -1.0 17.0 214.0 86.0
282 -1.0 -1.0 15.0 344.0 55.0
283 -1.0 -1.0 8.0 213.0 57.0
284 -1.0 -1.0 20.0 364.0 95.0
285 -1.0 -1.0 4.0 318.0 51.0
286 -1.0 -1.0 4.0 160.0 95.0
287 -1.0 -1.0 13.0 221.0 31.0
288 -1.0 -1.0 12.0 166.0 80.0
289 -1.0 -1.0 15.0 351.0 63.0
290 -1.0 -1.0 10.0 128.0 18.0
291 -1.0 -1.0 7.0 65.0 65.0
292 -1.0 -1.0 7.0 374.0 77.0
293 -1.0 -1.0 15.0 212.0 46.0
294 -1.0 -1.0 14.0 352.0 47.0
295 -1.0 -1.0 12.0 103.0 49.0
296 -1.0 -1.0 13.0 212.0 76.0
297 -1.0 -1.0 6.0 63.0 39.0
298 -1.0 -1.0 10.0 43.0 35.0
299 -1.0 -1.0 20.0 188.0 64.0
300 -1.0 -1.0 11.0 226.0 93.0
301 -1.0 -1.0 11.0 192.0 17.0
302 -1.0 -1.0 12.0 154.0 58.0
303 -1.0 -1.0 20.0 184.0 59.0
304 -1.0 -1.0 14.0 39.0 88.0
305 -1.0 -1.0 6.0 371.0 43.0
306 -1.0 -1.0 6.0 74.0 74.0
307 -1.0 -1.0 16.0 154.0 84.0
308 -1.0 -1.0 19.0 53.0 91.0
309 -1.0 -1.0 12.0 246.0 53.0
310 -1.0 -1.0 5.0 233.0 82.0
311 -1.0 -1.0 14.0 373.0 95.0
312 -1.0 -1.0 8.0 362.0 61.0
313 -1.0 -1.0 16.0 268.0 37.0
314 -1.0 -1.0 13.0 147.0 84.0
315 -1.0 -1.0 9.0 121.0 16.0
316 -1.0 -1.0 11.0 100.0 31.0
317 -1.0 -1.0 20.0 331.0 19.0
318 -1.0 -1.0 11.0 375.0 78.0
319 -1.0 -1.0 8.0 352.0 25.0
320 -1.0 -1.0 17.0 394.0 29.0
321 -1.0 -1.0 13.0 297.0 99.0
322 -1.0 -1.0 4.0 49.0 76.0
323 -1.0 -1.0 15.0 210.0 17.0
324 -1.0 -1.0 14.0 346.0 54.0
325 -1.0 -1.0 20.0 17.0 82.0
326 -1.0 -1.0 9.0 185.0 70.0
327 -1.0 -1.0 12.0 258.0 95.0
328 -1.0 -1.0 5.0 349.0 58.0
329 -1.0 -1.0 11.0 29.0 100.0
330 -1.0 -1.0 14.0 244.0 74.0
331 -1.0 -1.0 20.0 397.0 64.0
332 -1.0 -1.0 8.0 142.0 49.0
333 -1.0 -1.0 4.0 388.0 68.0
334 -1.0 -1.0 15.0 190.0 46.0
335 -1.0 -1.0 6.0 373.0 25.0
336 -1.0 -1.0 20.0 277.0 91.0
337 -1.0 -1.0 17.0 135.0 69.0
338 -1.0 -1.0 15.0 120.0 70.0
339 -1.0 -1.0 14.0 114.0 97.0
340 -1.0 -1.0 4.0 28.0 61.0
341 -1.0 -1.0 18.0 185.0 34.0
342 -1.0 -1.0 7.0 223.0 31.0
343 -1.0 -1.0 15.0 374.0 20.0
344 -1.0 -1.0 5.0 63.0 50.0
345 -1.0 -1.0 13.0 252.0 100.0
346 -1.0 -1.0 4.0 199.0 94.0
347 -1.0 -1.0 19.0 280.0 17.0
348 -1.0 -1.0 9.0 89.0 91.0
349 -1.0 -1.0 20.0 235.0 16.0
350 -1.0 -1.0 6.0 106.0 85.0
351 -1.0 -1.0 6.0 261.0 77.0
352 -1.0 -1.0 4.0 330.0 86.0
353 -1.0 -1.0 19.0 210.0 28.0
354 -1.0 -1.0 16.0 325.0 28.0
355 -1.0 -1.0 4.0 32.0 15.0
356 -1.0 -1.0 12.0 268.0 72.0
357 -1.0 -1.0 12.0 225.0 19.0
358 -1.0 -1.0 9.0 273.0 55.0
359 -1.0 -1.0 20.0 77.0 33.0
360 -1.0 -1.0 8.0 284.0 19.0
361 -1.0 -1.0 17.0 64.0 85.0
362 -1.0 -1.0 11.0 229.0 15.0
363 -1.0 -1.0 15.0 85.0 84.0
364 -1.0 -1.0 16.0 349.0 66.0
365 -1.0 -1.0 11.0 258.0 83.0
366 -1.0 -1.0 10.0 323.0 78.0
367 -1.0 -1.0 10.0 303.0 35.0
368 -1.0 -1.0 8.0 262.0 70.0
369 -1.0 -1.0 9.0 256.0 71.0
370 -1.0 -1.0 12.0 235.0 85.0
371 -1.0 -1.0 14.0 161.0 62.0
372 -1.0 -1.0 4.0 214.0 65.0
373 -1.0 -1.0 20.0 83.0 76.0
374 -1.0 -1.0 7.0 291.0 27.0
375 -1.0 -1.0 5.0 310.0 41.0
376 -1.0 -1.0 18.0 114.0 62.0
377 -1.0 -1.0 15.0 326.0 50.0
378 -1.0 -1.0 16.0 75.0 97.0
379 -1.0 -1.0 20.0 268.0 81.0
380 -1.0 -1.0 5.0 343.0 31.0
381 -1.0 -1.0 7.0 191.0 28.0
382 -1.0 -1.0 4.0 57.0 77.0
383 -1.0 -1.0 20.0 158.0 99.0
384 -1.0 -1.0 16.0 71.0 90.0
385 -1.0 -1.0 4.0 206.0 59.0
386 -1.0 -1.0 20.0 124.0 71.0
387 -1.0 -1.0 20.0 156.0 55.0
388 -1.0 -1.0 7.0 342.0 80.0
389 -1.0 -1.0 6.0 346.0 83.0
390 -1.0 -1.0 15.0 349.0 68.0
391 -1.0 -1.0 6.0 279.0 72.0
392 -1.0 -1.0 19.0 389.0 72.0
393 -1.0 -1.0 16.0 107.0 31.0
394 -1.0 -1.0 5.0 29.0 76.0
395 -1.0 -1.0 16.0 360.0 26.0
396 -1.0 -1.0 11.0 69.0 69.0
397 -1.0 -1.0 5.0 275.0 84.0
398 -1.0 -1.0 7.0 54.0 59.0
399 -1.0 -1.0 13.0 200.0 73.0
400 -1.0 -1.0 14.0 375.0 56.0
401 -1.0 -1.0 13.0 263.0 79.0
402 -1.0 -1.0 9.0 156.0 91.0
403 -1.0 -1.0 8.0 186.0 62.0
404 -1.0 -1.0 16.0 105.0 51.0
405 -1.0 -1.0 16.0 252.0 61.0
406 -1.0 -1.0 6.0 365.0 34.0
407 -1.0 -1.0 16.0 225.0 64.0
408 -1.0 -1.0 13.0 250.0 20.0
409 -1.0 -1.0 20.0 330.0 57.0
410 -1.0 -1.0 6.0 104.0 20.0
411 -1.0 -1.0 14.0 140.0 34.0
412 -1.0 -1.0 16.0 138.0 47.0
413 -1.0 -1.0 7.0 259.0 21.0
414 -1.0 -1.0 19.0 90.0 93.0
415 -1.0 -1.0 10.0 74.0 47.0
416 -1.0 -1.0 14.0 168.0 56.0
417 -1.0 -1.0 16.0 382.0 26.0
418 -1.0 -1.0 16.0 52.0 63.0
419 -1.0 -1.0 15.0 20.0 29.0
420 -1.0 -1.0 9.0 329.0 83.0
421 -1.0 -1.0 12.0 165.0 47.0
422 -1.0 -1.0 10.0 142.0 96.0
423 -1.0 -1.0 20.0 293.0 41.0
424 -1.0 -1.0 19.0 182.0 64.0
425 -1.0 -1.0 11.0 306.0 36.0
426 -1.0 -1.0 8.0 108.0 34.0
427 -1.0 -1.0 9.0 400.0 31.0
428 -1.0 -1.0 12.0 240.0 67.0
429 -1.0 -1.0 4.0 90.0 84.0
430 -1.0 -1.0 16.0 145.0 64.0
431 -1.0 -1.0 11.0 114.0 71.0
432 -1.0 -1.0 17.0 308.0 65.0
433 -1.0 -1.0 4.0 362.0 93.0
434 -1.0 -1.0 8.0 122.0 80.0
435 -1.0 -1.0 10.0 158.0 87.0
436 -1.0 -1.0 10.0 63.0 75.0
437 -1.0 -1.0 17.0 112.0 28.0
438 -1.0 -1.0 14.0 82.0 49.0
439 -1.0 -1.0 17.0 175.0 59.0
440 -1.0 -1.0 18.0 186.0 44.0
441 -1.0 -1.0 13.0 179.0 92.0
442 -1.0 -1.0 12.0 352.0 76.0
443 -1.0 -1.0 7.0 235.0 24.0
444 -1.0 -1.0 5.0 375.0 54.0
445 -1.0 -1.0 10.0 295.0 78.0
446 -1.0 -1.0 6.0 372.0 92.0
447 -1.0 -1.0 9.0 148.0 16.0
448 -1.0 -1.0 14.0 260.0 55.0
449 -1.0 -1.0 10.0 216.0 99.0
450 -1.0 -1.0 7.0 16.0 88.0
451 -1.0 -1.0 18.0 157.0 61.0
452 -1.0 -1.0 10.0 204.0 67.0
453 -1.0 -1.0 8.0 400.0 21.0
454 -1.0 -1.0 5.0 92.0 55.0
455 -1.0 -1.0 20.0 54.0 79.0
456 -1.0 -1.0 17.0 342.0 83.0
457 -1.0 -1.0 17.0 257.0 93.0
458 -1.0 -1.0 17.0 264.0 16.0
459 -1.0 -1.0 16.0 236.0 55.0
460 -1.0 -1.0 6.0 269.0 97.0
461 -1.0 -1.0 12.0 240.0 90.0
462 -1.0 -1.0 10.0 120.0 45.0
463 -1.0 -1.0 12.0 257.0 24.0
464 -1.0 -1.0 16.0 361.0 55.0
465 -1.0 -1.0 7.0 111.0 38.0
466 -1.0 -1.0 4.0 208.0 99.0
467 -1.0 -1.0 8.0 247.0 73.0
468 -1.0 -1.0 13.0 288.0 18.0
469 -1.0 -1.0 9.0 160.0 68.0
470 -1.0 -1.0 16.0 18.0 73.0
471 -1.0 -1.0 12.0 293.0 80.0
472 -1.0 -1.0 17.0 326.0 76.0
473 -1.0 -1.0 17.0 86.0 37.0
474 -1.0 -1.0 11.0 288.0 69.0
475 -1.0 -1.0 20.0 167.0 100.0
476 -1.0 -1.0 18.0 72.0 31.0
477 -1.0 -1.0 18.0 135.0 59.0
478 -1.0 -1.0 19.0 122.0 19.0
479 -1.0 -1.0 7.0 378.0 32.0
480 -1.0 -1.0 12.0 98.0 71.0
481 -1.0 -1.0 8.0 169.0 78.0
482 -1.0 -1.0 11.0 276.0 31.0
483 -1.0 -1.0 12.0 221.0 33.0
484 -1.0 -1.0 12.0 24.0 70.0
485 -1.0 -1.0 17.0 129.0 44.0
486 -1.0 -1.0 18.0 197.0 76.0
487 -1.0 -1.0 7.0 67.0 37.0
488 -1.0 -1.0 4.0 256.0 41.0
489 -1.0 -1.0 16.0 395.0 46.0
490 -1.0 -1.0 8.0 80.0 36.0
491 -1.0 -1.0 15.0 139.0 25.0
492 -1.0 -1.0 14.0 100.0 65.0
493 -1.0 -1.0 11.0 311.0 28.0
494 -1.0 -1.0 4.0 200.0 44.0
495 -1.0 -1.0 15.0 33.0 83.0
496 -1.0 -1.0 6.0 180.0 51.0
497 -1.0 -1.0 13.0 17.0 100.0
498 -1.0 -1.0 19.0 229.0 20.0
499 -1.0 -1.0 15.0 281.0 20.0
500 -1.0 -1.0 18.0 369.0 77.0
501 -1.0 -1.0 10.0 343.0 92.0
502 -1.0 -1.0 10.0 320.0 100.0
503 -1.0 -1.0 20.0 161.0 58.0
504 -1.0 -1.0 15.0 136.0 84.0
505 -1.0 -1.0 12.0 24.0 21.0
506 -1.0 -1.0 4.0 293.0 50.0
507 -1.0 -1.0 14.0 253.0 43.0
508 -1.0 -1.0 14.0 228.0 59.0
509 -1.0 -1.0 14.0 223.0 45.0
510 -1.0 -1.0 16.0 306.0 78.0
511 -1.0 -1.0 20.0 46.0 18.0
512 -1.0 -1.0 6.0 74.0 97.0
513 -1.0 -1.0 15.0 334.0 62.0
514 -1.0 -1.0 13.0 348.0 94.0
515 -1.0 -1.0 11.0 170.0 87.0
516 -1.0 -1.0 20.0 39.0 29.0
517 -1.0 -1.0 4.0 266.0 99.0
518 -1.0 -1.0 16.0 258.0 92.0
519 -1.0 -1.0 5.0 74.0 23.0
520 -1.0 -1.0 15.0 49.0 59.0
521 -1.0 -1.0 14.0 231.0 47.0
522 -1.0 -1.0 15.0 195.0 88.0
523 -1.0 -1.0 4.0 139.0 42.0
524 -1.0 -1.0 17.0 302.0 15.0
525 -1.0 -1.0 17.0 131.0 98.0
526 -1.0 -1.0 11.0 61.0 71.0
527 -1.0 -1.0 7.0 243.0 94.0
528 -1.0 -1.0 17.0 188.0 73.0
529 -1.0 -1.0 13.0 374.0 35.0
530 -1.0 -1.0 9.0 105.0 21.0
531 -1.0 -1.0 16.0 21.0 94.0
532 -1.0 -1.0 20.0 194.0 15.0
533 -1.0 -1.0 6.0 69.0 23.0
534 -1.0 -1.0 19.0 397.0 75.0
535 -1.0 -1.0 12.0 366.0 53.0
536 -1.0 -1.0 12.0 224.0 34.0
537 -1.0 -1.0 8.0 196.0 17.0
538 -1.0 -1.0 19.0 297.0 94.0
539 -1.0 -1.0 8.0 258.0 61.0
540 -1.0 -1.0 10.0 325.0 51.0
541 -1.0 -1.0 19.0 44.0 53.0
542 -1.0 -1.0 18.0 97.0 53.0
543 -1.0 -1.0 16.0 381.0 33.0
544 -1.0 -1.0 4.0 183.0 72.0
545 -1.0 -1.0 17.0 148.0 77.0
546 -1.0 -1.0 14.0 233.0 43.0
547 -1.0 -1.0 15.0 365.0 46.0
548 -1.0 -1.0 15.0 332.0 50.0
549 -1.0 -1.0 11.0 104.0 22.0
550 -1.0 -1.0 11.0 202.0 93.0
551 -1.0 -1.0 10.0 267.0 24.0
552 -1.0 -1.0 20.0 118.0 57.0
553 -1.0 -1.0 5.0 375.0 20.0
554 -1.0 -1.0 6.0 339.0 66.0
555 -1.0 -1.0 18.0 352.0 74.0
556 -1.0 -1.0 10.0 368.0 53.0
557 -1.0 -1.0 13.0 36.0 83.0
558 -1.0 -1.0 17.0 144.0 86.0
559 -1.0 -1.0 8.0 180.0 26.0
560 -1.0 -1.0 19.0 89.0 99.0
561 -1.0 -1.0 17.0 82.0 36.0
562 -1.0 -1.0 6.0 187.0 87.0
563 -1.0 -1.0 5.0 350.0 95.0
564 -1.0 -1.0 4.0 55.0 90.0
565 -1.0 -1.0 16.0 62.0 61.0
566 -1.0 -1.0 6.0 132.0 67.0
567 -1.0 -1.0 11.0 246.0 54.0
568 -1.0 -1.0 5.0 378.0 49.0
569 -1.0 -1.0 14.0 279.0 91.0
570 -1.0 -1.0 14.0 37.0 40.0
571 -1.0 -1.0 9.0 109.0 33.0
572 -1.0 -1.0 9.0 197.0 92.0
573 -1.0 -1.0 13.0 340.0 66.0
574 -1.0 -1.0 6.0 273.0 28.0
575 -1.0 -1.0 9.0 245.0 92.0
576 -1.0 -1.0 16.0 349.0 19.0
577 -1.0 -1.0 20.0 238.0 72.0
578 -1.0 -1.0 4.0 341.0 57.0
579 -1.0 -1.0 7.0 141.0 34.0
580 -1.0 -1.0 17.0 280.0 22.0
581 -1.0 -1.0 19.0 325.0 39.0
582 -1.0 -1.0 16.0 253.0 59.0
583 -1.0 -1.0 19.0 253.0 75.0
584 -1.0 -1.0 17.0 333.0 57.0
585 -1.0 -1.0 5.0 378.0 52.0
586 -1.0 -1.0 18.0 209.0 58.0
587 -1.0 -1.0 20.0 307.0 61.0
588 -1.0 -1.0 16.0 205.0 43.0
589 -1.0 -1.0 5.0 323.0 56.0
590 -1.0 -1.0 11.0 195.0 89.0
591 -1.0 -1.0 11.0 107.0 36.0
592 -1.0 -1.0 9.0 29.0 73.0
593 -1.0 -1.0 7.0 343.0 50.0
594 -1.0 -1.0 13.0 295.0 77.0
595 -1.0 -1.0 13.0 375.0 33.0
596 -1.0 -1.0 17.0 187.0 35.0
597 -1.0 -1.0 15.0 215.0 71.0
598 -1.0 -1.0 6.0 177.0 52.0
599 -1.0 -1.0 5.0 321.0 45.0
766
0 23 9
0 1 12
1 24 6
1 2 7
2 25 9
3 28 6
4 31 6
4 5 10
5 6 11
6 32 12
6 7 8
7 8 6
8 33 12
8 9 7
9 10 7
10 34 6
11 37 5
11 12 5
12 38 9
12 13 11
13 39 12
13 14 10
14 40 12
14 15 10
15 16 11
16 41 10
17 43 5
17 18 9
18 44 8
18 19 12
19 45 7
19 20 9
21 22 6
22 46 6
22 23 9
23 47 5
23 24 6
24 25 10
25 48 5
25 26 8
26 27 5
27 28 7
28 49 11
28 29 12
29 30 5
30 31 6
31 50 12
33 53 8
34 54 9
34 35 12
35 55 6
35 36 9
36 56 7
36 37 5
37 57 7
37 38 9
38 58 12
38 39 8
39 59 5
39 40 6
41 42 12
42 61 10
42 43 8
43 62 12
43 44 12
44 45 11
45 63 5
46 66 8
46 47 5
47 67 8
50 72 11
50 51 11
51 73 11
52 53 12
54 76 11
54 55 10
55 77 5
55 56 5
56 78 11
56 57 9
57 79 11
57 58 5
58 59 6
59 80 8
60 82 9
61 83 7
61 62 12
63 64 8
65 66 7
66 85 6
66 67 11
67 86 10
67 68 6
69 89 7
70 91 9
70 71 6
71 92 7
71 72 10
72 93 7
72 73 6
73 74 5
74 94 8
75 96 8
75 76 6
76 97 7
76 77 5
77 78 9
78 98 11
78 79 5
79 99 9
80 101 5
80 81 11
81 102 12
81 82 6
82 103 8
83 105 12
84 107 12
85 110 6
85 86 12
86 111 12
87 112 11
87 88 11
88 89 6
89 90 7
90 113 8
90 91 8
91 114 9
91 92 9
92 93 7
95 116 8
95 96 12
96 97 12
97 117 8
98 119 11
98 99 10
99 120 10
99 100 12
100 101 11
101 102 6
102 103 7
103 104 7
104 105 7
105 121 7
105 106 10
106 122 6
106 107 7
108 124 7
109 110 8
110 125 12
110 111 6
113 127 12
113 114 6
115 129 9
116 131 12
117 118 5
118 119 8
119 133 5
119 120 12
120 134 9
121 139 11
121 122 10
122 140 11
123 141 9
123 124 5
126 127 9
128 146 5
128 129 8
129 130 12
130 147 10
131 149 6
131 132 7
132 150 6
133 153 8
133 134 11
134 135 12
135 154 8
135 136 6
136 155 6
136 137 5
137 156 5
138 158 9
138 139 6
139 159 5
139 140 12
140 160 11
141 162 10
142 163 12
143 164 7
143 144 5
145 169 7
145 146 5
147 170 8
147 148 8
148 149 8
149 150 10
150 171 12
150 151 5
151 152 12
152 172 11
152 153 7
153 173 9
154 155 5
155 156 12
156 175 12
156 157 8
157 176 6
157 158 8
158 159 8
159 177 7
159 160 7
160 178 8
160 161 8
161 179 10
161 162 5
162 180 9
163 182 6
164 184 11
165 186 10
165 166 9
166 167 9
167 187 10
167 168 9
168 188 5
170 192 11
171 195 8
172 173 6
173 174 6
175 198 11
175 176 5
176 199 9
177 200 10
177 178 10
178 201 7
178 179 8
179 202 6
179 180 7
180 203 6
180 181 7
182 204 5
182 183 8
183 184 8
184 205 5
184 185 9
185 206 11
185 186 12
186 207 5
187 188 5
188 209 8
188 189 9
189 210 9
190 212 8
190 191 7
191 213 9
191 192 12
192 193 6
193 214 5
193 194 5
194 215 6
194 195 12
195 216 8
195 196 7
196 217 11
197 220 10
197 198 5
198 221 8
198 199 11
199 222 12
200 224 11
200 201 10
201 225 10
201 202 8
202 226 11
202 203 7
203 227 9
204 229 7
205 230 5
205 206 12
206 231 10
206 207 9
207 232 7
207 208 10
208 233 6
209 234 10
209 210 10
210 235 10
210 211 10
211 236 5
211 212 12
212 213 6
214 237 5
214 215 8
215 238 11
215 216 12
216 217 7
217 239 8
217 218 11
218 240 9
218 219 9
219 241 6
220 221 6
221 222 12
222 243 6
222 223 8
223 244 6
223 224 6
224 225 9
225 245 11
225 226 12
226 246 6
226 227 10
227 247 10
227 228 10
229 248 5
230 231 9
231 250 5
231 232 12
232 233 6
233 251 12
234 253 8
234 235 6
235 254 8
235 236 8
236 255 5
237 238 10
239 258 10
239 240 7
240 259 12
240 241 12
241 242 12
242 260 10
243 262 11
243 244 10
244 263 10
245 264 12
245 246 12
246 265 5
246 247 11
247 266 10
248 267 9
248 249 11
250 269 10
251 270 7
251 252 12
252 253 7
253 254 8
254 271 12
254 255 12
255 272 10
256 273 5
256 257 12
257 274 6
258 259 7
260 279 7
261 280 11
262 263 9
264 283 12
264 265 5
265 284 7
265 266 6
266 285 9
267 287 7
268 288 8
268 269 9
269 289 8
271 293 10
271 272 5
273 274 6
274 295 7
274 275 6
275 296 7
275 276 5
276 277 9
277 297 10
278 300 7
278 279 7
279 301 12
280 302 10
280 281 7
281 303 11
282 306 6
282 283 6
283 284 11
284 307 9
284 285 9
285 308 12
285 286 10
287 309 10
288 289 5
289 290 6
291 292 11
292 293 6
293 312 9
294 313 11
295 315 12
295 296 5
297 317 10
297 298 5
298 318 6
298 299 7
299 300 6
300 319 12
300 301 11
302 320 5
302 303 9
303 321 9
303 304 5
304 305 7
305 322 7
305 306 7
306 323 10
307 325 9
307 308 11
308 326 7
309 310 8
311 330 11
312 333 9
313 334 12
313 314 6
314 315 11
315 335 6
316 337 6
316 317 8
317 338 7
317 318 6
319 340 6
320 342 8
320 321 5
321 343 7
322 345 11
322 323 8
323 346 8
323 324 8
324 347 5
324 325 7
325 348 5
325 326 5
327 328 12
328 351 7
328 329 12
329 330 5
330 331 10
331 352 5
331 332 12
332 333 11
334 354 12
335 336 5
336 355 6
336 337 10
337 356 10
337 338 6
338 357 5
339 359 7
339 340 12
340 341 9
342 360 8
342 343 11
343 344 12
344 361 12
344 345 8
345 346 7
346 362 5
346 347 7
347 363 9
347 348 8
348 364 11
349 366 9
350 368 11
351 369 11
352 372 12
353 354 8
354 374 6
355 376 6
355 356 10
356 377 10
356 357 10
357 358 9
358 378 10
358 359 7
359 379 12
362 384 7
362 363 6
363 385 10
363 364 12
364 386 9
364 365 7
365 366 9
367 387 10
367 368 5
368 388 6
369 370 8
370 390 12
370 371 9
371 391 9
371 372 6
372 373 10
374 394 6
374 375 5
376 396 10
376 377 12
378 398 7
378 379 6
379 399 12
379 380 6
380 400 6
381 402 7
382 403 8
383 405 9
383 384 5
384 406 8
384 385 11
385 386 6
386 407 9
387 410 5
387 388 5
388 411 10
388 389 8
390 412 6
390 391 12
392 393 8
393 414 7
393 394 8
395 416 12
395 396 10
396 417 10
397 419 7
397 398 9
398 420 7
398 399 8
399 400 7
400 401 9
401 421 7
401 402 12
403 423 11
403 404 5
404 424 7
404 405 9
405 406 7
407 425 11
407 408 10
408 409 8
409 426 10
410 427 12
410 411 5
411 428 6
412 431 5
413 433 5
415 435 11
415 416 8
416 436 10
416 417 6
417 418 7
418 437 6
418 419 11
419 420 11
422 438 11
422 423 6
423 439 9
423 424 11
425 442 12
426 443 11
427 428 12
428 444 7
428 429 7
429 445 10
429 430 12
430 446 8
430 431 6
431 432 11
432 447 11
432 433 5
433 448 7
434 449 7
435 451 6
435 436 12
437 453 7
438 457 8
438 439 7
440 459 8
441 460 7
441 442 9
443 462 8
444 464 9
444 445 11
445 465 12
445 446 6
447 466 12
447 448 8
448 467 10
449 468 9
450 451 6
451 469 12
452 453 10
454 473 8
454 455 12
455 474 11
456 457 7
457 475 11
458 477 9
458 459 6
459 478 10
461 462 11
462 481 5
463 482 5
463 464 5
464 465 10
465 483 7
466 486 9
466 467 5
467 487 12
468 488 7
469 490 11
469 470 5
470 491 8
471 472 10
472 473 7
473 494 6
473 474 5
474 495 9
475 498 9
475 476 6
476 477 11
477 478 6
478 499 11
478 479 7
480 501 7
483 504 8
483 484 9
484 505 5
484 485 11
485 506 7
485 486 7
486 507 5
486 487 12
487 508 5
488 510 8
489 511 7
489 490 9
490 512 12
490 491 12
491 492 8
492 493 10
493 513 9
494 495 5
495 515 12
495 496 8
496 516 5
496 497 8
497 517 8
497 498 12
498 518 9
499 521 9
500 523 12
500 501 7
501 502 8
502 524 8
503 527 7
503 504 6
504 528 6
504 505 5
505 529 8
505 506 10
506 530 7
506 507 10
507 531 6
507 508 11
508 509 11
509 532 7
509 510 9
511 512 7
512 533 12
513 514 11
515 537 11
515 516 7
516 517 12
517 538 12
517 518 6
518 539 11
518 519 8
519 520 5
520 540 7
520 521 6
521 541 8
521 522 5
522 523 11
523 542 7
524 525 5
525 543 5
526 527 9
527 544 6
527 528 12
528 545 8
528 529 11
529 546 9
529 530 11
530 547 10
530 531 9
533 534 11
534 551 7
534 535 8
535 552 8
536 554 6
536 537 12
537 555 6
538 539 11
539 557 5
540 541 11
541 559 5
543 562 8
544 563 12
544 545 12
545 546 5
546 564 8
546 547 9
547 565 8
548 567 5
549 550 8
550 569 6
551 572 10
551 552 7
552 553 10
553 573 5
554 555 8
555 574 7
555 556 6
557 558 12
559 576 12
559 560 11
560 577 12
561 578 6
562 580 9
563 581 5
564 583 8
564 565 8
565 566 7
566 567 6
567 584 9
567 568 7
568 585 8
569 587 12
569 570 6
570 588 11
570 571 10
571 572 5
572 589 10
574 593 12
575 596 8
575 576 12
576 597 7
576 577 5
577 598 6
578 599 7
578 579 8
579 580 9
581 582 6
582 583 8
584 585 6
585 586 10
586 587 8
587 588 11
589 590 8
591 592 12
592 593 6
593 594 5
594 595 9
596 597 7
597 598 8
10 0.05 0.05 0.05
