486
0 -1.0 -1.0 13.0 156.0 56.0
1 -1.0 -1.0 12.0 51.0 35.0
2 -1.0 -1.0 7.0 267.0 61.0
3 -1.0 -1.0 16.0 147.0 54.0
4 -1.0 -1.0 5.0 88.0 80.0
5 -1.0 -1.0 15.0 28.0 82.0
6 -1.0 -1.0 7.0 358.0 100.0
7 -1.0 -1.0 17.0 324.0 31.0
8 -1.0 -1.0 6.0 128.0 33.0
9 -1.0 -1.0 8.0 368.0 54.0
10 -1.0 -1.0 13.0 355.0 53.0
11 -1.0 -1.0 12.0 89.0 52.0
12 -1.0 -1.0 13.0 345.0 21.0
13 -1.0 -1.0 10.0 376.0 19.0
14 -1.0 -1.0 10.0 317.0 54.0
15 -1.0 -1.0 18.0 179.0 90.0
16 -1.0 -1.0 20.0 390.0 51.0
17 -1.0 -1.0 17.0 352.0 72.0
18 -1.0 -1.0 13.0 328.0 82.0
19 -1.0 -1.0 9.0 15.0 96.0
20 -1.0 -1.0 16.0 95.0 91.0
21 -1.0 -1.0 18.0 303.0 86.0
22 -1.0 -1.0 10.0 326.0 98.0
23 -1.0 -1.0 18.0 157.0 89.0
24 -1.0 -1.0 14.0 256.0 49.0
25 -1.0 -1.0 4.0 393.0 62.0
26 -1.0 -1.0 5.0 174.0 38.0
27 -1.0 -1.0 14.0 170.0 91.0
28 -1.0 -1.0 10.0 131.0 90.0
29 -1.0 -1.0 6.0 217.0 92.0
30 -1.0 -1.0 4.0 30.0 40.0
31 -1.0 -1.0 15.0 270.0 29.0
32 -1.0 -1.0 6.0 237.0 45.0
33 -1.0 -1.0 8.0 311.0 67.0
34 -1.0 -1.0 10.0 338.0 98.0
35 -1.0 -1.0 18.0 352.0 27.0
36 -1.0 -1.0 6.0 383.0 50.0
37 -1.0 -1.0 20.0 220.0 34.0
38 -1.0 -1.0 4.0 199.0 24.0
39 -1.0 -1.0 4.0 176.0 71.0
40 -1.0 -1.0 5.0 168.0 27.0
41 -1.0 -1.0 18.0 280.0 81.0
42 -1.0 -1.0 16.0 129.0 25.0
43 -1.0 -1.0 6.0 388.0 63.0
44 -1.0 -1.0 15.0 371.0 17.0
45 -1.0 -1.0 7.0 231.0 45.0
46 -1.0 -1.0 12.0 384.0 91.0
47 -1.0 -1.0 8.0 57.0 98.0
48 -1.0 -1.0 16.0 358.0 53.0
49 -1.0 -1.0 12.0 145.0 87.0
50 -1.0 -1.0 8.0 61.0 94.0
51 -1.0 -1.0 16.0 40.0 16.0
52 -1.0 -1.0 5.0 334.0 26.0
53 -1.0 -1.0 18.0 306.0 52.0
54 -1.0 -1.0 8.0 209.0 52.0
55 -1.0 -1.0 4.0 222.0 67.0
56 -1.0 -1.0 5.0 315.0 95.0
57 -1.0 -1.0 14.0 156.0 75.0
58 -1.0 -1.0 16.0 94.0 62.0
59 -1.0 -1.0 7.0 111.0 100.0
60 -1.0 -1.0 12.0 241.0 59.0
61 -1.0 -1.0 15.0 300.0 18.0
62 -1.0 -1.0 8.0 67.0 32.0
63 -1.0 -1.0 18.0 263.0 83.0
64 -1.0 -1.0 6.0 15.0 58.0
65 -1.0 -1.0 14.0 199.0 15.0
66 -1.0 -1.0 14.0 219.0 73.0
67 -1.0 -1.0 9.0 126.0 31.0
68 -1.0 -1.0 7.0 399.0 73.0
69 -1.0 -1.0 4.0 20.0 36.0
70 -1.0 -1.0 5.0 164.0 86.0
71 -1.0 -1.0 16.0 271.0 44.0
72 -1.0 -1.0 8.0 101.0 16.0
73 -1.0 -1.0 15.0 211.0 59.0
74 -1.0 -1.0 10.0 235.0 47.0
75 -1.0 -1.0 7.0 259.0 35.0
76 -1.0 -1.0 12.0 110.0 61.0
77 -1.0 -1.0 9.0 146.0 87.0
78 -1.0 -1.0 8.0 203.0 65.0
79 -1.0 -1.0 18.0 211.0 89.0
80 -1.0 -1.0 16.0 280.0 88.0
81 -1.0 -1.0 15.0 328.0 71.0
82 -1.0 -1.0 11.0 131.0 96.0
83 -1.0 -1.0 20.0 262.0 51.0
84 -1.0 -1.0 14.0 78.0 63.0
85 -1.0 -1.0 12.0 330.0 49.0
86 -1.0 -1.0 14.0 190.0 92.0
87 -1.0 -1.0 19.0 212.0 20.0
88 -1.0 -1.0 11.0 67.0 70.0
89 -1.0 -1.0 6.0 192.0 52.0
90 -1.0 -1.0 19.0 130.0 28.0
91 -1.0 -1.0 8.0 266.0 81.0
92 -1.0 -1.0 20.0 70.0 79.0
93 -1.0 -1.0 14.0 65.0 97.0
94 -1.0 -1.0 8.0 306.0 60.0
95 -1.0 -1.0 11.0 57.0 80.0
96 -1.0 -1.0 19.0 273.0 45.0
97 -1.0 -1.0 12.0 55.0 90.0
98 -1.0 -1.0 7.0 362.0 50.0
99 -1.0 -1.0 12.0 223.0 38.0
100 -1.0 -1.0 7.0 160.0 79.0
101 -1.0 -1.0 9.0 94.0 66.0
102 -1.0 -1.0 4.0 316.0 35.0
103 -1.0 -1.0 19.0 343.0 88.0
104 -1.0 -1.0 15.0 147.0 37.0
105 -1.0 -1.0 11.0 324.0 38.0
106 -1.0 -1.0 8.0 134.0 67.0
107 -1.0 -1.0 11.0 51.0 19.0
108 -1.0 -1.0 20.0 25.0 75.0
109 -1.0 -1.0 6.0 38.0 17.0
110 -1.0 -1.0 13.0 183.0 85.0
111 -1.0 -1.0 19.0 188.0 60.0
112 -1.0 -1.0 12.0 325.0 19.0
113 -1.0 -1.0 18.0 32.0 97.0
114 -1.0 -1.0 12.0 291.0 38.0
115 -1.0 -1.0 19.0 38.0 38.0
116 -1.0 -1.0 19.0 148.0 99.0
117 -1.0 -1.0 16.0 249.0 23.0
118 -1.0 -1.0 19.0 108.0 23.0
119 -1.0 -1.0 8.0 273.0 78.0
120 -1.0 -1.0 4.0 306.0 58.0
121 -1.0 -1.0 19.0 348.0 61.0
122 -1.0 -1.0 16.0 161.0 29.0
123 -1.0 -1.0 4.0 341.0 29.0
124 -1.0 -1.0 5.0 169.0 85.0
125 -1.0 -1.0 18.0 37.0 91.0
126 -1.0 -1.0 18.0 304.0 59.0
127 -1.0 -1.0 15.0 60.0 72.0
128 -1.0 -1.0 18.0 192.0 67.0
129 -1.0 -1.0 18.0 159.0 19.0
130 -1.0 -1.0 11.0 209.0 23.0
131 -1.0 -1.0 4.0 382.0 92.0
132 -1.0 -1.0 11.0 21.0 87.0
133 -1.0 -1.0 8.0 351.0 22.0
134 -1.0 -1.0 10.0 70.0 69.0
135 -1.0 -1.0 7.0 66.0 76.0
136 -1.0 -1.0 4.0 182.0 58.0
137 -1.0 -1.0 17.0 184.0 47.0
138 -1.0 -1.0 17.0 118.0 64.0
139 -1.0 -1.0 11.0 62.0 31.0
140 -1.0 -1.0 10.0 78.0 35.0
141 -1.0 -1.0 7.0 317.0 92.0
142 -1.0 -1.0 5.0 38.0 62.0
143 -1.0 -1.0 18.0 104.0 79.0
144 -1.0 -1.0 6.0 381.0 17.0
145 -1.0 -1.0 17.0 355.0 43.0
146 -1.0 -1.0 8.0 220.0 69.0
147 -1.0 -1.0 16.0 358.0 46.0
148 -1.0 -1.0 7.0 29.0 89.0
149 -1.0 -1.0 11.0 281.0 90.0
150 -1.0 -1.0 8.0 234.0 95.0
151 -1.0 -1.0 8.0 303.0 24.0
152 -1.0 -1.0 5.0 329.0 37.0
153 -1.0 -1.0 14.0 91.0 92.0
154 -1.0 -1.0 9.0 33.0 55.0
155 -1.0 -1.0 12.0 199.0 98.0
156 -1.0 -1.0 8.0 342.0 100.0
157 -1.0 -1.0 20.0 118.0 98.0
158 -1.0 -1.0 13.0 264.0 100.0
159 -1.0 -1.0 11.0 22.0 64.0
160 -1.0 -1.0 16.0 77.0 21.0
161 -1.0 -1.0 7.0 43.0 98.0
162 -1.0 -1.0 13.0 80.0 50.0
163 -1.0 -1.0 9.0 162.0 73.0
164 -1.0 -1.0 17.0 206.0 98.0
165 -1.0 -1.0 9.0 159.0 36.0
166 -1.0 -1.0 19.0 170.0 84.0
167 -1.0 -1.0 9.0 192.0 78.0
168 -1.0 -1.0 7.0 358.0 100.0
169 -1.0 -1.0 17.0 212.0 55.0
170 -1.0 -1.0 4.0 181.0 84.0
171 -1.0 -1.0 18.0 128.0 72.0
172 -1.0 -1.0 20.0 264.0 89.0
173 -1.0 -1.0 18.0 234.0 47.0
174 -1.0 -1.0 11.0 376.0 32.0
175 -1.0 -1.0 8.0 104.0 25.0
176 -1.0 -1.0 14.0 49.0 17.0
177 -1.0 -1.0 16.0 107.0 73.0
178 -1.0 -1.0 11.0 175.0 67.0
179 -1.0 -1.0 16.0 356.0 88.0
180 -1.0 -1.0 8.0 146.0 18.0
181 -1.0 -1.0 15.0 223.0 94.0
182 -1.0 -1.0 10.0 165.0 84.0
183 -1.0 -1.0 17.0 47.0 96.0
184 -1.0 -1.0 8.0 20.0 35.0
185 -1.0 -1.0 12.0 266.0 74.0
186 -1.0 -1.0 5.0 146.0 67.0
187 -1.0 -1.0 19.0 171.0 42.0
188 -1.0 -1.0 5.0 239.0 93.0
189 -1.0 -1.0 4.0 268.0 18.0
190 -1.0 -1.0 6.0 343.0 15.0
191 -1.0 -1.0 18.0 30.0 69.0
192 -1.0 -1.0 4.0 346.0 80.0
193 -1.0 -1.0 17.0 267.0 43.0
194 -1.0 -1.0 17.0 296.0 68.0
195 -1.0 -1.0 4.0 379.0 87.0
196 -1.0 -1.0 4.0 153.0 55.0
197 -1.0 -1.0 17.0 230.0 29.0
198 -1.0 -1.0 10.0 383.0 17.0
199 -1.0 -1.0 4.0 335.0 58.0
200 -1.0 -1.0 16.0 177.0 95.0
201 -1.0 -1.0 14.0 54.0 79.0
202 -1.0 -1.0 9.0 229.0 20.0
203 -1.0 -1.0 8.0 224.0 81.0
204 -1.0 -1.0 15.0 124.0 98.0
205 -1.0 -1.0 11.0 60.0 61.0
206 -1.0 -1.0 15.0 302.0 73.0
207 -1.0 -1.0 15.0 53.0 33.0
208 -1.0 -1.0 20.0 256.0 76.0
209 -1.0 -1.0 14.0 228.0 30.0
210 -1.0 -1.0 8.0 121.0 66.0
211 -1.0 -1.0 8.0 120.0 89.0
212 -1.0 -1.0 20.0 173.0 55.0
213 -1.0 -1.0 5.0 294.0 86.0
214 -1.0 -1.0 18.0 22.0 41.0
215 -1.0 -1.0 19.0 173.0 54.0
216 -1.0 -1.0 10.0 374.0 97.0
217 -1.0 -1.0 9.0 282.0 82.0
218 -1.0 -1.0 13.0 338.0 78.0
219 -1.0 -1.0 14.0 189.0 92.0
220 -1.0 -1.0 18.0 81.0 50.0
221 -1.0 -1.0 8.0 132.0 61.0
222 -1.0 -1.0 5.0 311.0 85.0
223 -1.0 -1.0 15.0 393.0 25.0
224 -1.0 -1.0 15.0 320.0 97.0
225 -1.0 -1.0 9.0 104.0 59.0
226 -1.0 -1.0 7.0 160.0 32.0
227 -1.0 -1.0 10.0 50.0 94.0
228 -1.0 -1.0 9.0 160.0 73.0
229 -1.0 -1.0 14.0 357.0 99.0
230 -1.0 -1.0 4.0 39.0 76.0
231 -1.0 -1.0 5.0 153.0 32.0
232 -1.0 -1.0 16.0 33.0 20.0
233 -1.0 -1.0 9.0 354.0 79.0
234 -1.0 -1.0 5.0 369.0 66.0
235 -1.0 -1.0 5.0 50.0 62.0
236 -1.0 -1.0 7.0 41.0 91.0
237 -1.0 -1.0 4.0 377.0 82.0
238 -1.0 -1.0 4.0 189.0 43.0
239 -1.0 -1.0 18.0 282.0 74.0
240 -1.0 -1.0 19.0 136.0 57.0
241 -1.0 -1.0 10.0 348.0 77.0
242 -1.0 -1.0 9.0 150.0 54.0
243 -1.0 -1.0 18.0 46.0 76.0
244 -1.0 -1.0 16.0 117.0 17.0
245 -1.0 -1.0 6.0 41.0 64.0
246 -1.0 -1.0 16.0 293.0 28.0
247 -1.0 -1.0 9.0 192.0 27.0
248 -1.0 -1.0 19.0 42.0 68.0
249 -1.0 -1.0 19.0 263.0 77.0
250 -1.0 -1.0 5.0 211.0 88.0
251 -1.0 -1.0 5.0 200.0 48.0
252 -1.0 -1.0 16.0 143.0 20.0
253 -1.0 -1.0 11.0 385.0 34.0
254 -1.0 -1.0 12.0 82.0 85.0
255 -1.0 -1.0 16.0 97.0 70.0
256 -1.0 -1.0 10.0 104.0 76.0
257 -1.0 -1.0 17.0 275.0 57.0
258 -1.0 -1.0 18.0 102.0 73.0
259 -1.0 -1.0 8.0 348.0 82.0
260 -1.0 -1.0 20.0 139.0 53.0
261 -1.0 -1.0 15.0 187.0 88.0
262 -1.0 -1.0 20.0 185.0 48.0
263 -1.0 -1.0 20.0 92.0 96.0
264 -1.0 -1.0 12.0 380.0 75.0
265 -1.0 -1.0 20.0 31.0 27.0
266 -1.0 -1.0 12.0 270.0 39.0
267 -1.0 -1.0 5.0 111.0 93.0
268 -1.0 -1.0 11.0 239.0 29.0
269 -1.0 -1.0 10.0 399.0 75.0
270 -1.0 -1.0 14.0 219.0 26.0
271 -1.0 -1.0 13.0 377.0 45.0
272 -1.0 -1.0 16.0 232.0 78.0
273 -1.0 -1.0 17.0 220.0 73.0
274 -1.0 -1.0 9.0 30.0 61.0
275 -1.0 -1.0 9.0 314.0 70.0
276 -1.0 -1.0 16.0 151.0 82.0
277 -1.0 -1.0 18.0 330.0 36.0
278 -1.0 -1.0 16.0 340.0 60.0
279 -1.0 -1.0 13.0 217.0 49.0
280 -1.0 -1.0 14.0 170.0 79.0
281 -1.0 -1.0 15.0 333.0 95.0
282 -1.0 -1.0 8.0 174.0 25.0
283 -1.0 -1.0 17.0 111.0 50.0
284 -1.0 -1.0 7.0 200.0 83.0
285 -1.0 -1.0 8.0 339.0 15.0
286 -1.0 -1.0 14.0 86.0 79.0
287 -1.0 -1.0 12.0 196.0 67.0
288 -1.0 -1.0 5.0 91.0 62.0
289 -1.0 -1.0 19.0 137.0 24.0
290 -1.0 -1.0 5.0 226.0 62.0
291 -1.0 -1.0 4.0 302.0 43.0
292 -1.0 -1.0 11.0 152.0 24.0
293 -1.0 -1.0 19.0 31.0 99.0
294 -1.0 -1.0 10.0 210.0 94.0
295 -1.0 -1.0 11.0 72.0 66.0
296 -1.0 -1.0 17.0 214.0 29.0
297 -1.0 -1.0 9.0 322.0 18.0
298 -1.0 -1.0 20.0 54.0 78.0
299 -1.0 -1.0 15.0 41.0 46.0
300 -1.0 -1.0 19.0 132.0 24.0
301 -1.0 -1.0 9.0 348.0 51.0
302 -1.0 -1.0 13.0 63.0 36.0
303 -1.0 -1.0 8.0 126.0 29.0
304 -1.0 -1.0 13.0 32.0 40.0
305 -1.0 -1.0 4.0 279.0 81.0
306 -1.0 -1.0 7.0 79.0 51.0
307 -1.0 -1.0 12.0 384.0 51.0
308 -1.0 -1.0 7.0 172.0 21.0
309 -1.0 -1.0 20.0 65.0 92.0
310 -1.0 -1.0 11.0 235.0 54.0
311 -1.0 -1.0 19.0 377.0 68.0
312 -1.0 -1.0 17.0 164.0 91.0
313 -1.0 -1.0 17.0 290.0 41.0
314 -1.0 -1.0 15.0 113.0 67.0
315 -1.0 -1.0 13.0 202.0 57.0
316 -1.0 -1.0 15.0 264.0 32.0
317 -1.0 -1.0 16.0 156.0 83.0
318 -1.0 -1.0 7.0 369.0 60.0
319 -1.0 -1.0 17.0 217.0 25.0
320 -1.0 -1.0 14.0 58.0 70.0
321 -1.0 -1.0 12.0 354.0 66.0
322 -1.0 -1.0 16.0 391.0 19.0
323 -1.0 -1.0 9.0 25.0 24.0
324 -1.0 -1.0 15.0 264.0 97.0
325 -1.0 -1.0 19.0 315.0 59.0
326 -1.0 -1.0 19.0 65.0 76.0
327 -1.0 -1.0 19.0 115.0 59.0
328 -1.0 -1.0 9.0 295.0 48.0
329 -1.0 -1.0 19.0 375.0 90.0
330 -1.0 -1.0 9.0 195.0 30.0
331 -1.0 -1.0 19.0 98.0 84.0
332 -1.0 -1.0 9.0 296.0 39.0
333 -1.0 -1.0 13.0 175.0 73.0
334 -1.0 -1.0 12.0 346.0 93.0
335 -1.0 -1.0 13.0 211.0 78.0
336 -1.0 -1.0 11.0 343.0 17.0
337 -1.0 -1.0 5.0 261.0 65.0
338 -1.0 -1.0 15.0 273.0 26.0
339 -1.0 -1.0 16.0 302.0 60.0
340 -1.0 -1.0 13.0 280.0 36.0
341 -1.0 -1.0 8.0 85.0 25.0
342 -1.0 -1.0 16.0 111.0 91.0
343 -1.0 -1.0 20.0 18.0 28.0
344 -1.0 -1.0 18.0 266.0 41.0
345 -1.0 -1.0 14.0 165.0 69.0
346 -1.0 -1.0 13.0 46.0 73.0
347 -1.0 -1.0 16.0 108.0 69.0
348 -1.0 -1.0 16.0 262.0 75.0
349 -1.0 -1.0 19.0 156.0 24.0
350 -1.0 -1.0 14.0 274.0 16.0
351 -1.0 -1.0 20.0 281.0 38.0
352 -1.0 -1.0 6.0 285.0 60.0
353 -1.0 -1.0 11.0 311.0 63.0
354 -1.0 -1.0 7.0 141.0 44.0
355 -1.0 -1.0 4.0 363.0 93.0
356 -1.0 -1.0 20.0 152.0 51.0
357 -1.0 -1.0 8.0 15.0 93.0
358 -1.0 -1.0 16.0 90.0 22.0
359 -1.0 -1.0 18.0 75.0 94.0
360 -1.0 -1.0 14.0 390.0 34.0
361 -1.0 -1.0 11.0 321.0 45.0
362 -1.0 -1.0 16.0 113.0 67.0
363 -1.0 -1.0 5.0 200.0 59.0
364 -1.0 -1.0 19.0 325.0 35.0
365 -1.0 -1.0 15.0 375.0 96.0
366 -1.0 -1.0 6.0 316.0 70.0
367 -1.0 -1.0 12.0 263.0 28.0
368 -1.0 -1.0 19.0 181.0 37.0
369 -1.0 -1.0 9.0 52.0 59.0
370 -1.0 -1.0 6.0 167.0 31.0
371 -1.0 -1.0 10.0 372.0 68.0
372 -1.0 -1.0 11.0 396.0 67.0
373 -1.0 -1.0 8.0 30.0 63.0
374 -1.0 -1.0 10.0 50.0 21.0
375 -1.0 -1.0 5.0 36.0 84.0
376 -1.0 -1.0 14.0 169.0 78.0
377 -1.0 -1.0 20.0 103.0 78.0
378 -1.0 -1.0 16.0 234.0 27.0
379 -1.0 -1.0 14.0 224.0 50.0
380 -1.0 -1.0 9.0 140.0 85.0
381 -1.0 -1.0 7.0 75.0 81.0
382 -1.0 -1.0 5.0 208.0 42.0
383 -1.0 -1.0 8.0 128.0 77.0
384 -1.0 -1.0 19.0 117.0 76.0
385 -1.0 -1.0 16.0 194.0 53.0
386 -1.0 -1.0 8.0 86.0 51.0
387 -1.0 -1.0 7.0 44.0 91.0
388 -1.0 -1.0 4.0 198.0 67.0
389 -1.0 -1.0 12.0 299.0 54.0
390 -1.0 -1.0 16.0 210.0 55.0
391 -1.0 -1.0 7.0 59.0 33.0
392 -1.0 -1.0 5.0 399.0 96.0
393 -1.0 -1.0 14.0 33.0 84.0
394 -1.0 -1.0 9.0 121.0 64.0
395 -1.0 -1.0 20.0 303.0 76.0
396 -1.0 -1.0 8.0 47.0 55.0
397 -1.0 -1.0 4.0 174.0 60.0
398 -1.0 -1.0 19.0 299.0 33.0
399 -1.0 -1.0 9.0 285.0 45.0
400 -1.0 -1.0 19.0 19.0 52.0
401 -1.0 -1.0 18.0 231.0 92.0
402 -1.0 -1.0 15.0 313.0 89.0
403 -1.0 -1.0 12.0 249.0 26.0
404 -1.0 -1.0 20.0 188.0 17.0
405 -1.0 -1.0 9.0 222.0 24.0
406 -1.0 -1.0 17.0 315.0 28.0
407 -1.0 -1.0 15.0 387.0 91.0
408 -1.0 -1.0 7.0 269.0 87.0
409 -1.0 -1.0 11.0 358.0 86.0
410 -1.0 -1.0 16.0 199.0 99.0
411 -1.0 -1.0 13.0 144.0 83.0
412 -1.0 -1.0 8.0 275.0 67.0
413 -1.0 -1.0 17.0 253.0 15.0
414 -1.0 -1.0 17.0 82.0 40.0
415 -1.0 -1.0 7.0 89.0 64.0
416 -1.0 -1.0 4.0 373.0 50.0
417 -1.0 -1.0 18.0 256.0 38.0
418 -1.0 -1.0 12.0 185.0 99.0
419 -1.0 -1.0 16.0 313.0 17.0
420 -1.0 -1.0 12.0 328.0 89.0
421 -1.0 -1.0 10.0 338.0 67.0
422 -1.0 -1.0 8.0 332.0 57.0
423 -1.0 -1.0 18.0 127.0 50.0
424 -1.0 -1.0 10.0 236.0 51.0
425 -1.0 -1.0 18.0 274.0 83.0
426 -1.0 -1.0 4.0 157.0 35.0
427 -1.0 -1.0 11.0 209.0 38.0
428 -1.0 -1.0 7.0 15.0 58.0
429 -1.0 -1.0 14.0 320.0 90.0
430 -1.0 -1.0 17.0 298.0 18.0
431 -1.0 -1.0 5.0 342.0 77.0
432 -1.0 -1.0 6.0 69.0 82.0
433 -1.0 -1.0 11.0 142.0 51.0
434 -1.0 -1.0 8.0 291.0 98.0
435 -1.0 -1.0 8.0 180.0 17.0
436 -1.0 -1.0 5.0 145.0 19.0
437 -1.0 -1.0 7.0 287.0 46.0
438 -1.0 -1.0 20.0 129.0 62.0
439 -1.0 -1.0 5.0 157.0 19.0
440 -1.0 -1.0 18.0 99.0 52.0
441 -1.0 -1.0 8.0 15.0 59.0
442 -1.0 -1.0 4.0 362.0 70.0
443 -1.0 -1.0 9.0 16.0 17.0
444 -1.0 -1.0 17.0 252.0 100.0
445 -1.0 -1.0 17.0 155.0 25.0
446 -1.0 -1.0 4.0 183.0 21.0
447 -1.0 -1.0 4.0 318.0 39.0
448 -1.0 -1.0 10.0 268.0 16.0
449 -1.0 -1.0 15.0 346.0 66.0
450 -1.0 -1.0 16.0 18.0 57.0
451 -1.0 -1.0 6.0 284.0 77.0
452 -1.0 -1.0 5.0 299.0 19.0
453 -1.0 -1.0 12.0 253.0 76.0
454 -1.0 -1.0 17.0 107.0 38.0
455 -1.0 -1.0 6.0 397.0 65.0
456 -1.0 -1.0 16.0 323.0 78.0
457 -1.0 -1.0 16.0 237.0 37.0
458 -1.0 -1.0 16.0 86.0 20.0
459 -1.0 -1.0 11.0 126.0 29.0
460 -1.0 -1.0 14.0 266.0 36.0
461 -1.0 -1.0 14.0 292.0 54.0
462 -1.0 -1.0 4.0 350.0 99.0
463 -1.0 -1.0 11.0 263.0 83.0
464 -1.0 -1.0 9.0 373.0 48.0
465 -1.0 -1.0 8.0 142.0 19.0
466 -1.0 -1.0 9.0 316.0 86.0
467 -1.0 -1.0 19.0 125.0 60.0
468 -1.0 -1.0 15.0 127.0 41.0
469 -1.0 -1.0 8.0 344.0 100.0
470 -1.0 -1.0 16.0 257.0 96.0
471 -1.0 -1.0 17.0 171.0 96.0
472 -1.0 -1.0 12.0 180.0 66.0
473 -1.0 -1.0 15.0 257.0 87.0
474 -1.0 -1.0 4.0 41.0 34.0
475 -1.0 -1.0 14.0 333.0 86.0
476 -1.0 -1.0 6.0 72.0 29.0
477 -1.0 -1.0 20.0 391.0 75.0
478 -1.0 -1.0 15.0 76.0 66.0
479 -1.0 -1.0 20.0 229.0 24.0
480 -1.0 -1.0 12.0 367.0 54.0
481 -1.0 -1.0 11.0 107.0 50.0
482 -1.0 -1.0 20.0 342.0 33.0
483 -1.0 -1.0 9.0 242.0 47.0
484 -1.0 -1.0 15.0 272.0 41.0
485 -1.0 -1.0 18.0 119.0 79.0
623
0 1 7
1 19 9
1 2 12
2 3 7
3 4 6
4 20 8
5 6 6
6 22 6
6 7 7
7 23 7
8 25 7
9 27 8
9 10 7
10 11 5
12 28 11
12 13 5
13 29 10
13 14 12
14 30 6
15 33 11
15 16 12
16 17 6
17 34 5
18 36 7
19 38 5
20 40 6
20 21 8
21 41 10
22 43 12
22 23 5
23 44 7
23 24 7
24 25 11
25 26 9
26 27 5
28 45 9
28 29 12
29 46 9
29 30 12
30 47 12
30 31 6
31 32 10
32 48 12
32 33 6
34 49 9
35 36 8
36 37 9
37 50 10
37 38 11
38 39 5
40 51 11
40 41 12
41 52 12
41 42 12
42 43 11
43 44 11
45 46 9
46 60 9
46 47 5
47 61 9
48 63 7
50 65 12
51 69 6
51 52 7
53 73 7
53 54 9
54 74 9
54 55 9
55 75 6
55 56 6
56 57 8
57 76 12
57 58 12
58 77 12
58 59 6
59 78 6
60 80 8
60 61 10
61 81 9
61 62 11
62 63 5
63 82 8
64 65 10
65 66 11
66 67 9
67 87 12
67 68 9
68 69 6
70 89 7
70 71 6
71 90 11
71 72 10
72 91 9
72 73 12
73 92 5
73 74 8
74 75 11
75 93 12
76 95 7
76 77 11
77 96 6
77 78 5
78 97 12
78 79 7
80 81 6
82 83 5
83 100 11
83 84 7
84 85 9
85 101 9
86 102 5
87 106 9
88 107 10
88 89 6
89 90 6
90 108 9
90 91 5
91 92 10
93 110 12
93 94 9
94 111 9
94 95 8
95 112 6
95 96 10
96 113 5
96 97 12
98 115 12
99 118 12
100 120 6
102 121 12
102 103 6
103 122 6
103 104 8
104 105 10
105 106 11
106 123 12
109 128 9
109 110 11
110 129 7
110 111 10
111 130 11
111 112 8
112 113 7
113 131 7
114 133 7
114 115 10
115 134 9
115 116 5
116 135 10
116 117 9
117 136 11
117 118 11
118 137 11
118 119 12
119 138 8
119 120 12
120 139 5
121 141 10
121 122 7
123 124 6
124 125 7
125 143 8
126 145 11
127 147 11
127 128 12
128 129 10
129 130 12
130 148 9
131 149 7
131 132 5
132 133 9
133 150 11
133 134 7
134 151 8
134 135 9
135 152 10
135 136 9
136 153 5
136 137 7
137 154 6
137 138 12
138 139 12
139 155 5
140 157 11
142 160 11
143 162 5
143 144 8
144 163 8
144 145 8
146 165 5
146 147 5
148 167 6
150 169 8
150 151 8
151 170 12
151 152 8
152 171 11
152 153 6
153 172 9
153 154 7
155 156 8
156 157 5
157 174 10
158 176 10
158 159 7
159 177 12
159 160 11
160 178 11
161 179 6
161 162 8
162 180 12
162 163 7
163 181 5
164 182 8
164 165 7
165 183 6
166 185 10
167 168 10
169 187 6
169 170 9
170 171 6
171 188 5
171 172 5
172 189 12
173 191 7
175 176 8
176 177 8
177 193 7
177 178 11
178 194 10
179 196 10
179 180 6
180 181 5
181 197 6
182 198 6
182 183 9
183 184 9
184 185 6
185 199 6
185 186 9
187 203 10
188 205 9
188 189 8
189 206 12
189 190 10
190 207 8
190 191 5
192 209 5
193 213 5
193 194 9
194 195 6
195 214 5
195 196 9
196 215 6
197 216 9
198 217 11
199 220 11
200 201 7
201 221 11
201 202 8
202 222 11
202 203 11
203 223 8
203 204 6
204 224 10
204 205 6
205 225 12
205 206 9
206 226 7
206 207 7
207 227 11
208 229 7
208 209 5
209 210 5
210 230 9
211 231 8
211 212 9
212 232 5
212 213 11
213 233 11
214 235 8
214 215 7
216 236 6
217 237 5
217 218 6
218 238 5
218 219 8
219 239 5
219 220 8
220 240 5
221 222 9
222 243 10
222 223 7
223 224 7
224 244 6
224 225 9
225 226 11
226 245 7
226 227 11
227 228 10
228 246 6
228 229 10
230 247 8
231 248 8
231 232 10
232 249 12
232 233 5
233 234 6
234 250 8
234 235 11
235 251 8
237 255 8
237 238 6
238 239 8
239 240 6
240 241 9
241 256 11
241 242 6
243 258 10
244 259 5
245 260 9
246 262 11
248 265 8
248 249 5
249 266 12
250 251 7
251 268 9
251 252 9
252 253 10
254 270 12
254 255 8
255 271 10
257 275 6
258 277 11
259 279 11
260 261 5
261 281 9
261 262 10
262 282 12
262 263 7
263 283 6
263 264 6
265 285 7
265 266 6
266 286 5
266 267 11
267 287 7
268 288 9
269 270 11
270 291 9
270 271 12
271 272 7
272 292 5
272 273 9
273 274 10
274 293 6
275 276 11
276 296 11
276 277 11
277 297 12
277 278 5
278 298 5
278 279 6
279 299 5
279 280 9
280 300 12
281 301 9
281 282 5
282 283 5
283 302 5
284 304 7
285 286 7
286 305 7
286 287 8
287 306 12
288 307 6
288 289 7
289 290 12
290 308 11
291 310 10
292 312 10
293 314 7
293 294 11
294 315 10
294 295 7
295 316 9
296 318 7
296 297 12
297 298 7
298 299 11
299 319 9
299 300 10
301 321 6
302 303 7
303 323 10
303 304 11
304 324 11
305 326 9
305 306 10
306 327 8
308 329 7
308 309 5
309 310 12
310 330 5
310 311 8
311 331 5
311 312 11
312 332 7
312 313 10
313 333 12
313 314 12
314 334 8
314 315 10
315 335 8
315 316 10
316 336 9
316 317 7
317 337 8
317 318 10
318 338 7
320 342 10
320 321 5
321 322 7
322 343 8
323 345 8
323 324 10
325 326 7
326 327 10
327 346 7
328 329 9
329 349 9
330 350 9
330 331 9
331 332 6
332 333 5
333 351 6
333 334 9
334 335 10
335 352 9
335 336 6
336 353 8
336 337 12
337 338 7
338 354 9
338 339 8
339 355 9
339 340 12
340 356 5
341 342 9
342 358 7
343 344 5
344 345 9
345 359 9
346 347 5
347 363 11
347 348 10
348 364 12
350 367 10
351 369 7
352 371 12
352 353 12
354 372 11
354 355 9
355 356 8
356 373 11
356 357 7
357 374 10
358 376 7
359 379 12
359 360 11
360 380 8
361 381 9
361 362 8
362 382 12
363 384 9
363 364 6
364 385 8
364 365 11
365 386 12
366 388 10
366 367 8
367 389 12
368 390 11
368 369 6
369 391 10
369 370 8
370 392 8
370 371 9
372 395 9
373 374 6
374 375 12
375 376 12
376 397 11
377 398 9
377 378 5
378 399 11
378 379 10
379 400 8
379 380 10
381 382 11
382 383 10
383 384 7
384 401 5
384 385 6
385 402 5
385 386 11
386 403 5
386 387 5
387 404 9
387 388 10
388 405 5
388 389 8
389 406 8
390 407 9
390 391 12
391 408 11
391 392 6
392 409 12
393 394 5
394 411 7
394 395 12
395 412 7
395 396 11
396 413 12
398 399 5
399 415 12
399 400 9
400 416 11
401 421 5
401 402 7
402 403 6
403 404 11
404 422 6
404 405 6
405 423 11
405 406 12
406 424 5
407 408 11
408 409 7
409 425 7
409 410 10
410 426 8
411 428 8
411 412 12
412 413 12
413 429 9
414 430 10
415 416 12
416 435 9
416 417 9
418 419 6
419 420 6
420 421 7
421 436 11
422 438 10
422 423 10
423 424 6
424 439 9
425 441 6
425 426 11
426 442 10
426 427 7
427 443 5
427 428 7
429 444 9
430 446 9
430 431 12
431 447 6
431 432 7
432 448 5
432 433 8
433 449 10
433 434 11
434 450 10
436 453 11
436 437 10
438 454 12
440 456 6
440 441 11
441 442 12
442 457 10
442 443 6
444 459 5
444 445 6
445 446 7
446 460 5
446 447 6
447 448 10
448 461 5
448 449 11
449 462 5
449 450 10
451 465 7
452 468 6
452 453 5
455 471 7
456 473 8
458 476 5
459 478 5
461 480 9
461 462 8
462 481 9
463 483 9
463 464 10
464 484 12
464 465 11
465 485 12
466 467 6
467 468 8
469 470 10
470 471 10
471 472 7
472 473 12
473 474 12
475 476 12
476 477 8
477 478 10
478 479 12
480 481 11
481 482 6
482 483 10
483 484 6
484 485 6
10 0.05 0.05 0.05
