726
0 -1.0 -1.0 16.0 227.0 25.0
1 -1.0 -1.0 20.0 265.0 18.0
2 -1.0 -1.0 20.0 321.0 20.0
3 -1.0 -1.0 20.0 354.0 30.0
4 -1.0 -1.0 16.0 341.0 91.0
5 -1.0 -1.0 7.0 306.0 34.0
6 -1.0 -1.0 11.0 25.0 17.0
7 -1.0 -1.0 7.0 387.0 66.0
8 -1.0 -1.0 7.0 228.0 72.0
9 -1.0 -1.0 5.0 57.0 50.0
10 -1.0 -1.0 9.0 359.0 75.0
11 -1.0 -1.0 17.0 32.0 84.0
12 -1.0 -1.0 5.0 236.0 51.0
13 -1.0 -1.0 15.0 267.0 59.0
14 -1.0 -1.0 5.0 353.0 87.0
15 -1.0 -1.0 18.0 41.0 72.0
16 -1.0 -1.0 14.0 366.0 35.0
17 -1.0 -1.0 20.0 130.0 17.0
18 -1.0 -1.0 10.0 220.0 74.0
19 -1.0 -1.0 10.0 51.0 89.0
20 -1.0 -1.0 18.0 135.0 90.0
21 -1.0 -1.0 18.0 347.0 51.0
22 -1.0 -1.0 14.0 300.0 77.0
23 -1.0 -1.0 8.0 381.0 52.0
24 -1.0 -1.0 9.0 114.0 91.0
25 -1.0 -1.0 18.0 361.0 18.0
26 -1.0 -1.0 19.0 79.0 24.0
27 -1.0 -1.0 18.0 41.0 54.0
28 -1.0 -1.0 16.0 135.0 96.0
29 -1.0 -1.0 14.0 337.0 77.0
30 -1.0 -1.0 6.0 73.0 64.0
31 -1.0 -1.0 19.0 249.0 66.0
32 -1.0 -1.0 17.0 77.0 29.0
33 -1.0 -1.0 16.0 282.0 49.0
34 -1.0 -1.0 18.0 330.0 26.0
35 -1.0 -1.0 19.0 199.0 98.0
36 -1.0 -1.0 17.0 134.0 46.0
37 -1.0 -1.0 11.0 205.0 99.0
38 -1.0 -1.0 10.0 130.0 68.0
39 -1.0 -1.0 18.0 25.0 21.0
40 -1.0 -1.0 19.0 52.0 52.0
41 -1.0 -1.0 11.0 185.0 96.0
42 -1.0 -1.0 17.0 363.0 67.0
43 -1.0 -1.0 17.0 366.0 44.0
44 -1.0 -1.0 8.0 74.0 57.0
45 -1.0 -1.0 11.0 311.0 56.0
46 -1.0 -1.0 6.0 240.0 85.0
47 -1.0 -1.0 13.0 148.0 93.0
48 -1.0 -1.0 16.0 187.0 77.0
49 -1.0 -1.0 6.0 62.0 80.0
50 -1.0 -1.0 15.0 357.0 47.0
51 -1.0 -1.0 11.0 88.0 87.0
52 -1.0 -1.0 8.0 355.0 88.0
53 -1.0 -1.0 16.0 47.0 73.0
54 -1.0 -1.0 18.0 266.0 98.0
55 -1.0 -1.0 8.0 49.0 39.0
56 -1.0 -1.0 7.0 26.0 87.0
57 -1.0 -1.0 9.0 64.0 53.0
58 -1.0 -1.0 20.0 48.0 48.0
59 -1.0 -1.0 18.0 59.0 18.0
60 -1.0 -1.0 20.0 174.0 33.0
61 -1.0 -1.0 13.0 349.0 64.0
62 -1.0 -1.0 19.0 288.0 88.0
63 -1.0 -1.0 12.0 325.0 89.0
64 -1.0 -1.0 15.0 94.0 29.0
65 -1.0 -1.0 10.0 341.0 38.0
66 -1.0 -1.0 12.0 300.0 51.0
67 -1.0 -1.0 8.0 296.0 37.0
68 -1.0 -1.0 10.0 219.0 90.0
69 -1.0 -1.0 9.0 116.0 81.0
70 -1.0 -1.0 18.0 247.0 64.0
71 -1.0 -1.0 15.0 288.0 39.0
72 -1.0 -1.0 13.0 223.0 16.0
73 -1.0 -1.0 10.0 223.0 95.0
74 -1.0 -1.0 8.0 299.0 47.0
75 -1.0 -1.0 6.0 169.0 91.0
76 -1.0 -1.0 5.0 90.0 83.0
77 -1.0 -1.0 20.0 84.0 50.0
78 -1.0 -1.0 10.0 56.0 83.0
79 -1.0 -1.0 4.0 171.0 70.0
80 -1.0 -1.0 5.0 122.0 88.0
81 -1.0 -1.0 9.0 252.0 84.0
82 -1.0 -1.0 16.0 98.0 77.0
83 -1.0 -1.0 16.0 352.0 86.0
84 -1.0 -1.0 15.0 375.0 91.0
85 -1.0 -1.0 5.0 373.0 49.0
86 -1.0 -1.0 4.0 258.0 83.0
87 -1.0 -1.0 8.0 192.0 20.0
88 -1.0 -1.0 6.0 213.0 93.0
89 -1.0 -1.0 17.0 313.0 35.0
90 -1.0 -1.0 13.0 187.0 85.0
91 -1.0 -1.0 8.0 353.0 45.0
92 -1.0 -1.0 4.0 152.0 15.0
93 -1.0 -1.0 6.0 122.0 46.0
94 -1.0 -1.0 17.0 136.0 52.0
95 -1.0 -1.0 10.0 61.0 42.0
96 -1.0 -1.0 17.0 16.0 22.0
97 -1.0 -1.0 9.0 50.0 41.0
98 -1.0 -1.0 14.0 129.0 36.0
99 -1.0 -1.0 8.0 364.0 22.0
100 -1.0 -1.0 16.0 384.0 64.0
101 -1.0 -1.0 11.0 264.0 100.0
102 -1.0 -1.0 12.0 124.0 39.0
103 -1.0 -1.0 17.0 342.0 65.0
104 -1.0 -1.0 20.0 242.0 95.0
105 -1.0 -1.0 9.0 384.0 60.0
106 -1.0 -1.0 16.0 90.0 90.0
107 -1.0 -1.0 15.0 181.0 70.0
108 -1.0 -1.0 14.0 326.0 55.0
109 -1.0 -1.0 13.0 315.0 77.0
110 -1.0 -1.0 17.0 195.0 59.0
111 -1.0 -1.0 8.0 234.0 76.0
112 -1.0 -1.0 17.0 201.0 24.0
113 -1.0 -1.0 19.0 54.0 100.0
114 -1.0 -1.0 9.0 18.0 26.0
115 -1.0 -1.0 11.0 188.0 52.0
116 -1.0 -1.0 20.0 299.0 90.0
117 -1.0 -1.0 17.0 216.0 89.0
118 -1.0 -1.0 11.0 312.0 62.0
119 -1.0 -1.0 8.0 199.0 52.0
120 -1.0 -1.0 11.0 371.0 88.0
121 -1.0 -1.0 18.0 133.0 46.0
122 -1.0 -1.0 6.0 391.0 15.0
123 -1.0 -1.0 15.0 309.0 58.0
124 -1.0 -1.0 13.0 298.0 68.0
125 -1.0 -1.0 14.0 248.0 64.0
126 -1.0 -1.0 4.0 157.0 78.0
127 -1.0 -1.0 18.0 381.0 91.0
128 -1.0 -1.0 8.0 172.0 58.0
129 -1.0 -1.0 14.0 342.0 73.0
130 -1.0 -1.0 4.0 333.0 66.0
131 -1.0 -1.0 8.0 240.0 41.0
132 -1.0 -1.0 5.0 335.0 48.0
133 -1.0 -1.0 18.0 252.0 53.0
134 -1.0 -1.0 20.0 38.0 30.0
135 -1.0 -1.0 10.0 41.0 16.0
136 -1.0 -1.0 8.0 233.0 66.0
137 -1.0 -1.0 11.0 52.0 98.0
138 -1.0 -1.0 9.0 315.0 75.0
139 -1.0 -1.0 19.0 129.0 79.0
140 -1.0 -1.0 14.0 299.0 84.0
141 -1.0 -1.0 4.0 28.0 69.0
142 -1.0 -1.0 19.0 261.0 51.0
143 -1.0 -1.0 18.0 118.0 70.0
144 -1.0 -1.0 17.0 48.0 23.0
145 -1.0 -1.0 4.0 233.0 63.0
146 -1.0 -1.0 4.0 290.0 68.0
147 -1.0 -1.0 20.0 387.0 49.0
148 -1.0 -1.0 4.0 136.0 72.0
149 -1.0 -1.0 7.0 22.0 22.0
150 -1.0 -1.0 20.0 67.0 49.0
151 -1.0 -1.0 12.0 275.0 38.0
152 -1.0 -1.0 4.0 333.0 49.0
153 -1.0 -1.0 14.0 88.0 46.0
154 -1.0 -1.0 7.0 365.0 71.0
155 -1.0 -1.0 6.0 127.0 99.0
156 -1.0 -1.0 9.0 57.0 59.0
157 -1.0 -1.0 12.0 303.0 93.0
158 -1.0 -1.0 4.0 185.0 25.0
159 -1.0 -1.0 6.0 369.0 24.0
160 -1.0 -1.0 11.0 308.0 22.0
161 -1.0 -1.0 4.0 184.0 91.0
162 -1.0 -1.0 13.0 22.0 61.0
163 -1.0 -1.0 14.0 298.0 64.0
164 -1.0 -1.0 8.0 306.0 77.0
165 -1.0 -1.0 4.0 16.0 80.0
166 -1.0 -1.0 15.0 246.0 57.0
167 -1.0 -1.0 13.0 376.0 86.0
168 -1.0 -1.0 18.0 357.0 59.0
169 -1.0 -1.0 20.0 209.0 81.0
170 -1.0 -1.0 12.0 102.0 45.0
171 -1.0 -1.0 18.0 156.0 65.0
172 -1.0 -1.0 11.0 111.0 56.0
173 -1.0 -1.0 13.0 391.0 24.0
174 -1.0 -1.0 12.0 271.0 75.0
175 -1.0 -1.0 19.0 244.0 42.0
176 -1.0 -1.0 9.0 331.0 31.0
177 -1.0 -1.0 6.0 214.0 45.0
178 -1.0 -1.0 18.0 309.0 45.0
179 -1.0 -1.0 20.0 299.0 94.0
180 -1.0 -1.0 12.0 124.0 83.0
181 -1.0 -1.0 14.0 133.0 37.0
182 -1.0 -1.0 11.0 344.0 86.0
183 -1.0 -1.0 6.0 175.0 17.0
184 -1.0 -1.0 7.0 328.0 82.0
185 -1.0 -1.0 4.0 246.0 99.0
186 -1.0 -1.0 13.0 101.0 33.0
187 -1.0 -1.0 18.0 75.0 93.0
188 -1.0 -1.0 20.0 274.0 100.0
189 -1.0 -1.0 11.0 143.0 79.0
190 -1.0 -1.0 19.0 73.0 34.0
191 -1.0 -1.0 8.0 294.0 87.0
192 -1.0 -1.0 10.0 98.0 99.0
193 -1.0 -1.0 9.0 380.0 93.0
194 -1.0 -1.0 19.0 249.0 95.0
195 -1.0 -1.0 6.0 78.0 66.0
196 -1.0 -1.0 5.0 376.0 49.0
197 -1.0 -1.0 11.0 84.0 99.0
198 -1.0 -1.0 11.0 385.0 75.0
199 -1.0 -1.0 10.0 32.0 85.0
200 -1.0 -1.0 18.0 363.0 64.0
201 -1.0 -1.0 11.0 229.0 17.0
202 -1.0 -1.0 11.0 137.0 68.0
203 -1.0 -1.0 4.0 139.0 80.0
204 -1.0 -1.0 4.0 73.0 48.0
205 -1.0 -1.0 13.0 240.0 33.0
206 -1.0 -1.0 8.0 384.0 22.0
207 -1.0 -1.0 4.0 393.0 22.0
208 -1.0 -1.0 20.0 282.0 32.0
209 -1.0 -1.0 17.0 396.0 97.0
210 -1.0 -1.0 17.0 342.0 66.0
211 -1.0 -1.0 19.0 285.0 65.0
212 -1.0 -1.0 10.0 208.0 77.0
213 -1.0 -1.0 7.0 263.0 58.0
214 -1.0 -1.0 13.0 251.0 17.0
215 -1.0 -1.0 10.0 291.0 61.0
216 -1.0 -1.0 16.0 279.0 46.0
217 -1.0 -1.0 16.0 377.0 36.0
218 -1.0 -1.0 15.0 163.0 68.0
219 -1.0 -1.0 5.0 51.0 60.0
220 -1.0 -1.0 18.0 49.0 71.0
221 -1.0 -1.0 14.0 387.0 57.0
222 -1.0 -1.0 9.0 387.0 77.0
223 -1.0 -1.0 18.0 351.0 56.0
224 -1.0 -1.0 9.0 99.0 80.0
225 -1.0 -1.0 7.0 63.0 61.0
226 -1.0 -1.0 10.0 216.0 79.0
227 -1.0 -1.0 14.0 208.0 97.0
228 -1.0 -1.0 4.0 327.0 29.0
229 -1.0 -1.0 9.0 74.0 37.0
230 -1.0 -1.0 8.0 332.0 28.0
231 -1.0 -1.0 12.0 225.0 43.0
232 -1.0 -1.0 14.0 251.0 37.0
233 -1.0 -1.0 5.0 279.0 71.0
234 -1.0 -1.0 12.0 57.0 23.0
235 -1.0 -1.0 18.0 146.0 61.0
236 -1.0 -1.0 9.0 115.0 59.0
237 -1.0 -1.0 11.0 344.0 32.0
238 -1.0 -1.0 7.0 266.0 66.0
239 -1.0 -1.0 10.0 156.0 40.0
240 -1.0 -1.0 16.0 100.0 84.0
241 -1.0 -1.0 17.0 52.0 87.0
242 -1.0 -1.0 19.0 128.0 44.0
243 -1.0 -1.0 16.0 163.0 75.0
244 -1.0 -1.0 12.0 173.0 97.0
245 -1.0 -1.0 9.0 269.0 28.0
246 -1.0 -1.0 7.0 342.0 28.0
247 -1.0 -1.0 17.0 258.0 87.0
248 -1.0 -1.0 7.0 246.0 34.0
249 -1.0 -1.0 8.0 196.0 99.0
250 -1.0 -1.0 18.0 384.0 64.0
251 -1.0 -1.0 11.0 57.0 44.0
252 -1.0 -1.0 11.0 328.0 34.0
253 -1.0 -1.0 4.0 278.0 46.0
254 -1.0 -1.0 14.0 220.0 45.0
255 -1.0 -1.0 7.0 398.0 84.0
256 -1.0 -1.0 10.0 262.0 34.0
257 -1.0 -1.0 17.0 118.0 43.0
258 -1.0 -1.0 14.0 367.0 23.0
259 -1.0 -1.0 17.0 208.0 86.0
260 -1.0 -1.0 9.0 206.0 30.0
261 -1.0 -1.0 18.0 140.0 78.0
262 -1.0 -1.0 19.0 113.0 55.0
263 -1.0 -1.0 17.0 306.0 62.0
264 -1.0 -1.0 19.0 301.0 46.0
265 -1.0 -1.0 17.0 188.0 21.0
266 -1.0 -1.0 4.0 268.0 17.0
267 -1.0 -1.0 11.0 377.0 78.0
268 -1.0 -1.0 11.0 323.0 19.0
269 -1.0 -1.0 16.0 67.0 30.0
270 -1.0 -1.0 16.0 388.0 40.0
271 -1.0 -1.0 7.0 35.0 17.0
272 -1.0 -1.0 7.0 119.0 50.0
273 -1.0 -1.0 10.0 196.0 49.0
274 -1.0 -1.0 4.0 227.0 19.0
275 -1.0 -1.0 17.0 100.0 36.0
276 -1.0 -1.0 19.0 255.0 29.0
277 -1.0 -1.0 17.0 328.0 30.0
278 -1.0 -1.0 8.0 396.0 37.0
279 -1.0 -1.0 17.0 363.0 90.0
280 -1.0 -1.0 6.0 114.0 64.0
281 -1.0 -1.0 10.0 354.0 43.0
282 -1.0 -1.0 15.0 299.0 40.0
283 -1.0 -1.0 4.0 356.0 26.0
284 -1.0 -1.0 15.0 62.0 49.0
285 -1.0 -1.0 15.0 315.0 72.0
286 -1.0 -1.0 5.0 75.0 61.0
287 -1.0 -1.0 13.0 174.0 75.0
288 -1.0 -1.0 6.0 56.0 100.0
289 -1.0 -1.0 20.0 158.0 60.0
290 -1.0 -1.0 10.0 198.0 79.0
291 -1.0 -1.0 15.0 66.0 81.0
292 -1.0 -1.0 9.0 77.0 80.0
293 -1.0 -1.0 9.0 265.0 23.0
294 -1.0 -1.0 14.0 233.0 88.0
295 -1.0 -1.0 8.0 167.0 35.0
296 -1.0 -1.0 14.0 264.0 60.0
297 -1.0 -1.0 4.0 227.0 24.0
298 -1.0 -1.0 12.0 203.0 63.0
299 -1.0 -1.0 11.0 80.0 60.0
300 -1.0 -1.0 4.0 85.0 21.0
301 -1.0 -1.0 17.0 101.0 48.0
302 -1.0 -1.0 9.0 133.0 78.0
303 -1.0 -1.0 7.0 177.0 72.0
304 -1.0 -1.0 14.0 377.0 90.0
305 -1.0 -1.0 16.0 175.0 40.0
306 -1.0 -1.0 16.0 320.0 71.0
307 -1.0 -1.0 18.0 270.0 84.0
308 -1.0 -1.0 18.0 207.0 92.0
309 -1.0 -1.0 18.0 389.0 73.0
310 -1.0 -1.0 11.0 95.0 65.0
311 -1.0 -1.0 14.0 245.0 64.0
312 -1.0 -1.0 13.0 243.0 16.0
313 -1.0 -1.0 13.0 261.0 34.0
314 -1.0 -1.0 12.0 19.0 23.0
315 -1.0 -1.0 19.0 273.0 47.0
316 -1.0 -1.0 7.0 277.0 67.0
317 -1.0 -1.0 7.0 67.0 32.0
318 -1.0 -1.0 10.0 166.0 59.0
319 -1.0 -1.0 15.0 383.0 56.0
320 -1.0 -1.0 5.0 118.0 48.0
321 -1.0 -1.0 13.0 191.0 63.0
322 -1.0 -1.0 6.0 65.0 22.0
323 -1.0 -1.0 15.0 51.0 32.0
324 -1.0 -1.0 20.0 358.0 74.0
325 -1.0 -1.0 4.0 271.0 42.0
326 -1.0 -1.0 19.0 397.0 43.0
327 -1.0 -1.0 16.0 156.0 66.0
328 -1.0 -1.0 6.0 366.0 49.0
329 -1.0 -1.0 19.0 341.0 18.0
330 -1.0 -1.0 5.0 122.0 44.0
331 -1.0 -1.0 13.0 138.0 32.0
332 -1.0 -1.0 19.0 355.0 34.0
333 -1.0 -1.0 14.0 316.0 99.0
334 -1.0 -1.0 5.0 97.0 78.0
335 -1.0 -1.0 7.0 151.0 87.0
336 -1.0 -1.0 18.0 361.0 66.0
337 -1.0 -1.0 9.0 71.0 62.0
338 -1.0 -1.0 9.0 155.0 85.0
339 -1.0 -1.0 19.0 39.0 44.0
340 -1.0 -1.0 20.0 293.0 23.0
341 -1.0 -1.0 19.0 236.0 44.0
342 -1.0 -1.0 14.0 172.0 38.0
343 -1.0 -1.0 4.0 312.0 33.0
344 -1.0 -1.0 20.0 279.0 36.0
345 -1.0 -1.0 11.0 109.0 98.0
346 -1.0 -1.0 17.0 28.0 65.0
347 -1.0 -1.0 16.0 71.0 44.0
348 -1.0 -1.0 12.0 225.0 61.0
349 -1.0 -1.0 19.0 372.0 27.0
350 -1.0 -1.0 13.0 289.0 82.0
351 -1.0 -1.0 8.0 38.0 29.0
352 -1.0 -1.0 19.0 281.0 44.0
353 -1.0 -1.0 4.0 29.0 85.0
354 -1.0 -1.0 4.0 297.0 97.0
355 -1.0 -1.0 5.0 39.0 28.0
356 -1.0 -1.0 5.0 150.0 83.0
357 -1.0 -1.0 6.0 288.0 56.0
358 -1.0 -1.0 14.0 317.0 45.0
359 -1.0 -1.0 19.0 165.0 24.0
360 -1.0 -1.0 7.0 313.0 73.0
361 -1.0 -1.0 13.0 218.0 97.0
362 -1.0 -1.0 4.0 347.0 80.0
363 -1.0 -1.0 12.0 23.0 86.0
364 -1.0 -1.0 8.0 195.0 81.0
365 -1.0 -1.0 10.0 190.0 28.0
366 -1.0 -1.0 19.0 216.0 74.0
367 -1.0 -1.0 4.0 158.0 38.0
368 -1.0 -1.0 8.0 81.0 37.0
369 -1.0 -1.0 16.0 197.0 82.0
370 -1.0 -1.0 6.0 200.0 76.0
371 -1.0 -1.0 16.0 179.0 32.0
372 -1.0 -1.0 18.0 17.0 76.0
373 -1.0 -1.0 13.0 225.0 80.0
374 -1.0 -1.0 16.0 269.0 40.0
375 -1.0 -1.0 11.0 342.0 23.0
376 -1.0 -1.0 12.0 393.0 99.0
377 -1.0 -1.0 13.0 142.0 19.0
378 -1.0 -1.0 11.0 225.0 84.0
379 -1.0 -1.0 5.0 101.0 50.0
380 -1.0 -1.0 4.0 108.0 79.0
381 -1.0 -1.0 17.0 104.0 45.0
382 -1.0 -1.0 9.0 246.0 45.0
383 -1.0 -1.0 10.0 230.0 71.0
384 -1.0 -1.0 16.0 57.0 87.0
385 -1.0 -1.0 9.0 156.0 66.0
386 -1.0 -1.0 9.0 23.0 93.0
387 -1.0 -1.0 11.0 288.0 31.0
388 -1.0 -1.0 17.0 76.0 79.0
389 -1.0 -1.0 8.0 60.0 69.0
390 -1.0 -1.0 9.0 89.0 23.0
391 -1.0 -1.0 9.0 303.0 99.0
392 -1.0 -1.0 10.0 315.0 20.0
393 -1.0 -1.0 7.0 90.0 99.0
394 -1.0 -1.0 9.0 127.0 84.0
395 -1.0 -1.0 16.0 345.0 45.0
396 -1.0 -1.0 19.0 314.0 44.0
397 -1.0 -1.0 17.0 367.0 20.0
398 -1.0 -1.0 5.0 378.0 40.0
399 -1.0 -1.0 19.0 48.0 35.0
400 -1.0 -1.0 18.0 338.0 97.0
401 -1.0 -1.0 18.0 382.0 71.0
402 -1.0 -1.0 9.0 37.0 84.0
403 -1.0 -1.0 17.0 136.0 40.0
404 -1.0 -1.0 14.0 100.0 22.0
405 -1.0 -1.0 6.0 316.0 71.0
406 -1.0 -1.0 14.0 132.0 71.0
407 -1.0 -1.0 9.0 201.0 91.0
408 -1.0 -1.0 15.0 363.0 76.0
409 -1.0 -1.0 14.0 342.0 31.0
410 -1.0 -1.0 4.0 111.0 38.0
411 -1.0 -1.0 15.0 302.0 67.0
412 -1.0 -1.0 4.0 242.0 19.0
413 -1.0 -1.0 13.0 230.0 32.0
414 -1.0 -1.0 19.0 385.0 95.0
415 -1.0 -1.0 4.0 244.0 73.0
416 -1.0 -1.0 15.0 145.0 68.0
417 -1.0 -1.0 14.0 25.0 16.0
418 -1.0 -1.0 6.0 46.0 18.0
419 -1.0 -1.0 13.0 246.0 60.0
420 -1.0 -1.0 6.0 56.0 58.0
421 -1.0 -1.0 11.0 123.0 25.0
422 -1.0 -1.0 19.0 233.0 36.0
423 -1.0 -1.0 7.0 233.0 86.0
424 -1.0 -1.0 11.0 23.0 26.0
425 -1.0 -1.0 7.0 288.0 31.0
426 -1.0 -1.0 7.0 291.0 19.0
427 -1.0 -1.0 15.0 232.0 55.0
428 -1.0 -1.0 15.0 66.0 21.0
429 -1.0 -1.0 7.0 206.0 53.0
430 -1.0 -1.0 6.0 245.0 38.0
431 -1.0 -1.0 14.0 219.0 56.0
432 -1.0 -1.0 18.0 120.0 44.0
433 -1.0 -1.0 9.0 83.0 45.0
434 -1.0 -1.0 5.0 386.0 80.0
435 -1.0 -1.0 5.0 192.0 56.0
436 -1.0 -1.0 7.0 114.0 16.0
437 -1.0 -1.0 4.0 126.0 93.0
438 -1.0 -1.0 19.0 191.0 71.0
439 -1.0 -1.0 5.0 266.0 43.0
440 -1.0 -1.0 12.0 329.0 75.0
441 -1.0 -1.0 10.0 384.0 62.0
442 -1.0 -1.0 9.0 150.0 34.0
443 -1.0 -1.0 19.0 72.0 47.0
444 -1.0 -1.0 13.0 33.0 77.0
445 -1.0 -1.0 13.0 40.0 68.0
446 -1.0 -1.0 7.0 54.0 68.0
447 -1.0 -1.0 10.0 218.0 78.0
448 -1.0 -1.0 11.0 222.0 22.0
449 -1.0 -1.0 8.0 335.0 18.0
450 -1.0 -1.0 18.0 247.0 41.0
451 -1.0 -1.0 6.0 89.0 81.0
452 -1.0 -1.0 11.0 124.0 42.0
453 -1.0 -1.0 17.0 308.0 71.0
454 -1.0 -1.0 16.0 107.0 44.0
455 -1.0 -1.0 8.0 61.0 82.0
456 -1.0 -1.0 16.0 157.0 53.0
457 -1.0 -1.0 19.0 241.0 68.0
458 -1.0 -1.0 4.0 391.0 23.0
459 -1.0 -1.0 8.0 350.0 46.0
460 -1.0 -1.0 13.0 117.0 74.0
461 -1.0 -1.0 10.0 358.0 52.0
462 -1.0 -1.0 17.0 37.0 95.0
463 -1.0 -1.0 14.0 321.0 50.0
464 -1.0 -1.0 17.0 122.0 19.0
465 -1.0 -1.0 10.0 255.0 38.0
466 -1.0 -1.0 18.0 258.0 28.0
467 -1.0 -1.0 5.0 112.0 78.0
468 -1.0 -1.0 13.0 48.0 68.0
469 -1.0 -1.0 16.0 30.0 16.0
470 -1.0 -1.0 6.0 43.0 54.0
471 -1.0 -1.0 12.0 65.0 28.0
472 -1.0 -1.0 6.0 386.0 24.0
473 -1.0 -1.0 4.0 47.0 88.0
474 -1.0 -1.0 17.0 96.0 36.0
475 -1.0 -1.0 16.0 226.0 86.0
476 -1.0 -1.0 16.0 353.0 98.0
477 -1.0 -1.0 12.0 219.0 67.0
478 -1.0 -1.0 4.0 277.0 81.0
479 -1.0 -1.0 18.0 236.0 94.0
480 -1.0 -1.0 17.0 188.0 94.0
481 -1.0 -1.0 12.0 372.0 55.0
482 -1.0 -1.0 18.0 17.0 57.0
483 -1.0 -1.0 19.0 224.0 31.0
484 -1.0 -1.0 16.0 263.0 87.0
485 -1.0 -1.0 8.0 42.0 26.0
486 -1.0 -1.0 5.0 250.0 37.0
487 -1.0 -1.0 20.0 60.0 99.0
488 -1.0 -1.0 11.0 318.0 50.0
489 -1.0 -1.0 7.0 268.0 74.0
490 -1.0 -1.0 5.0 394.0 84.0
491 -1.0 -1.0 10.0 348.0 69.0
492 -1.0 -1.0 9.0 146.0 90.0
493 -1.0 -1.0 7.0 189.0 19.0
494 -1.0 -1.0 11.0 251.0 47.0
495 -1.0 -1.0 18.0 310.0 50.0
496 -1.0 -1.0 5.0 21.0 26.0
497 -1.0 -1.0 16.0 114.0 39.0
498 -1.0 -1.0 7.0 353.0 23.0
499 -1.0 -1.0 14.0 353.0 70.0
500 -1.0 -1.0 18.0 57.0 88.0
501 -1.0 -1.0 14.0 301.0 46.0
502 -1.0 -1.0 5.0 162.0 66.0
503 -1.0 -1.0 5.0 345.0 36.0
504 -1.0 -1.0 13.0 279.0 66.0
505 -1.0 -1.0 8.0 65.0 57.0
506 -1.0 -1.0 16.0 216.0 87.0
507 -1.0 -1.0 6.0 327.0 31.0
508 -1.0 -1.0 18.0 96.0 22.0
509 -1.0 -1.0 13.0 385.0 26.0
510 -1.0 -1.0 12.0 28.0 82.0
511 -1.0 -1.0 19.0 364.0 54.0
512 -1.0 -1.0 6.0 126.0 46.0
513 -1.0 -1.0 4.0 198.0 58.0
514 -1.0 -1.0 17.0 238.0 20.0
515 -1.0 -1.0 10.0 246.0 61.0
516 -1.0 -1.0 16.0 37.0 98.0
517 -1.0 -1.0 10.0 243.0 43.0
518 -1.0 -1.0 18.0 166.0 85.0
519 -1.0 -1.0 10.0 20.0 93.0
520 -1.0 -1.0 17.0 71.0 17.0
521 -1.0 -1.0 20.0 298.0 70.0
522 -1.0 -1.0 4.0 116.0 58.0
523 -1.0 -1.0 16.0 169.0 79.0
524 -1.0 -1.0 7.0 44.0 38.0
525 -1.0 -1.0 5.0 209.0 56.0
526 -1.0 -1.0 12.0 341.0 45.0
527 -1.0 -1.0 8.0 365.0 69.0
528 -1.0 -1.0 17.0 387.0 17.0
529 -1.0 -1.0 5.0 237.0 32.0
530 -1.0 -1.0 20.0 359.0 33.0
531 -1.0 -1.0 18.0 51.0 73.0
532 -1.0 -1.0 19.0 289.0 45.0
533 -1.0 -1.0 16.0 306.0 29.0
534 -1.0 -1.0 15.0 297.0 20.0
535 -1.0 -1.0 4.0 352.0 65.0
536 -1.0 -1.0 4.0 279.0 84.0
537 -1.0 -1.0 18.0 113.0 40.0
538 -1.0 -1.0 10.0 115.0 62.0
539 -1.0 -1.0 6.0 236.0 22.0
540 -1.0 -1.0 11.0 55.0 52.0
541 -1.0 -1.0 11.0 133.0 40.0
542 -1.0 -1.0 18.0 308.0 21.0
543 -1.0 -1.0 15.0 95.0 16.0
544 -1.0 -1.0 16.0 280.0 34.0
545 -1.0 -1.0 6.0 160.0 46.0
546 -1.0 -1.0 19.0 257.0 33.0
547 -1.0 -1.0 15.0 383.0 34.0
548 -1.0 -1.0 14.0 266.0 83.0
549 -1.0 -1.0 7.0 145.0 46.0
550 -1.0 -1.0 11.0 162.0 17.0
551 -1.0 -1.0 10.0 141.0 35.0
552 -1.0 -1.0 9.0 76.0 95.0
553 -1.0 -1.0 9.0 368.0 42.0
554 -1.0 -1.0 9.0 332.0 47.0
555 -1.0 -1.0 14.0 201.0 81.0
556 -1.0 -1.0 14.0 58.0 29.0
557 -1.0 -1.0 7.0 50.0 92.0
558 -1.0 -1.0 11.0 360.0 98.0
559 -1.0 -1.0 18.0 16.0 56.0
560 -1.0 -1.0 18.0 146.0 30.0
561 -1.0 -1.0 19.0 153.0 30.0
562 -1.0 -1.0 13.0 28.0 75.0
563 -1.0 -1.0 18.0 329.0 58.0
564 -1.0 -1.0 19.0 273.0 36.0
565 -1.0 -1.0 8.0 235.0 20.0
566 -1.0 -1.0 10.0 102.0 74.0
567 -1.0 -1.0 18.0 366.0 87.0
568 -1.0 -1.0 4.0 205.0 69.0
569 -1.0 -1.0 15.0 358.0 71.0
570 -1.0 -1.0 13.0 94.0 77.0
571 -1.0 -1.0 14.0 387.0 38.0
572 -1.0 -1.0 13.0 219.0 62.0
573 -1.0 -1.0 17.0 386.0 37.0
574 -1.0 -1.0 9.0 326.0 97.0
575 -1.0 -1.0 7.0 251.0 61.0
576 -1.0 -1.0 18.0 54.0 23.0
577 -1.0 -1.0 20.0 64.0 69.0
578 -1.0 -1.0 12.0 137.0 49.0
579 -1.0 -1.0 17.0 201.0 48.0
580 -1.0 -1.0 18.0 115.0 79.0
581 -1.0 -1.0 9.0 324.0 32.0
582 -1.0 -1.0 12.0 394.0 31.0
583 -1.0 -1.0 8.0 397.0 64.0
584 -1.0 -1.0 16.0 329.0 91.0
585 -1.0 -1.0 13.0 221.0 61.0
586 -1.0 -1.0 20.0 172.0 65.0
587 -1.0 -1.0 8.0 187.0 75.0
588 -1.0 -1.0 18.0 99.0 82.0
589 -1.0 -1.0 7.0 376.0 18.0
590 -1.0 -1.0 16.0 214.0 75.0
591 -1.0 -1.0 16.0 302.0 97.0
592 -1.0 -1.0 10.0 43.0 83.0
593 -1.0 -1.0 6.0 391.0 94.0
594 -1.0 -1.0 9.0 24.0 28.0
595 -1.0 -1.0 4.0 366.0 18.0
596 -1.0 -1.0 17.0 72.0 90.0
597 -1.0 -1.0 19.0 334.0 95.0
598 -1.0 -1.0 4.0 46.0 59.0
599 -1.0 -1.0 9.0 109.0 54.0
600 -1.0 -1.0 11.0 317.0 23.0
601 -1.0 -1.0 7.0 16.0 23.0
602 -1.0 -1.0 19.0 154.0 27.0
603 -1.0 -1.0 5.0 280.0 34.0
604 -1.0 -1.0 15.0 278.0 68.0
605 -1.0 -1.0 9.0 191.0 68.0
606 -1.0 -1.0 13.0 373.0 78.0
607 -1.0 -1.0 7.0 30.0 65.0
608 -1.0 -1.0 12.0 276.0 40.0
609 -1.0 -1.0 11.0 288.0 45.0
610 -1.0 -1.0 13.0 302.0 44.0
611 -1.0 -1.0 18.0 168.0 88.0
612 -1.0 -1.0 16.0 163.0 43.0
613 -1.0 -1.0 11.0 393.0 30.0
614 -1.0 -1.0 8.0 307.0 67.0
615 -1.0 -1.0 16.0 308.0 79.0
616 -1.0 -1.0 14.0 363.0 45.0
617 -1.0 -1.0 4.0 241.0 64.0
618 -1.0 -1.0 6.0 181.0 72.0
619 -1.0 -1.0 5.0 246.0 42.0
620 -1.0 -1.0 11.0 98.0 56.0
621 -1.0 -1.0 14.0 352.0 55.0
622 -1.0 -1.0 7.0 163.0 85.0
623 -1.0 -1.0 7.0 15.0 53.0
624 -1.0 -1.0 9.0 32.0 35.0
625 -1.0 -1.0 4.0 161.0 84.0
626 -1.0 -1.0 19.0 148.0 75.0
627 -1.0 -1.0 4.0 62.0 74.0
628 -1.0 -1.0 18.0 252.0 32.0
629 -1.0 -1.0 10.0 40.0 62.0
630 -1.0 -1.0 13.0 59.0 57.0
631 -1.0 -1.0 14.0 381.0 92.0
632 -1.0 -1.0 20.0 343.0 46.0
633 -1.0 -1.0 14.0 268.0 100.0
634 -1.0 -1.0 14.0 25.0 63.0
635 -1.0 -1.0 11.0 16.0 85.0
636 -1.0 -1.0 19.0 233.0 60.0
637 -1.0 -1.0 5.0 250.0 60.0
638 -1.0 -1.0 5.0 349.0 96.0
639 -1.0 -1.0 14.0 165.0 70.0
640 -1.0 -1.0 4.0 337.0 59.0
641 -1.0 -1.0 5.0 288.0 49.0
642 -1.0 -1.0 15.0 262.0 50.0
643 -1.0 -1.0 15.0 68.0 38.0
644 -1.0 -1.0 14.0 93.0 100.0
645 -1.0 -1.0 6.0 360.0 42.0
646 -1.0 -1.0 8.0 296.0 15.0
647 -1.0 -1.0 11.0 77.0 69.0
648 -1.0 -1.0 14.0 70.0 82.0
649 -1.0 -1.0 19.0 361.0 77.0
650 -1.0 -1.0 8.0 98.0 35.0
651 -1.0 -1.0 19.0 284.0 39.0
652 -1.0 -1.0 6.0 282.0 92.0
653 -1.0 -1.0 9.0 248.0 21.0
654 -1.0 -1.0 15.0 230.0 33.0
655 -1.0 -1.0 14.0 250.0 17.0
656 -1.0 -1.0 18.0 231.0 77.0
657 -1.0 -1.0 13.0 158.0 63.0
658 -1.0 -1.0 17.0 80.0 37.0
659 -1.0 -1.0 19.0 372.0 27.0
660 -1.0 -1.0 7.0 321.0 36.0
661 -1.0 -1.0 16.0 388.0 100.0
662 -1.0 -1.0 17.0 69.0 64.0
663 -1.0 -1.0 9.0 121.0 74.0
664 -1.0 -1.0 7.0 396.0 80.0
665 -1.0 -1.0 16.0 41.0 60.0
666 -1.0 -1.0 8.0 389.0 38.0
667 -1.0 -1.0 8.0 232.0 37.0
668 -1.0 -1.0 19.0 212.0 61.0
669 -1.0 -1.0 14.0 56.0 38.0
670 -1.0 -1.0 19.0 307.0 42.0
671 -1.0 -1.0 16.0 196.0 98.0
672 -1.0 -1.0 12.0 253.0 99.0
673 -1.0 -1.0 14.0 386.0 62.0
674 -1.0 -1.0 16.0 178.0 55.0
675 -1.0 -1.0 9.0 69.0 86.0
676 -1.0 -1.0 6.0 199.0 82.0
677 -1.0 -1.0 18.0 311.0 68.0
678 -1.0 -1.0 18.0 389.0 86.0
679 -1.0 -1.0 18.0 278.0 36.0
680 -1.0 -1.0 8.0 134.0 86.0
681 -1.0 -1.0 9.0 268.0 40.0
682 -1.0 -1.0 4.0 165.0 52.0
683 -1.0 -1.0 8.0 317.0 88.0
684 -1.0 -1.0 10.0 324.0 39.0
685 -1.0 -1.0 6.0 100.0 21.0
686 -1.0 -1.0 4.0 236.0 22.0
687 -1.0 -1.0 10.0 296.0 44.0
688 -1.0 -1.0 20.0 280.0 29.0
689 -1.0 -1.0 7.0 163.0 45.0
690 -1.0 -1.0 9.0 66.0 26.0
691 -1.0 -1.0 15.0 293.0 69.0
692 -1.0 -1.0 10.0 239.0 81.0
693 -1.0 -1.0 9.0 322.0 59.0
694 -1.0 -1.0 11.0 159.0 18.0
695 -1.0 -1.0 4.0 314.0 29.0
696 -1.0 -1.0 15.0 150.0 40.0
697 -1.0 -1.0 9.0 305.0 92.0
698 -1.0 -1.0 5.0 51.0 97.0
699 -1.0 -1.0 6.0 274.0 15.0
700 -1.0 -1.0 4.0 180.0 67.0
701 -1.0 -1.0 8.0 271.0 72.0
702 -1.0 -1.0 20.0 74.0 20.0
703 -1.0 -1.0 9.0 80.0 64.0
704 -1.0 -1.0 16.0 150.0 64.0
705 -1.0 -1.0 13.0 359.0 64.0
706 -1.0 -1.0 15.0 350.0 48.0
707 -1.0 -1.0 4.0 121.0 84.0
708 -1.0 -1.0 15.0 112.0 90.0
709 -1.0 -1.0 18.0 353.0 80.0
710 -1.0 -1.0 14.0 323.0 66.0
711 -1.0 -1.0 13.0 104.0 72.0
712 -1.0 -1.0 14.0 387.0 33.0
713 -1.0 -1.0 13.0 125.0 86.0
714 -1.0 -1.0 9.0 366.0 91.0
715 -1.0 -1.0 13.0 391.0 45.0
716 -1.0 -1.0 16.0 275.0 49.0
717 -1.0 -1.0 5.0 356.0 32.0
718 -1.0 -1.0 10.0 307.0 19.0
719 -1.0 -1.0 5.0 236.0 78.0
720 -1.0 -1.0 18.0 287.0 35.0
721 -1.0 -1.0 18.0 341.0 68.0
722 -1.0 -1.0 13.0 245.0 37.0
723 -1.0 -1.0 10.0 252.0 87.0
724 -1.0 -1.0 5.0 134.0 59.0
725 -1.0 -1.0 7.0 383.0 93.0
935
0 24 11
0 1 12
1 25 8
1 2 5
2 26 9
3 4 8
4 5 10
5 29 8
6 7 10
7 8 7
8 9 8
9 10 11
10 31 9
10 11 9
12 32 8
12 13 9
13 14 7
14 33 12
14 15 9
15 34 10
16 17 8
17 36 11
17 18 10
18 37 11
19 39 10
20 41 6
20 21 12
21 22 7
23 43 7
24 44 9
24 25 6
25 45 12
25 26 10
26 46 5
26 27 8
27 28 12
28 47 11
29 50 7
29 30 11
30 51 5
31 55 6
32 56 11
33 34 9
34 58 9
34 35 10
36 60 9
36 37 12
37 61 6
37 38 6
38 62 9
38 39 9
39 63 8
40 41 9
41 65 12
42 68 7
42 43 9
43 69 11
44 70 8
44 45 8
45 71 10
45 46 8
47 73 12
47 48 11
48 74 10
48 49 7
49 75 6
49 50 11
50 76 6
50 51 9
51 77 7
51 52 10
52 78 6
53 54 9
54 80 6
54 55 8
55 81 9
56 83 6
56 57 10
58 85 11
59 60 12
60 61 5
61 87 5
61 62 5
62 63 9
63 88 11
63 64 11
65 66 12
66 67 10
67 90 7
67 68 10
68 91 5
68 69 8
69 92 12
70 71 5
71 93 6
72 95 7
72 73 5
73 96 5
73 74 6
74 97 9
74 75 6
75 98 6
75 76 11
76 77 9
77 99 10
77 78 9
78 79 9
80 100 9
80 81 5
81 101 11
81 82 9
82 102 10
83 104 7
84 85 9
85 86 8
88 108 12
89 110 5
90 113 7
90 91 6
91 114 10
91 92 9
92 115 6
93 94 12
94 116 7
94 95 7
95 117 8
95 96 12
96 118 9
96 97 5
97 119 7
97 98 5
99 121 9
100 125 12
100 101 9
101 126 11
101 102 5
102 103 10
103 104 5
104 105 10
105 127 9
106 130 11
107 133 10
107 108 8
108 134 7
108 109 5
109 110 11
110 111 5
111 135 8
111 112 6
112 136 8
112 113 5
113 137 6
113 114 5
114 138 12
114 115 8
116 141 10
116 117 7
117 118 11
118 119 6
119 142 11
120 121 5
121 144 12
121 122 9
122 123 8
123 124 7
124 145 9
124 125 10
125 146 8
125 126 12
126 147 6
127 128 12
129 152 12
129 130 7
130 131 6
131 153 6
131 132 6
132 133 9
133 154 6
133 134 6
134 155 12
135 156 7
135 136 7
136 137 8
137 138 10
138 157 6
139 159 8
139 140 6
140 160 8
140 141 12
141 161 8
142 143 7
144 163 5
145 165 11
145 146 12
146 147 8
147 166 10
147 148 5
148 149 12
149 167 12
149 150 10
150 168 12
151 170 9
151 152 7
152 171 12
153 172 8
154 173 11
154 155 8
155 174 12
157 178 11
157 158 9
158 179 11
159 180 5
159 160 8
160 181 12
160 161 12
161 162 8
163 183 6
164 165 9
165 185 12
166 187 9
167 189 10
167 168 6
168 190 6
169 191 7
169 170 7
170 192 6
170 171 6
172 194 10
173 195 11
173 174 5
174 196 9
174 175 9
175 197 11
175 176 6
176 198 12
177 200 9
178 202 12
178 179 11
180 203 9
180 181 10
182 207 12
182 183 9
183 184 8
184 208 5
185 209 12
185 186 12
186 210 10
186 187 12
187 211 11
187 188 12
188 189 8
189 190 10
190 212 7
191 192 5
192 214 8
193 215 10
193 194 12
194 216 12
195 196 11
196 218 6
196 197 11
197 219 9
197 198 8
198 220 8
198 199 9
199 200 5
200 201 9
201 202 9
203 221 6
204 222 5
205 224 6
205 206 7
206 225 10
209 229 8
209 210 7
210 230 5
210 211 9
212 213 7
213 232 7
215 235 10
215 216 10
216 236 12
216 217 11
217 237 5
218 239 9
218 219 7
219 240 10
219 220 5
220 241 5
221 245 8
222 246 7
222 223 11
223 247 5
223 224 8
224 248 10
224 225 12
225 249 12
225 226 11
226 250 8
227 251 7
228 229 5
229 253 6
229 230 9
230 254 11
231 257 7
232 259 6
232 233 8
234 261 9
234 235 11
235 236 7
236 237 6
237 262 8
237 238 12
238 239 6
239 240 8
240 263 11
240 241 12
242 266 12
242 243 6
243 244 6
244 267 7
246 268 8
246 247 7
247 248 10
248 249 12
249 269 12
249 250 6
250 270 10
251 272 7
251 252 11
252 273 7
253 274 11
253 254 7
254 275 6
254 255 7
255 276 8
255 256 6
256 277 12
256 257 8
257 278 9
257 258 6
258 279 8
258 259 9
259 280 10
260 281 12
260 261 5
261 282 5
262 283 8
264 285 11
264 265 9
265 266 5
267 286 11
268 289 6
269 291 11
269 270 5
270 292 7
270 271 11
271 293 8
271 272 5
272 273 8
273 294 8
274 296 8
274 275 9
275 297 8
275 276 11
276 277 7
277 278 8
278 279 5
279 280 6
280 298 12
281 299 6
281 282 8
283 300 9
283 284 12
284 301 10
285 303 5
287 288 7
288 289 8
289 306 7
289 290 7
291 308 10
291 292 7
292 293 6
293 309 10
294 295 7
295 311 12
295 296 7
296 312 11
296 297 7
299 315 10
300 301 8
301 317 11
302 303 11
303 319 12
303 304 5
304 305 12
306 321 5
307 323 7
307 308 8
308 324 12
309 325 9
309 310 9
310 326 6
311 328 9
311 312 9
313 314 10
314 332 12
315 335 8
316 337 7
318 340 11
319 341 9
320 343 7
320 321 8
321 344 8
321 322 6
322 323 11
323 345 6
323 324 6
324 346 5
325 326 6
326 347 11
326 327 10
327 348 5
327 328 12
328 349 10
329 330 12
330 350 12
330 331 5
332 352 6
332 333 12
333 334 8
334 353 6
334 335 8
335 336 5
336 354 12
336 337 10
337 338 6
339 340 8
340 356 7
341 358 5
342 361 5
343 364 8
343 344 5
344 365 10
345 366 10
345 346 10
346 367 12
347 370 11
347 348 6
348 371 10
348 349 10
349 372 10
350 375 7
351 377 6
351 352 8
352 378 5
353 380 6
355 383 5
356 385 9
356 357 11
357 386 10
357 358 8
358 359 9
359 360 6
360 387 11
360 361 11
361 362 8
362 388 11
363 389 12
363 364 9
364 390 12
364 365 7
365 391 5
366 393 9
366 367 6
367 394 7
367 368 7
368 369 6
369 370 11
370 395 7
370 371 12
371 396 10
371 372 5
372 397 5
372 373 7
373 374 9
374 398 9
374 375 5
375 399 10
375 376 9
376 400 7
376 377 9
377 401 9
377 378 8
378 402 12
378 379 6
379 403 10
379 380 10
381 406 10
382 407 8
382 383 8
383 408 11
383 384 10
384 409 12
384 385 6
385 410 10
385 386 11
386 411 8
387 414 6
389 415 10
389 390 5
390 416 9
390 391 11
391 392 5
392 417 9
392 393 9
393 418 6
393 394 9
394 419 9
395 396 5
396 421 6
396 397 11
397 422 11
398 399 9
399 424 9
399 400 10
400 425 9
400 401 6
401 426 9
401 402 11
402 427 11
402 403 9
403 428 9
404 429 8
404 405 7
405 430 6
405 406 11
406 431 9
407 432 12
407 408 7
408 409 6
409 410 6
410 433 5
410 411 11
411 412 6
412 434 9
412 413 5
413 435 9
413 414 11
414 436 9
415 416 9
416 439 8
417 440 10
417 418 7
418 419 8
419 420 12
420 441 7
421 422 10
422 444 9
422 423 11
424 446 8
424 425 11
425 447 6
425 426 5
426 448 7
426 427 6
427 449 5
427 428 10
428 450 12
429 452 12
429 430 9
430 453 8
430 431 8
431 454 11
432 456 9
434 435 8
435 436 12
436 437 8
437 460 11
437 438 10
438 461 5
439 463 7
441 466 12
441 442 12
442 443 8
443 467 8
445 446 6
446 447 8
447 470 6
447 448 7
448 449 9
449 450 11
450 451 6
451 471 7
451 452 9
452 453 9
453 472 8
453 454 8
454 473 8
454 455 10
455 474 8
455 456 7
456 475 9
456 457 11
457 476 5
457 458 10
459 478 5
460 461 10
462 481 12
462 463 7
463 464 11
464 482 7
465 483 6
465 466 11
466 484 7
467 468 10
469 486 5
470 488 11
472 473 12
473 492 10
473 474 6
474 475 10
475 476 12
476 493 5
477 495 10
477 478 5
478 496 9
478 479 7
479 497 10
480 498 6
481 501 6
482 503 7
483 505 5
483 484 11
484 506 9
485 510 10
485 486 10
487 488 8
488 512 12
488 489 11
490 513 10
491 515 10
492 517 12
493 494 9
494 520 7
494 495 10
495 496 10
496 521 10
496 497 6
497 522 5
498 499 11
499 524 11
499 500 10
500 525 9
501 526 5
501 502 10
502 503 8
503 527 6
504 529 12
504 505 11
505 506 6
506 530 8
506 507 11
507 508 5
508 531 8
508 509 6
509 510 7
510 532 10
511 534 11
513 537 5
513 514 6
514 538 5
514 515 10
515 539 12
515 516 12
516 517 9
517 518 9
518 540 9
518 519 11
519 541 7
520 543 9
521 522 10
522 523 10
523 545 12
524 547 10
524 525 9
525 548 12
526 549 9
527 528 8
528 529 9
531 552 10
532 553 12
532 533 6
533 554 11
533 534 10
534 555 9
534 535 12
535 556 7
536 559 7
536 537 6
537 560 10
537 538 7
538 561 9
538 539 5
540 564 9
540 541 11
541 565 7
541 542 8
542 566 5
542 543 10
543 567 8
543 544 10
544 568 5
545 546 8
546 547 9
547 548 9
548 571 12
549 572 11
550 576 12
551 552 7
552 578 10
553 579 7
553 554 8
554 555 10
555 556 12
556 557 6
557 580 10
557 558 12
558 581 6
558 559 8
559 582 8
559 560 9
560 583 6
560 561 9
562 584 6
562 563 9
563 585 7
563 564 7
564 586 6
564 565 12
565 587 9
565 566 11
566 567 8
567 568 11
568 588 12
568 569 8
569 570 8
570 589 12
571 592 5
572 593 6
573 574 11
574 595 12
574 575 5
575 596 11
575 576 7
576 597 11
576 577 6
577 598 12
578 600 8
579 602 10
580 581 11
581 582 11
582 603 6
582 583 6
583 604 6
584 585 5
585 586 11
586 587 10
588 608 10
589 610 5
589 590 9
590 611 11
591 592 8
592 613 9
593 594 8
595 615 9
595 596 5
596 597 5
597 616 10
597 598 7
598 617 11
598 599 10
599 618 5
599 600 5
600 619 8
600 601 12
601 602 5
603 623 7
603 604 9
604 605 10
606 626 9
606 607 5
607 627 6
607 608 6
608 628 7
608 609 5
609 629 10
609 610 7
610 611 5
611 612 12
612 630 7
613 631 11
614 615 8
615 634 7
616 617 5
617 636 6
617 618 11
618 637 8
618 619 6
619 638 11
620 642 12
621 622 9
622 623 6
624 646 10
624 625 8
626 648 5
626 627 6
627 649 6
627 628 5
628 650 7
628 629 9
629 651 8
630 653 7
632 654 6
632 633 5
634 656 8
634 635 8
636 658 5
636 637 10
637 659 7
637 638 12
638 639 9
639 660 12
639 640 8
640 641 5
641 661 6
641 642 10
642 662 11
642 643 12
643 663 5
644 667 6
645 669 10
645 646 12
646 670 12
647 673 12
647 648 9
648 649 9
649 674 12
649 650 8
650 675 8
650 651 8
652 653 10
653 676 9
654 678 9
655 680 8
655 656 7
656 681 11
657 658 5
658 659 10
659 683 5
661 685 11
661 662 6
662 686 5
662 663 9
663 664 5
664 687 10
664 665 9
665 666 12
666 688 11
666 667 10
667 668 11
668 689 12
668 669 12
669 670 5
670 690 9
670 671 6
671 691 7
671 672 10
672 692 12
672 673 5
673 693 5
674 694 5
674 675 11
676 677 10
677 698 6
678 700 7
678 679 5
679 701 11
679 680 11
680 702 8
680 681 10
681 703 10
681 682 12
682 704 7
683 706 10
684 708 10
684 685 6
685 709 7
685 686 10
686 710 8
687 712 7
688 714 9
689 716 6
690 717 11
690 691 6
691 692 11
692 718 11
692 693 6
693 719 7
694 720 5
695 722 8
695 696 8
696 697 5
697 723 12
698 724 11
698 699 6
699 725 10
700 701 6
701 702 7
702 703 7
703 704 6
704 705 7
706 707 10
708 709 7
709 710 7
710 711 12
711 712 5
712 713 12
713 714 11
714 715 9
715 716 12
718 719 12
720 721 6
721 722 5
724 725 7
10 0.05 0.05 0.05
