600
0 -1.0 -1.0 7.0 231.0 90.0
1 -1.0 -1.0 7.0 88.0 77.0
2 -1.0 -1.0 13.0 383.0 97.0
3 -1.0 -1.0 20.0 59.0 90.0
4 -1.0 -1.0 13.0 314.0 21.0
5 -1.0 -1.0 5.0 236.0 83.0
6 -1.0 -1.0 5.0 271.0 39.0
7 -1.0 -1.0 13.0 48.0 49.0
8 -1.0 -1.0 14.0 269.0 50.0
9 -1.0 -1.0 12.0 216.0 64.0
10 -1.0 -1.0 9.0 152.0 50.0
11 -1.0 -1.0 16.0 360.0 64.0
12 -1.0 -1.0 19.0 164.0 58.0
13 -1.0 -1.0 17.0 215.0 74.0
14 -1.0 -1.0 12.0 58.0 68.0
15 -1.0 -1.0 10.0 363.0 87.0
16 -1.0 -1.0 15.0 73.0 54.0
17 -1.0 -1.0 20.0 277.0 72.0
18 -1.0 -1.0 7.0 390.0 48.0
19 -1.0 -1.0 9.0 370.0 85.0
20 -1.0 -1.0 13.0 79.0 24.0
21 -1.0 -1.0 4.0 375.0 61.0
22 -1.0 -1.0 9.0 264.0 78.0
23 -1.0 -1.0 14.0 353.0 16.0
24 -1.0 -1.0 9.0 113.0 18.0
25 -1.0 -1.0 16.0 22.0 40.0
26 -1.0 -1.0 16.0 378.0 28.0
27 -1.0 -1.0 12.0 17.0 24.0
28 -1.0 -1.0 4.0 84.0 18.0
29 -1.0 -1.0 19.0 391.0 50.0
30 -1.0 -1.0 6.0 310.0 71.0
31 -1.0 -1.0 17.0 294.0 38.0
32 -1.0 -1.0 9.0 212.0 85.0
33 -1.0 -1.0 20.0 345.0 75.0
34 -1.0 -1.0 7.0 29.0 98.0
35 -1.0 -1.0 4.0 234.0 94.0
36 -1.0 -1.0 16.0 253.0 79.0
37 -1.0 -1.0 4.0 127.0 78.0
38 -1.0 -1.0 7.0 87.0 36.0
39 -1.0 -1.0 8.0 371.0 28.0
40 -1.0 -1.0 12.0 285.0 34.0
41 -1.0 -1.0 13.0 263.0 63.0
42 -1.0 -1.0 9.0 170.0 76.0
43 -1.0 -1.0 5.0 126.0 49.0
44 -1.0 -1.0 19.0 106.0 65.0
45 -1.0 -1.0 5.0 207.0 74.0
46 -1.0 -1.0 13.0 69.0 92.0
47 -1.0 -1.0 5.0 364.0 22.0
48 -1.0 -1.0 17.0 84.0 91.0
49 -1.0 -1.0 17.0 389.0 99.0
50 -1.0 -1.0 7.0 193.0 27.0
51 -1.0 -1.0 8.0 328.0 64.0
52 -1.0 -1.0 13.0 288.0 50.0
53 -1.0 -1.0 10.0 103.0 85.0
54 -1.0 -1.0 10.0 265.0 73.0
55 -1.0 -1.0 14.0 69.0 24.0
56 -1.0 -1.0 17.0 298.0 46.0
57 -1.0 -1.0 17.0 65.0 27.0
58 -1.0 -1.0 13.0 28.0 69.0
59 -1.0 -1.0 10.0 209.0 89.0
60 -1.0 -1.0 9.0 376.0 22.0
61 -1.0 -1.0 18.0 116.0 52.0
62 -1.0 -1.0 17.0 53.0 17.0
63 -1.0 -1.0 13.0 43.0 60.0
64 -1.0 -1.0 5.0 344.0 81.0
65 -1.0 -1.0 13.0 274.0 59.0
66 -1.0 -1.0 6.0 334.0 25.0
67 -1.0 -1.0 17.0 277.0 39.0
68 -1.0 -1.0 13.0 37.0 46.0
69 -1.0 -1.0 6.0 263.0 20.0
70 -1.0 -1.0 7.0 95.0 86.0
71 -1.0 -1.0 11.0 250.0 79.0
72 -1.0 -1.0 5.0 70.0 65.0
73 -1.0 -1.0 12.0 326.0 85.0
74 -1.0 -1.0 8.0 293.0 83.0
75 -1.0 -1.0 8.0 57.0 47.0
76 -1.0 -1.0 12.0 297.0 64.0
77 -1.0 -1.0 4.0 77.0 24.0
78 -1.0 -1.0 11.0 65.0 81.0
79 -1.0 -1.0 17.0 300.0 72.0
80 -1.0 -1.0 19.0 117.0 22.0
81 -1.0 -1.0 9.0 372.0 27.0
82 -1.0 -1.0 6.0 269.0 36.0
83 -1.0 -1.0 14.0 27.0 48.0
84 -1.0 -1.0 19.0 111.0 55.0
85 -1.0 -1.0 8.0 71.0 44.0
86 -1.0 -1.0 4.0 324.0 63.0
87 -1.0 -1.0 8.0 111.0 34.0
88 -1.0 -1.0 15.0 268.0 43.0
89 -1.0 -1.0 14.0 70.0 80.0
90 -1.0 -1.0 5.0 160.0 83.0
91 -1.0 -1.0 11.0 272.0 68.0
92 -1.0 -1.0 4.0 147.0 22.0
93 -1.0 -1.0 9.0 378.0 90.0
94 -1.0 -1.0 7.0 318.0 95.0
95 -1.0 -1.0 14.0 255.0 33.0
96 -1.0 -1.0 8.0 100.0 96.0
97 -1.0 -1.0 14.0 357.0 96.0
98 -1.0 -1.0 5.0 223.0 38.0
99 -1.0 -1.0 7.0 274.0 52.0
100 -1.0 -1.0 7.0 217.0 15.0
101 -1.0 -1.0 17.0 76.0 26.0
102 -1.0 -1.0 11.0 147.0 92.0
103 -1.0 -1.0 19.0 302.0 94.0
104 -1.0 -1.0 12.0 36.0 62.0
105 -1.0 -1.0 17.0 335.0 77.0
106 -1.0 -1.0 18.0 287.0 80.0
107 -1.0 -1.0 6.0 161.0 71.0
108 -1.0 -1.0 20.0 369.0 84.0
109 -1.0 -1.0 16.0 228.0 50.0
110 -1.0 -1.0 17.0 85.0 47.0
111 -1.0 -1.0 5.0 26.0 75.0
112 -1.0 -1.0 11.0 150.0 19.0
113 -1.0 -1.0 6.0 125.0 75.0
114 -1.0 -1.0 15.0 265.0 50.0
115 -1.0 -1.0 14.0 268.0 39.0
116 -1.0 -1.0 13.0 182.0 77.0
117 -1.0 -1.0 4.0 143.0 44.0
118 -1.0 -1.0 15.0 227.0 64.0
119 -1.0 -1.0 20.0 153.0 76.0
120 -1.0 -1.0 12.0 349.0 81.0
121 -1.0 -1.0 9.0 319.0 90.0
122 -1.0 -1.0 15.0 87.0 74.0
123 -1.0 -1.0 7.0 200.0 94.0
124 -1.0 -1.0 16.0 154.0 26.0
125 -1.0 -1.0 16.0 54.0 15.0
126 -1.0 -1.0 13.0 250.0 18.0
127 -1.0 -1.0 5.0 281.0 42.0
128 -1.0 -1.0 5.0 86.0 87.0
129 -1.0 -1.0 16.0 177.0 98.0
130 -1.0 -1.0 10.0 257.0 73.0
131 -1.0 -1.0 12.0 137.0 67.0
132 -1.0 -1.0 17.0 40.0 74.0
133 -1.0 -1.0 11.0 165.0 40.0
134 -1.0 -1.0 14.0 78.0 61.0
135 -1.0 -1.0 12.0 325.0 81.0
136 -1.0 -1.0 16.0 293.0 19.0
137 -1.0 -1.0 6.0 250.0 69.0
138 -1.0 -1.0 18.0 329.0 50.0
139 -1.0 -1.0 8.0 376.0 17.0
140 -1.0 -1.0 4.0 174.0 89.0
141 -1.0 -1.0 19.0 224.0 18.0
142 -1.0 -1.0 4.0 126.0 55.0
143 -1.0 -1.0 9.0 327.0 28.0
144 -1.0 -1.0 8.0 80.0 83.0
145 -1.0 -1.0 17.0 309.0 93.0
146 -1.0 -1.0 18.0 38.0 59.0
147 -1.0 -1.0 10.0 398.0 70.0
148 -1.0 -1.0 9.0 326.0 56.0
149 -1.0 -1.0 18.0 265.0 66.0
150 -1.0 -1.0 12.0 74.0 59.0
151 -1.0 -1.0 5.0 200.0 79.0
152 -1.0 -1.0 6.0 329.0 99.0
153 -1.0 -1.0 12.0 380.0 96.0
154 -1.0 -1.0 20.0 280.0 32.0
155 -1.0 -1.0 17.0 249.0 45.0
156 -1.0 -1.0 20.0 72.0 20.0
157 -1.0 -1.0 19.0 271.0 84.0
158 -1.0 -1.0 20.0 336.0 85.0
159 -1.0 -1.0 4.0 252.0 18.0
160 -1.0 -1.0 19.0 346.0 27.0
161 -1.0 -1.0 18.0 19.0 76.0
162 -1.0 -1.0 15.0 87.0 47.0
163 -1.0 -1.0 7.0 273.0 50.0
164 -1.0 -1.0 19.0 261.0 55.0
165 -1.0 -1.0 15.0 184.0 70.0
166 -1.0 -1.0 9.0 347.0 66.0
167 -1.0 -1.0 7.0 348.0 92.0
168 -1.0 -1.0 20.0 294.0 74.0
169 -1.0 -1.0 19.0 57.0 21.0
170 -1.0 -1.0 18.0 326.0 74.0
171 -1.0 -1.0 20.0 370.0 86.0
172 -1.0 -1.0 14.0 181.0 88.0
173 -1.0 -1.0 7.0 329.0 74.0
174 -1.0 -1.0 10.0 144.0 69.0
175 -1.0 -1.0 11.0 358.0 19.0
176 -1.0 -1.0 13.0 369.0 49.0
177 -1.0 -1.0 5.0 205.0 76.0
178 -1.0 -1.0 17.0 239.0 82.0
179 -1.0 -1.0 14.0 389.0 59.0
180 -1.0 -1.0 10.0 360.0 38.0
181 -1.0 -1.0 5.0 357.0 41.0
182 -1.0 -1.0 18.0 326.0 16.0
183 -1.0 -1.0 13.0 201.0 87.0
184 -1.0 -1.0 9.0 209.0 94.0
185 -1.0 -1.0 19.0 28.0 74.0
186 -1.0 -1.0 7.0 369.0 40.0
187 -1.0 -1.0 17.0 105.0 61.0
188 -1.0 -1.0 10.0 337.0 86.0
189 -1.0 -1.0 10.0 341.0 54.0
190 -1.0 -1.0 4.0 51.0 47.0
191 -1.0 -1.0 5.0 310.0 75.0
192 -1.0 -1.0 17.0 351.0 36.0
193 -1.0 -1.0 11.0 141.0 78.0
194 -1.0 -1.0 16.0 208.0 84.0
195 -1.0 -1.0 16.0 27.0 44.0
196 -1.0 -1.0 15.0 376.0 28.0
197 -1.0 -1.0 19.0 345.0 27.0
198 -1.0 -1.0 18.0 280.0 64.0
199 -1.0 -1.0 11.0 187.0 90.0
200 -1.0 -1.0 13.0 60.0 23.0
201 -1.0 -1.0 11.0 262.0 43.0
202 -1.0 -1.0 10.0 124.0 64.0
203 -1.0 -1.0 15.0 45.0 22.0
204 -1.0 -1.0 18.0 156.0 80.0
205 -1.0 -1.0 16.0 40.0 31.0
206 -1.0 -1.0 10.0 291.0 43.0
207 -1.0 -1.0 6.0 224.0 100.0
208 -1.0 -1.0 13.0 161.0 39.0
209 -1.0 -1.0 14.0 328.0 77.0
210 -1.0 -1.0 5.0 60.0 95.0
211 -1.0 -1.0 10.0 65.0 15.0
212 -1.0 -1.0 12.0 74.0 50.0
213 -1.0 -1.0 16.0 93.0 84.0
214 -1.0 -1.0 16.0 124.0 36.0
215 -1.0 -1.0 12.0 361.0 65.0
216 -1.0 -1.0 4.0 225.0 53.0
217 -1.0 -1.0 13.0 90.0 82.0
218 -1.0 -1.0 15.0 149.0 78.0
219 -1.0 -1.0 14.0 208.0 80.0
220 -1.0 -1.0 8.0 22.0 37.0
221 -1.0 -1.0 18.0 138.0 82.0
222 -1.0 -1.0 5.0 114.0 65.0
223 -1.0 -1.0 10.0 277.0 34.0
224 -1.0 -1.0 20.0 27.0 31.0
225 -1.0 -1.0 8.0 47.0 30.0
226 -1.0 -1.0 18.0 174.0 62.0
227 -1.0 -1.0 8.0 57.0 71.0
228 -1.0 -1.0 5.0 336.0 93.0
229 -1.0 -1.0 5.0 270.0 83.0
230 -1.0 -1.0 6.0 243.0 53.0
231 -1.0 -1.0 16.0 284.0 68.0
232 -1.0 -1.0 6.0 217.0 44.0
233 -1.0 -1.0 12.0 66.0 83.0
234 -1.0 -1.0 20.0 226.0 89.0
235 -1.0 -1.0 4.0 199.0 71.0
236 -1.0 -1.0 8.0 111.0 100.0
237 -1.0 -1.0 17.0 59.0 84.0
238 -1.0 -1.0 16.0 190.0 90.0
239 -1.0 -1.0 15.0 314.0 36.0
240 -1.0 -1.0 16.0 60.0 91.0
241 -1.0 -1.0 8.0 317.0 43.0
242 -1.0 -1.0 14.0 55.0 97.0
243 -1.0 -1.0 10.0 212.0 25.0
244 -1.0 -1.0 7.0 359.0 89.0
245 -1.0 -1.0 7.0 95.0 74.0
246 -1.0 -1.0 14.0 242.0 58.0
247 -1.0 -1.0 9.0 166.0 41.0
248 -1.0 -1.0 18.0 305.0 17.0
249 -1.0 -1.0 15.0 42.0 81.0
250 -1.0 -1.0 20.0 31.0 58.0
251 -1.0 -1.0 15.0 323.0 31.0
252 -1.0 -1.0 19.0 42.0 63.0
253 -1.0 -1.0 18.0 364.0 66.0
254 -1.0 -1.0 9.0 375.0 100.0
255 -1.0 -1.0 8.0 41.0 77.0
256 -1.0 -1.0 15.0 220.0 72.0
257 -1.0 -1.0 16.0 249.0 15.0
258 -1.0 -1.0 15.0 124.0 22.0
259 -1.0 -1.0 20.0 164.0 16.0
260 -1.0 -1.0 7.0 320.0 62.0
261 -1.0 -1.0 8.0 182.0 35.0
262 -1.0 -1.0 14.0 156.0 87.0
263 -1.0 -1.0 6.0 29.0 99.0
264 -1.0 -1.0 16.0 355.0 78.0
265 -1.0 -1.0 5.0 184.0 80.0
266 -1.0 -1.0 16.0 245.0 57.0
267 -1.0 -1.0 15.0 36.0 36.0
268 -1.0 -1.0 15.0 222.0 56.0
269 -1.0 -1.0 16.0 152.0 24.0
270 -1.0 -1.0 15.0 161.0 58.0
271 -1.0 -1.0 17.0 141.0 41.0
272 -1.0 -1.0 8.0 21.0 77.0
273 -1.0 -1.0 9.0 72.0 17.0
274 -1.0 -1.0 19.0 142.0 57.0
275 -1.0 -1.0 16.0 101.0 95.0
276 -1.0 -1.0 8.0 363.0 41.0
277 -1.0 -1.0 8.0 394.0 62.0
278 -1.0 -1.0 14.0 306.0 94.0
279 -1.0 -1.0 20.0 46.0 45.0
280 -1.0 -1.0 17.0 331.0 34.0
281 -1.0 -1.0 16.0 168.0 26.0
282 -1.0 -1.0 5.0 102.0 74.0
283 -1.0 -1.0 19.0 75.0 50.0
284 -1.0 -1.0 13.0 380.0 85.0
285 -1.0 -1.0 10.0 230.0 70.0
286 -1.0 -1.0 16.0 334.0 96.0
287 -1.0 -1.0 4.0 39.0 57.0
288 -1.0 -1.0 15.0 324.0 54.0
289 -1.0 -1.0 4.0 336.0 17.0
290 -1.0 -1.0 4.0 72.0 43.0
291 -1.0 -1.0 13.0 108.0 71.0
292 -1.0 -1.0 14.0 307.0 24.0
293 -1.0 -1.0 9.0 176.0 50.0
294 -1.0 -1.0 12.0 223.0 49.0
295 -1.0 -1.0 4.0 340.0 58.0
296 -1.0 -1.0 7.0 49.0 47.0
297 -1.0 -1.0 7.0 302.0 56.0
298 -1.0 -1.0 17.0 308.0 17.0
299 -1.0 -1.0 11.0 63.0 84.0
300 -1.0 -1.0 17.0 299.0 71.0
301 -1.0 -1.0 18.0 215.0 98.0
302 -1.0 -1.0 15.0 343.0 85.0
303 -1.0 -1.0 9.0 330.0 69.0
304 -1.0 -1.0 16.0 205.0 92.0
305 -1.0 -1.0 20.0 269.0 22.0
306 -1.0 -1.0 12.0 323.0 49.0
307 -1.0 -1.0 4.0 287.0 37.0
308 -1.0 -1.0 15.0 34.0 72.0
309 -1.0 -1.0 7.0 395.0 52.0
310 -1.0 -1.0 17.0 68.0 79.0
311 -1.0 -1.0 20.0 71.0 57.0
312 -1.0 -1.0 7.0 157.0 38.0
313 -1.0 -1.0 9.0 248.0 87.0
314 -1.0 -1.0 6.0 137.0 34.0
315 -1.0 -1.0 16.0 221.0 23.0
316 -1.0 -1.0 4.0 312.0 67.0
317 -1.0 -1.0 17.0 127.0 33.0
318 -1.0 -1.0 11.0 289.0 45.0
319 -1.0 -1.0 7.0 370.0 81.0
320 -1.0 -1.0 8.0 150.0 22.0
321 -1.0 -1.0 4.0 309.0 70.0
322 -1.0 -1.0 10.0 279.0 78.0
323 -1.0 -1.0 11.0 106.0 49.0
324 -1.0 -1.0 7.0 305.0 54.0
325 -1.0 -1.0 19.0 138.0 97.0
326 -1.0 -1.0 13.0 204.0 19.0
327 -1.0 -1.0 20.0 378.0 38.0
328 -1.0 -1.0 15.0 238.0 74.0
329 -1.0 -1.0 9.0 340.0 93.0
330 -1.0 -1.0 15.0 380.0 81.0
331 -1.0 -1.0 5.0 312.0 53.0
332 -1.0 -1.0 19.0 31.0 44.0
333 -1.0 -1.0 5.0 374.0 73.0
334 -1.0 -1.0 16.0 364.0 28.0
335 -1.0 -1.0 4.0 235.0 17.0
336 -1.0 -1.0 18.0 122.0 77.0
337 -1.0 -1.0 8.0 147.0 78.0
338 -1.0 -1.0 10.0 248.0 33.0
339 -1.0 -1.0 20.0 175.0 53.0
340 -1.0 -1.0 6.0 23.0 17.0
341 -1.0 -1.0 8.0 191.0 47.0
342 -1.0 -1.0 18.0 43.0 37.0
343 -1.0 -1.0 19.0 92.0 34.0
344 -1.0 -1.0 8.0 123.0 57.0
345 -1.0 -1.0 18.0 316.0 82.0
346 -1.0 -1.0 13.0 116.0 87.0
347 -1.0 -1.0 10.0 194.0 41.0
348 -1.0 -1.0 10.0 216.0 31.0
349 -1.0 -1.0 18.0 117.0 76.0
350 -1.0 -1.0 12.0 392.0 75.0
351 -1.0 -1.0 19.0 73.0 66.0
352 -1.0 -1.0 11.0 175.0 84.0
353 -1.0 -1.0 10.0 71.0 40.0
354 -1.0 -1.0 8.0 374.0 52.0
355 -1.0 -1.0 4.0 40.0 77.0
356 -1.0 -1.0 16.0 159.0 76.0
357 -1.0 -1.0 8.0 93.0 16.0
358 -1.0 -1.0 9.0 41.0 43.0
359 -1.0 -1.0 14.0 113.0 62.0
360 -1.0 -1.0 18.0 194.0 81.0
361 -1.0 -1.0 15.0 340.0 46.0
362 -1.0 -1.0 8.0 72.0 32.0
363 -1.0 -1.0 11.0 232.0 60.0
364 -1.0 -1.0 6.0 241.0 79.0
365 -1.0 -1.0 12.0 251.0 18.0
366 -1.0 -1.0 11.0 313.0 62.0
367 -1.0 -1.0 12.0 150.0 19.0
368 -1.0 -1.0 16.0 246.0 82.0
369 -1.0 -1.0 20.0 274.0 75.0
370 -1.0 -1.0 19.0 175.0 100.0
371 -1.0 -1.0 18.0 325.0 59.0
372 -1.0 -1.0 4.0 30.0 69.0
373 -1.0 -1.0 11.0 90.0 35.0
374 -1.0 -1.0 9.0 241.0 69.0
375 -1.0 -1.0 15.0 122.0 62.0
376 -1.0 -1.0 14.0 311.0 73.0
377 -1.0 -1.0 14.0 173.0 55.0
378 -1.0 -1.0 20.0 74.0 21.0
379 -1.0 -1.0 5.0 169.0 35.0
380 -1.0 -1.0 9.0 25.0 34.0
381 -1.0 -1.0 10.0 187.0 64.0
382 -1.0 -1.0 9.0 345.0 53.0
383 -1.0 -1.0 12.0 97.0 52.0
384 -1.0 -1.0 14.0 390.0 62.0
385 -1.0 -1.0 8.0 120.0 100.0
386 -1.0 -1.0 10.0 293.0 64.0
387 -1.0 -1.0 7.0 155.0 48.0
388 -1.0 -1.0 19.0 378.0 98.0
389 -1.0 -1.0 8.0 394.0 46.0
390 -1.0 -1.0 16.0 39.0 83.0
391 -1.0 -1.0 11.0 332.0 73.0
392 -1.0 -1.0 6.0 56.0 34.0
393 -1.0 -1.0 13.0 79.0 86.0
394 -1.0 -1.0 19.0 89.0 47.0
395 -1.0 -1.0 12.0 390.0 58.0
396 -1.0 -1.0 16.0 141.0 93.0
397 -1.0 -1.0 13.0 168.0 88.0
398 -1.0 -1.0 14.0 108.0 83.0
399 -1.0 -1.0 13.0 380.0 42.0
400 -1.0 -1.0 10.0 320.0 96.0
401 -1.0 -1.0 14.0 107.0 17.0
402 -1.0 -1.0 6.0 102.0 78.0
403 -1.0 -1.0 20.0 153.0 31.0
404 -1.0 -1.0 17.0 176.0 72.0
405 -1.0 -1.0 18.0 22.0 90.0
406 -1.0 -1.0 7.0 221.0 86.0
407 -1.0 -1.0 14.0 282.0 52.0
408 -1.0 -1.0 17.0 232.0 26.0
409 -1.0 -1.0 18.0 291.0 62.0
410 -1.0 -1.0 20.0 119.0 100.0
411 -1.0 -1.0 11.0 58.0 95.0
412 -1.0 -1.0 14.0 66.0 91.0
413 -1.0 -1.0 13.0 147.0 69.0
414 -1.0 -1.0 16.0 25.0 34.0
415 -1.0 -1.0 15.0 216.0 96.0
416 -1.0 -1.0 6.0 127.0 69.0
417 -1.0 -1.0 8.0 230.0 57.0
418 -1.0 -1.0 15.0 300.0 78.0
419 -1.0 -1.0 10.0 216.0 92.0
420 -1.0 -1.0 12.0 195.0 65.0
421 -1.0 -1.0 11.0 116.0 70.0
422 -1.0 -1.0 9.0 236.0 62.0
423 -1.0 -1.0 13.0 105.0 66.0
424 -1.0 -1.0 17.0 19.0 24.0
425 -1.0 -1.0 18.0 281.0 29.0
426 -1.0 -1.0 19.0 169.0 38.0
427 -1.0 -1.0 16.0 325.0 48.0
428 -1.0 -1.0 19.0 342.0 18.0
429 -1.0 -1.0 14.0 335.0 37.0
430 -1.0 -1.0 17.0 155.0 16.0
431 -1.0 -1.0 4.0 89.0 54.0
432 -1.0 -1.0 7.0 393.0 95.0
433 -1.0 -1.0 12.0 400.0 29.0
434 -1.0 -1.0 11.0 320.0 45.0
435 -1.0 -1.0 8.0 378.0 33.0
436 -1.0 -1.0 8.0 168.0 39.0
437 -1.0 -1.0 16.0 329.0 94.0
438 -1.0 -1.0 6.0 270.0 24.0
439 -1.0 -1.0 19.0 145.0 73.0
440 -1.0 -1.0 11.0 370.0 40.0
441 -1.0 -1.0 11.0 304.0 63.0
442 -1.0 -1.0 15.0 20.0 83.0
443 -1.0 -1.0 17.0 396.0 33.0
444 -1.0 -1.0 6.0 353.0 77.0
445 -1.0 -1.0 12.0 351.0 60.0
446 -1.0 -1.0 17.0 265.0 43.0
447 -1.0 -1.0 10.0 177.0 89.0
448 -1.0 -1.0 4.0 168.0 46.0
449 -1.0 -1.0 10.0 256.0 40.0
450 -1.0 -1.0 11.0 336.0 34.0
451 -1.0 -1.0 18.0 234.0 69.0
452 -1.0 -1.0 8.0 117.0 98.0
453 -1.0 -1.0 13.0 259.0 84.0
454 -1.0 -1.0 11.0 55.0 59.0
455 -1.0 -1.0 17.0 306.0 57.0
456 -1.0 -1.0 13.0 296.0 37.0
457 -1.0 -1.0 4.0 271.0 21.0
458 -1.0 -1.0 16.0 52.0 91.0
459 -1.0 -1.0 6.0 321.0 20.0
460 -1.0 -1.0 9.0 226.0 93.0
461 -1.0 -1.0 17.0 170.0 45.0
462 -1.0 -1.0 16.0 176.0 93.0
463 -1.0 -1.0 4.0 277.0 18.0
464 -1.0 -1.0 10.0 367.0 39.0
465 -1.0 -1.0 19.0 357.0 57.0
466 -1.0 -1.0 13.0 64.0 73.0
467 -1.0 -1.0 16.0 211.0 45.0
468 -1.0 -1.0 5.0 118.0 44.0
469 -1.0 -1.0 20.0 395.0 93.0
470 -1.0 -1.0 9.0 141.0 92.0
471 -1.0 -1.0 18.0 66.0 48.0
472 -1.0 -1.0 8.0 61.0 23.0
473 -1.0 -1.0 12.0 286.0 69.0
474 -1.0 -1.0 8.0 205.0 60.0
475 -1.0 -1.0 18.0 109.0 88.0
476 -1.0 -1.0 12.0 259.0 22.0
477 -1.0 -1.0 20.0 179.0 46.0
478 -1.0 -1.0 11.0 177.0 77.0
479 -1.0 -1.0 17.0 147.0 72.0
480 -1.0 -1.0 14.0 357.0 79.0
481 -1.0 -1.0 14.0 117.0 37.0
482 -1.0 -1.0 19.0 381.0 71.0
483 -1.0 -1.0 5.0 36.0 74.0
484 -1.0 -1.0 6.0 202.0 79.0
485 -1.0 -1.0 19.0 245.0 91.0
486 -1.0 -1.0 14.0 351.0 92.0
487 -1.0 -1.0 13.0 22.0 77.0
488 -1.0 -1.0 20.0 208.0 18.0
489 -1.0 -1.0 14.0 236.0 57.0
490 -1.0 -1.0 6.0 359.0 49.0
491 -1.0 -1.0 20.0 290.0 34.0
492 -1.0 -1.0 9.0 385.0 51.0
493 -1.0 -1.0 6.0 86.0 68.0
494 -1.0 -1.0 16.0 277.0 69.0
495 -1.0 -1.0 4.0 189.0 16.0
496 -1.0 -1.0 14.0 194.0 23.0
497 -1.0 -1.0 4.0 226.0 86.0
498 -1.0 -1.0 8.0 145.0 69.0
499 -1.0 -1.0 20.0 67.0 15.0
500 -1.0 -1.0 14.0 185.0 48.0
501 -1.0 -1.0 9.0 364.0 68.0
502 -1.0 -1.0 5.0 153.0 60.0
503 -1.0 -1.0 7.0 177.0 67.0
504 -1.0 -1.0 16.0 337.0 73.0
505 -1.0 -1.0 20.0 226.0 52.0
506 -1.0 -1.0 6.0 295.0 29.0
507 -1.0 -1.0 7.0 219.0 64.0
508 -1.0 -1.0 4.0 307.0 24.0
509 -1.0 -1.0 20.0 321.0 46.0
510 -1.0 -1.0 6.0 27.0 68.0
511 -1.0 -1.0 7.0 103.0 36.0
512 -1.0 -1.0 14.0 365.0 23.0
513 -1.0 -1.0 9.0 187.0 69.0
514 -1.0 -1.0 8.0 16.0 45.0
515 -1.0 -1.0 8.0 63.0 39.0
516 -1.0 -1.0 5.0 272.0 50.0
517 -1.0 -1.0 20.0 199.0 69.0
518 -1.0 -1.0 17.0 371.0 68.0
519 -1.0 -1.0 19.0 105.0 18.0
520 -1.0 -1.0 17.0 144.0 82.0
521 -1.0 -1.0 6.0 183.0 58.0
522 -1.0 -1.0 13.0 124.0 74.0
523 -1.0 -1.0 20.0 396.0 88.0
524 -1.0 -1.0 16.0 119.0 25.0
525 -1.0 -1.0 12.0 146.0 80.0
526 -1.0 -1.0 14.0 290.0 37.0
527 -1.0 -1.0 9.0 355.0 68.0
528 -1.0 -1.0 7.0 322.0 79.0
529 -1.0 -1.0 13.0 148.0 54.0
530 -1.0 -1.0 15.0 192.0 51.0
531 -1.0 -1.0 13.0 393.0 37.0
532 -1.0 -1.0 11.0 236.0 32.0
533 -1.0 -1.0 10.0 156.0 80.0
534 -1.0 -1.0 17.0 364.0 15.0
535 -1.0 -1.0 5.0 17.0 88.0
536 -1.0 -1.0 14.0 192.0 81.0
537 -1.0 -1.0 4.0 282.0 70.0
538 -1.0 -1.0 19.0 91.0 29.0
539 -1.0 -1.0 20.0 24.0 71.0
540 -1.0 -1.0 14.0 232.0 65.0
541 -1.0 -1.0 12.0 118.0 86.0
542 -1.0 -1.0 16.0 108.0 19.0
543 -1.0 -1.0 12.0 39.0 78.0
544 -1.0 -1.0 14.0 167.0 84.0
545 -1.0 -1.0 11.0 207.0 90.0
546 -1.0 -1.0 5.0 380.0 53.0
547 -1.0 -1.0 13.0 183.0 60.0
548 -1.0 -1.0 7.0 125.0 49.0
549 -1.0 -1.0 13.0 344.0 45.0
550 -1.0 -1.0 7.0 87.0 69.0
551 -1.0 -1.0 5.0 85.0 85.0
552 -1.0 -1.0 16.0 259.0 43.0
553 -1.0 -1.0 13.0 336.0 83.0
554 -1.0 -1.0 12.0 301.0 50.0
555 -1.0 -1.0 8.0 242.0 53.0
556 -1.0 -1.0 8.0 126.0 90.0
557 -1.0 -1.0 8.0 395.0 76.0
558 -1.0 -1.0 20.0 161.0 63.0
559 -1.0 -1.0 6.0 103.0 25.0
560 -1.0 -1.0 17.0 72.0 20.0
561 -1.0 -1.0 12.0 49.0 59.0
562 -1.0 -1.0 19.0 128.0 61.0
563 -1.0 -1.0 11.0 72.0 27.0
564 -1.0 -1.0 7.0 216.0 32.0
565 -1.0 -1.0 16.0 307.0 77.0
566 -1.0 -1.0 12.0 266.0 15.0
567 -1.0 -1.0 5.0 176.0 26.0
568 -1.0 -1.0 6.0 387.0 25.0
569 -1.0 -1.0 6.0 320.0 63.0
570 -1.0 -1.0 7.0 394.0 24.0
571 -1.0 -1.0 16.0 96.0 40.0
572 -1.0 -1.0 5.0 219.0 57.0
573 -1.0 -1.0 6.0 22.0 90.0
574 -1.0 -1.0 16.0 273.0 70.0
575 -1.0 -1.0 17.0 394.0 68.0
576 -1.0 -1.0 18.0 266.0 96.0
577 -1.0 -1.0 13.0 399.0 35.0
578 -1.0 -1.0 6.0 223.0 44.0
579 -1.0 -1.0 15.0 132.0 28.0
580 -1.0 -1.0 14.0 235.0 100.0
581 -1.0 -1.0 19.0 380.0 49.0
582 -1.0 -1.0 16.0 186.0 38.0
583 -1.0 -1.0 5.0 166.0 69.0
584 -1.0 -1.0 15.0 181.0 23.0
585 -1.0 -1.0 17.0 184.0 38.0
586 -1.0 -1.0 5.0 295.0 99.0
587 -1.0 -1.0 14.0 232.0 82.0
588 -1.0 -1.0 13.0 235.0 95.0
589 -1.0 -1.0 13.0 391.0 89.0
590 -1.0 -1.0 8.0 140.0 79.0
591 -1.0 -1.0 8.0 358.0 53.0
592 -1.0 -1.0 12.0 66.0 90.0
593 -1.0 -1.0 5.0 24.0 74.0
594 -1.0 -1.0 12.0 261.0 84.0
595 -1.0 -1.0 10.0 291.0 85.0
596 -1.0 -1.0 7.0 182.0 88.0
597 -1.0 -1.0 17.0 250.0 60.0
598 -1.0 -1.0 13.0 100.0 50.0
599 -1.0 -1.0 15.0 199.0 63.0
783
0 20 11
0 1 11
1 21 11
1 2 7
2 22 8
2 3 7
3 23 7
4 24 11
4 5 7
5 25 6
5 6 8
6 26 8
7 28 9
7 8 5
8 29 7
8 9 9
9 30 12
9 10 9
10 31 10
11 32 6
12 33 9
12 13 9
13 34 10
13 14 11
14 35 6
14 15 9
15 16 10
16 36 7
16 17 5
17 18 10
18 37 12
19 39 10
20 42 6
20 21 7
21 43 12
21 22 9
22 44 5
22 23 12
23 45 12
24 25 10
25 26 12
26 47 12
26 27 12
27 28 10
28 29 11
29 30 9
30 48 9
30 31 11
32 50 6
33 34 5
34 35 12
37 53 8
38 55 11
38 39 11
39 56 9
40 58 6
40 41 11
42 43 5
43 44 10
44 59 11
44 45 9
45 60 11
45 46 5
46 61 7
47 64 8
48 67 8
49 68 10
49 50 6
50 69 6
50 51 5
51 70 6
52 72 9
53 54 10
54 55 5
55 75 8
55 56 7
56 76 5
56 57 10
57 77 7
57 58 12
59 80 8
59 60 6
60 81 12
60 61 9
61 82 12
61 62 5
63 64 11
64 65 9
65 66 11
67 85 5
68 69 9
69 87 10
69 70 9
71 90 7
71 72 5
72 91 7
72 73 6
73 92 8
73 74 5
75 76 6
76 95 7
76 77 12
77 96 10
78 98 11
79 99 11
80 101 5
80 81 9
81 102 11
81 82 10
83 104 7
84 85 5
85 109 7
85 86 10
86 110 5
87 112 8
88 114 9
88 89 10
89 115 6
89 90 9
90 91 12
91 92 10
92 116 10
93 118 5
93 94 12
95 120 12
95 96 5
96 97 7
97 121 8
97 98 12
99 122 8
99 100 5
100 101 5
101 102 11
102 123 8
103 104 10
104 105 5
105 106 10
106 125 10
106 107 5
107 126 9
107 108 9
108 127 8
109 129 6
109 110 10
110 111 11
111 130 12
111 112 7
112 131 5
112 113 6
113 132 7
113 114 12
114 133 8
114 115 6
116 117 11
117 135 12
117 118 8
118 136 8
119 137 7
119 120 8
121 139 9
122 141 6
123 143 10
123 124 9
125 126 7
126 146 7
126 127 11
127 147 9
127 128 10
128 129 12
129 148 7
130 149 10
130 131 5
131 150 12
131 132 7
132 133 9
134 151 12
135 153 6
135 136 7
136 154 11
137 156 11
138 158 8
138 139 8
139 159 10
139 140 8
140 160 12
141 161 6
141 142 9
144 165 8
144 145 10
146 166 11
146 147 8
148 168 12
149 150 6
150 169 9
151 172 9
151 152 9
153 174 7
153 154 5
154 175 6
154 155 10
155 156 11
156 157 6
157 176 6
157 158 5
158 159 7
159 177 11
159 160 10
161 178 7
162 180 7
163 164 12
164 165 10
165 182 6
166 185 10
167 168 7
168 187 5
169 189 12
170 171 8
171 190 11
171 172 12
172 191 12
173 192 10
173 174 11
174 193 9
174 175 11
175 194 8
176 197 6
177 199 5
178 201 9
178 179 6
179 202 10
179 180 12
180 203 10
180 181 7
181 204 8
182 207 8
182 183 8
183 184 8
184 208 10
184 185 6
185 209 5
185 186 9
187 211 5
188 212 10
188 189 5
189 213 10
190 216 10
190 191 11
191 217 11
192 193 11
193 219 9
193 194 12
194 220 11
194 195 7
195 221 12
195 196 10
196 222 7
196 197 7
197 198 9
198 223 5
198 199 6
199 224 8
199 200 9
200 225 5
201 202 10
202 226 12
202 203 8
203 227 10
203 204 9
204 205 10
205 206 11
206 207 12
208 229 11
208 209 10
209 230 9
210 232 10
210 211 12
211 233 5
212 234 12
212 213 8
213 214 12
214 235 5
214 215 6
215 236 8
215 216 11
216 217 7
217 218 11
219 220 5
220 221 6
221 222 5
222 237 12
223 238 9
223 224 7
224 239 6
224 225 9
226 227 8
227 240 12
228 244 9
228 229 8
229 230 6
230 245 9
230 231 10
231 246 5
231 232 12
232 247 8
232 233 11
233 248 8
235 251 7
235 236 5
236 252 9
237 257 7
238 239 9
240 241 10
241 260 7
241 242 6
242 261 5
243 263 11
243 244 5
244 264 12
245 265 5
245 246 11
246 266 11
246 247 5
247 267 11
247 248 12
248 268 7
248 249 6
249 269 7
250 270 12
250 251 12
251 252 8
252 271 6
253 273 5
253 254 10
254 274 10
255 275 9
255 256 6
256 276 7
256 257 11
257 277 12
257 258 12
258 278 10
259 280 7
260 281 6
260 261 8
261 282 12
261 262 5
262 263 7
263 264 8
265 266 12
266 284 7
266 267 5
267 285 6
267 268 8
268 286 9
268 269 12
270 288 10
271 290 5
271 272 8
273 292 5
273 274 7
275 294 12
275 276 6
276 277 7
277 295 9
277 278 11
278 296 5
279 300 5
279 280 6
280 301 11
281 282 10
282 302 12
283 304 7
284 285 5
285 306 10
285 286 8
287 288 11
288 289 8
289 307 10
289 290 7
291 308 9
291 292 8
293 309 5
293 294 8
295 310 11
295 296 11
296 297 7
297 311 6
297 298 9
298 299 8
299 312 6
300 313 11
300 301 12
301 314 5
302 316 11
303 319 11
303 304 6
304 305 7
307 324 12
308 326 8
309 329 9
310 331 12
311 332 9
312 333 10
313 334 5
313 314 12
314 335 9
314 315 7
315 336 11
316 317 8
317 318 5
318 337 12
318 319 10
319 338 8
320 341 9
321 343 5
322 323 12
323 344 12
323 324 10
324 345 6
325 326 7
326 327 7
327 328 7
328 346 10
328 329 7
329 347 12
329 330 7
330 348 7
332 350 8
334 335 5
335 352 5
335 336 9
336 353 8
337 338 10
338 339 12
339 357 8
339 340 7
340 358 12
340 341 8
341 359 8
341 342 8
342 343 11
344 345 10
345 362 12
346 364 10
346 347 11
347 365 10
347 348 11
348 366 5
348 349 8
349 367 12
350 351 5
352 370 10
352 353 11
353 371 11
353 354 10
354 372 6
354 355 5
355 356 5
356 373 9
357 376 8
357 358 11
358 359 9
359 377 12
360 380 11
360 361 12
361 381 7
362 382 6
363 383 6
364 385 5
364 365 8
365 366 6
366 386 9
366 367 7
367 387 10
367 368 6
368 388 8
369 391 5
370 371 5
371 372 11
373 392 9
373 374 8
374 393 12
374 375 9
375 394 9
375 376 9
376 395 5
377 397 8
377 378 5
378 398 5
378 379 12
379 380 5
380 381 9
381 399 5
382 400 7
383 384 12
384 385 10
385 401 11
386 403 9
386 387 10
387 404 8
387 388 5
388 405 6
389 407 8
389 390 6
390 408 10
390 391 10
391 409 12
392 414 12
392 393 10
393 415 8
393 394 7
394 416 10
394 395 10
395 417 9
395 396 8
396 397 7
397 418 9
397 398 7
398 419 11
399 421 5
400 423 6
401 427 10
401 402 11
402 403 10
403 404 12
404 405 5
405 428 6
405 406 7
406 429 7
406 407 6
407 430 5
407 408 5
408 431 11
408 409 8
409 432 11
410 411 5
411 412 10
412 413 5
413 414 9
414 434 11
414 415 8
415 435 5
415 416 7
416 436 8
416 417 12
417 437 10
418 439 6
418 419 11
419 420 5
420 440 10
421 442 5
421 422 10
422 443 7
422 423 12
423 444 10
424 446 9
424 425 12
425 447 11
425 426 7
426 448 12
426 427 5
427 449 8
428 452 12
428 429 11
429 453 9
429 430 11
430 431 8
431 454 10
431 432 6
432 455 11
433 456 11
434 459 10
434 435 12
435 436 8
436 460 10
436 437 5
437 461 5
437 438 11
438 439 5
439 462 7
440 463 5
440 441 5
441 442 9
442 443 9
443 464 9
443 444 8
444 465 11
444 445 7
445 466 11
445 446 7
446 447 11
447 467 11
447 448 10
448 468 5
448 449 7
449 469 9
449 450 12
450 451 12
452 470 8
452 453 6
454 455 7
455 472 5
456 457 6
457 473 11
457 458 6
458 474 11
459 477 11
460 478 11
460 461 11
461 479 6
462 480 5
463 481 7
464 465 9
465 484 12
465 466 11
466 485 9
467 468 10
468 469 10
469 487 9
471 492 11
472 494 6
473 496 10
473 474 11
474 497 11
474 475 8
475 476 11
476 498 10
476 477 6
477 499 9
478 501 5
478 479 11
479 502 10
480 503 5
481 482 7
482 483 9
483 504 6
484 485 5
485 505 6
485 486 6
486 506 12
487 508 9
487 488 11
488 489 11
489 509 9
489 490 11
490 510 6
491 492 5
492 511 8
492 493 9
493 494 12
495 496 5
496 512 10
496 497 5
498 514 5
498 499 5
499 500 12
500 515 6
500 501 10
501 516 10
501 502 5
502 517 10
503 519 6
505 523 8
505 506 12
506 524 8
507 526 10
507 508 8
509 527 11
509 510 8
510 528 5
511 529 6
512 532 8
513 534 11
513 514 8
514 535 10
515 537 7
515 516 7
516 517 10
517 538 10
517 518 10
518 539 6
518 519 6
519 540 8
520 542 9
521 545 10
521 522 9
522 546 10
522 523 12
523 547 9
523 524 5
524 548 9
524 525 8
525 549 8
525 526 5
526 550 9
527 553 6
527 528 10
529 556 11
530 558 9
531 559 10
531 532 5
532 533 7
533 560 12
533 534 12
534 535 12
535 561 9
535 536 7
536 562 8
536 537 8
537 563 6
538 539 12
539 565 10
539 540 7
540 566 5
540 541 9
541 542 7
542 567 6
542 543 12
543 568 7
543 544 9
544 545 8
545 569 12
545 546 7
546 570 9
546 547 5
547 571 5
547 548 8
548 572 10
548 549 12
549 573 9
549 550 8
550 574 10
550 551 7
551 552 5
552 553 6
554 555 7
555 576 12
555 556 8
556 577 5
556 557 5
557 558 6
559 578 7
560 579 5
561 562 7
562 580 9
562 563 7
563 564 7
564 581 7
565 583 8
565 566 5
566 584 8
567 585 7
567 568 11
568 586 9
569 587 12
569 570 6
570 588 6
570 571 9
571 589 12
571 572 5
572 590 11
572 573 7
573 591 12
573 574 12
574 592 6
575 596 12
576 577 6
577 598 8
581 582 8
582 583 6
583 584 11
585 586 10
587 588 12
588 589 9
589 590 5
590 591 5
591 592 11
592 593 6
593 594 8
594 595 10
595 596 8
596 597 9
598 599 9
10 0.05 0.05 0.05
