726
0 -1.0 -1.0 7.0 102.0 73.0
1 -1.0 -1.0 10.0 21.0 33.0
2 -1.0 -1.0 5.0 261.0 94.0
3 -1.0 -1.0 4.0 157.0 61.0
4 -1.0 -1.0 5.0 85.0 36.0
5 -1.0 -1.0 18.0 205.0 69.0
6 -1.0 -1.0 14.0 371.0 87.0
7 -1.0 -1.0 4.0 237.0 62.0
8 -1.0 -1.0 4.0 113.0 22.0
9 -1.0 -1.0 17.0 299.0 21.0
10 -1.0 -1.0 19.0 122.0 100.0
11 -1.0 -1.0 4.0 151.0 85.0
12 -1.0 -1.0 9.0 257.0 46.0
13 -1.0 -1.0 9.0 176.0 94.0
14 -1.0 -1.0 5.0 136.0 45.0
15 -1.0 -1.0 20.0 87.0 16.0
16 -1.0 -1.0 18.0 138.0 81.0
17 -1.0 -1.0 4.0 299.0 84.0
18 -1.0 -1.0 19.0 301.0 36.0
19 -1.0 -1.0 6.0 284.0 35.0
20 -1.0 -1.0 9.0 396.0 42.0
21 -1.0 -1.0 5.0 377.0 54.0
22 -1.0 -1.0 13.0 323.0 27.0
23 -1.0 -1.0 4.0 143.0 93.0
24 -1.0 -1.0 6.0 72.0 24.0
25 -1.0 -1.0 17.0 242.0 94.0
26 -1.0 -1.0 10.0 207.0 92.0
27 -1.0 -1.0 6.0 337.0 37.0
28 -1.0 -1.0 12.0 336.0 15.0
29 -1.0 -1.0 4.0 153.0 98.0
30 -1.0 -1.0 8.0 149.0 90.0
31 -1.0 -1.0 12.0 266.0 57.0
32 -1.0 -1.0 13.0 378.0 44.0
33 -1.0 -1.0 17.0 83.0 70.0
34 -1.0 -1.0 5.0 396.0 89.0
35 -1.0 -1.0 4.0 26.0 36.0
36 -1.0 -1.0 9.0 366.0 76.0
37 -1.0 -1.0 9.0 305.0 38.0
38 -1.0 -1.0 17.0 84.0 37.0
39 -1.0 -1.0 5.0 105.0 47.0
40 -1.0 -1.0 14.0 306.0 69.0
41 -1.0 -1.0 9.0 74.0 52.0
42 -1.0 -1.0 19.0 108.0 51.0
43 -1.0 -1.0 19.0 231.0 32.0
44 -1.0 -1.0 5.0 397.0 40.0
45 -1.0 -1.0 11.0 336.0 57.0
46 -1.0 -1.0 11.0 343.0 39.0
47 -1.0 -1.0 8.0 229.0 28.0
48 -1.0 -1.0 20.0 348.0 23.0
49 -1.0 -1.0 13.0 314.0 81.0
50 -1.0 -1.0 17.0 89.0 79.0
51 -1.0 -1.0 19.0 218.0 46.0
52 -1.0 -1.0 7.0 294.0 19.0
53 -1.0 -1.0 20.0 32.0 81.0
54 -1.0 -1.0 7.0 251.0 19.0
55 -1.0 -1.0 8.0 98.0 33.0
56 -1.0 -1.0 4.0 236.0 99.0
57 -1.0 -1.0 4.0 231.0 26.0
58 -1.0 -1.0 5.0 135.0 44.0
59 -1.0 -1.0 6.0 269.0 74.0
60 -1.0 -1.0 16.0 341.0 85.0
61 -1.0 -1.0 4.0 36.0 34.0
62 -1.0 -1.0 20.0 374.0 47.0
63 -1.0 -1.0 9.0 247.0 46.0
64 -1.0 -1.0 7.0 216.0 46.0
65 -1.0 -1.0 10.0 256.0 51.0
66 -1.0 -1.0 4.0 19.0 68.0
67 -1.0 -1.0 16.0 55.0 45.0
68 -1.0 -1.0 14.0 243.0 100.0
69 -1.0 -1.0 11.0 80.0 19.0
70 -1.0 -1.0 5.0 241.0 65.0
71 -1.0 -1.0 11.0 151.0 81.0
72 -1.0 -1.0 6.0 325.0 34.0
73 -1.0 -1.0 8.0 392.0 51.0
74 -1.0 -1.0 9.0 207.0 93.0
75 -1.0 -1.0 13.0 63.0 28.0
76 -1.0 -1.0 11.0 190.0 96.0
77 -1.0 -1.0 5.0 118.0 23.0
78 -1.0 -1.0 15.0 162.0 52.0
79 -1.0 -1.0 4.0 315.0 87.0
80 -1.0 -1.0 11.0 249.0 22.0
81 -1.0 -1.0 15.0 16.0 43.0
82 -1.0 -1.0 10.0 294.0 15.0
83 -1.0 -1.0 9.0 399.0 46.0
84 -1.0 -1.0 7.0 139.0 24.0
85 -1.0 -1.0 20.0 210.0 25.0
86 -1.0 -1.0 20.0 94.0 22.0
87 -1.0 -1.0 13.0 57.0 52.0
88 -1.0 -1.0 20.0 271.0 37.0
89 -1.0 -1.0 6.0 116.0 65.0
90 -1.0 -1.0 11.0 295.0 75.0
91 -1.0 -1.0 16.0 139.0 60.0
92 -1.0 -1.0 18.0 215.0 79.0
93 -1.0 -1.0 19.0 160.0 59.0
94 -1.0 -1.0 18.0 385.0 38.0
95 -1.0 -1.0 19.0 223.0 72.0
96 -1.0 -1.0 14.0 181.0 30.0
97 -1.0 -1.0 7.0 208.0 61.0
98 -1.0 -1.0 20.0 19.0 45.0
99 -1.0 -1.0 14.0 241.0 96.0
100 -1.0 -1.0 9.0 225.0 81.0
101 -1.0 -1.0 19.0 200.0 99.0
102 -1.0 -1.0 8.0 373.0 55.0
103 -1.0 -1.0 10.0 295.0 75.0
104 -1.0 -1.0 14.0 199.0 38.0
105 -1.0 -1.0 9.0 20.0 87.0
106 -1.0 -1.0 15.0 59.0 67.0
107 -1.0 -1.0 9.0 84.0 27.0
108 -1.0 -1.0 18.0 23.0 24.0
109 -1.0 -1.0 15.0 292.0 15.0
110 -1.0 -1.0 20.0 234.0 45.0
111 -1.0 -1.0 12.0 341.0 93.0
112 -1.0 -1.0 8.0 24.0 78.0
113 -1.0 -1.0 6.0 233.0 59.0
114 -1.0 -1.0 16.0 385.0 16.0
115 -1.0 -1.0 10.0 138.0 55.0
116 -1.0 -1.0 20.0 316.0 49.0
117 -1.0 -1.0 9.0 275.0 37.0
118 -1.0 -1.0 11.0 109.0 98.0
119 -1.0 -1.0 14.0 391.0 43.0
120 -1.0 -1.0 15.0 195.0 61.0
121 -1.0 -1.0 4.0 92.0 64.0
122 -1.0 -1.0 16.0 230.0 97.0
123 -1.0 -1.0 19.0 361.0 74.0
124 -1.0 -1.0 8.0 90.0 48.0
125 -1.0 -1.0 5.0 296.0 76.0
126 -1.0 -1.0 6.0 71.0 32.0
127 -1.0 -1.0 9.0 193.0 18.0
128 -1.0 -1.0 9.0 170.0 66.0
129 -1.0 -1.0 12.0 272.0 46.0
130 -1.0 -1.0 16.0 253.0 62.0
131 -1.0 -1.0 17.0 34.0 82.0
132 -1.0 -1.0 14.0 135.0 83.0
133 -1.0 -1.0 16.0 255.0 97.0
134 -1.0 -1.0 4.0 24.0 62.0
135 -1.0 -1.0 19.0 21.0 70.0
136 -1.0 -1.0 17.0 367.0 66.0
137 -1.0 -1.0 13.0 71.0 92.0
138 -1.0 -1.0 17.0 139.0 33.0
139 -1.0 -1.0 16.0 39.0 36.0
140 -1.0 -1.0 16.0 100.0 65.0
141 -1.0 -1.0 19.0 91.0 50.0
142 -1.0 -1.0 13.0 99.0 87.0
143 -1.0 -1.0 14.0 391.0 51.0
144 -1.0 -1.0 9.0 337.0 63.0
145 -1.0 -1.0 8.0 39.0 38.0
146 -1.0 -1.0 19.0 299.0 60.0
147 -1.0 -1.0 20.0 376.0 57.0
148 -1.0 -1.0 8.0 392.0 94.0
149 -1.0 -1.0 11.0 286.0 48.0
150 -1.0 -1.0 4.0 206.0 82.0
151 -1.0 -1.0 16.0 329.0 20.0
152 -1.0 -1.0 19.0 400.0 43.0
153 -1.0 -1.0 5.0 67.0 28.0
154 -1.0 -1.0 19.0 338.0 29.0
155 -1.0 -1.0 20.0 340.0 86.0
156 -1.0 -1.0 10.0 321.0 18.0
157 -1.0 -1.0 16.0 28.0 16.0
158 -1.0 -1.0 4.0 154.0 35.0
159 -1.0 -1.0 15.0 288.0 98.0
160 -1.0 -1.0 20.0 47.0 67.0
161 -1.0 -1.0 20.0 254.0 64.0
162 -1.0 -1.0 14.0 91.0 90.0
163 -1.0 -1.0 17.0 374.0 83.0
164 -1.0 -1.0 5.0 197.0 50.0
165 -1.0 -1.0 12.0 357.0 18.0
166 -1.0 -1.0 14.0 281.0 55.0
167 -1.0 -1.0 18.0 250.0 71.0
168 -1.0 -1.0 11.0 169.0 51.0
169 -1.0 -1.0 16.0 86.0 79.0
170 -1.0 -1.0 12.0 67.0 63.0
171 -1.0 -1.0 6.0 56.0 41.0
172 -1.0 -1.0 18.0 364.0 63.0
173 -1.0 -1.0 18.0 118.0 44.0
174 -1.0 -1.0 20.0 249.0 16.0
175 -1.0 -1.0 14.0 346.0 33.0
176 -1.0 -1.0 9.0 373.0 59.0
177 -1.0 -1.0 15.0 370.0 84.0
178 -1.0 -1.0 18.0 320.0 19.0
179 -1.0 -1.0 14.0 188.0 31.0
180 -1.0 -1.0 20.0 284.0 46.0
181 -1.0 -1.0 5.0 272.0 22.0
182 -1.0 -1.0 8.0 168.0 54.0
183 -1.0 -1.0 5.0 86.0 77.0
184 -1.0 -1.0 6.0 123.0 99.0
185 -1.0 -1.0 17.0 233.0 20.0
186 -1.0 -1.0 19.0 267.0 48.0
187 -1.0 -1.0 10.0 149.0 72.0
188 -1.0 -1.0 4.0 248.0 69.0
189 -1.0 -1.0 13.0 258.0 60.0
190 -1.0 -1.0 12.0 135.0 33.0
191 -1.0 -1.0 18.0 104.0 48.0
192 -1.0 -1.0 17.0 290.0 18.0
193 -1.0 -1.0 16.0 26.0 15.0
194 -1.0 -1.0 20.0 117.0 72.0
195 -1.0 -1.0 4.0 260.0 41.0
196 -1.0 -1.0 8.0 276.0 52.0
197 -1.0 -1.0 16.0 310.0 89.0
198 -1.0 -1.0 9.0 117.0 19.0
199 -1.0 -1.0 14.0 38.0 33.0
200 -1.0 -1.0 4.0 40.0 59.0
201 -1.0 -1.0 5.0 333.0 59.0
202 -1.0 -1.0 15.0 358.0 94.0
203 -1.0 -1.0 5.0 106.0 22.0
204 -1.0 -1.0 12.0 158.0 30.0
205 -1.0 -1.0 16.0 245.0 82.0
206 -1.0 -1.0 13.0 149.0 87.0
207 -1.0 -1.0 5.0 292.0 89.0
208 -1.0 -1.0 16.0 319.0 28.0
209 -1.0 -1.0 6.0 337.0 40.0
210 -1.0 -1.0 5.0 181.0 30.0
211 -1.0 -1.0 20.0 272.0 69.0
212 -1.0 -1.0 18.0 134.0 52.0
213 -1.0 -1.0 6.0 24.0 81.0
214 -1.0 -1.0 19.0 238.0 17.0
215 -1.0 -1.0 19.0 202.0 81.0
216 -1.0 -1.0 9.0 74.0 30.0
217 -1.0 -1.0 15.0 83.0 22.0
218 -1.0 -1.0 7.0 44.0 21.0
219 -1.0 -1.0 16.0 18.0 44.0
220 -1.0 -1.0 4.0 207.0 30.0
221 -1.0 -1.0 12.0 242.0 33.0
222 -1.0 -1.0 6.0 300.0 75.0
223 -1.0 -1.0 11.0 105.0 54.0
224 -1.0 -1.0 14.0 16.0 22.0
225 -1.0 -1.0 16.0 17.0 64.0
226 -1.0 -1.0 6.0 108.0 48.0
227 -1.0 -1.0 13.0 177.0 75.0
228 -1.0 -1.0 18.0 289.0 48.0
229 -1.0 -1.0 7.0 76.0 46.0
230 -1.0 -1.0 13.0 392.0 29.0
231 -1.0 -1.0 19.0 356.0 93.0
232 -1.0 -1.0 13.0 340.0 97.0
233 -1.0 -1.0 8.0 15.0 15.0
234 -1.0 -1.0 14.0 290.0 96.0
235 -1.0 -1.0 4.0 21.0 81.0
236 -1.0 -1.0 9.0 286.0 97.0
237 -1.0 -1.0 9.0 260.0 75.0
238 -1.0 -1.0 6.0 377.0 28.0
239 -1.0 -1.0 4.0 243.0 55.0
240 -1.0 -1.0 19.0 366.0 98.0
241 -1.0 -1.0 7.0 308.0 100.0
242 -1.0 -1.0 20.0 175.0 84.0
243 -1.0 -1.0 17.0 391.0 62.0
244 -1.0 -1.0 17.0 70.0 40.0
245 -1.0 -1.0 5.0 208.0 23.0
246 -1.0 -1.0 11.0 399.0 56.0
247 -1.0 -1.0 13.0 244.0 98.0
248 -1.0 -1.0 18.0 145.0 51.0
249 -1.0 -1.0 19.0 373.0 91.0
250 -1.0 -1.0 5.0 356.0 98.0
251 -1.0 -1.0 12.0 209.0 17.0
252 -1.0 -1.0 16.0 338.0 93.0
253 -1.0 -1.0 6.0 194.0 16.0
254 -1.0 -1.0 18.0 112.0 91.0
255 -1.0 -1.0 16.0 114.0 76.0
256 -1.0 -1.0 18.0 112.0 79.0
257 -1.0 -1.0 16.0 226.0 67.0
258 -1.0 -1.0 10.0 302.0 97.0
259 -1.0 -1.0 6.0 109.0 58.0
260 -1.0 -1.0 16.0 127.0 39.0
261 -1.0 -1.0 12.0 393.0 92.0
262 -1.0 -1.0 16.0 129.0 22.0
263 -1.0 -1.0 11.0 321.0 97.0
264 -1.0 -1.0 17.0 133.0 44.0
265 -1.0 -1.0 6.0 48.0 19.0
266 -1.0 -1.0 15.0 318.0 21.0
267 -1.0 -1.0 16.0 118.0 42.0
268 -1.0 -1.0 20.0 355.0 58.0
269 -1.0 -1.0 5.0 253.0 73.0
270 -1.0 -1.0 17.0 18.0 73.0
271 -1.0 -1.0 13.0 264.0 100.0
272 -1.0 -1.0 14.0 373.0 65.0
273 -1.0 -1.0 19.0 318.0 65.0
274 -1.0 -1.0 10.0 64.0 27.0
275 -1.0 -1.0 15.0 337.0 19.0
276 -1.0 -1.0 16.0 274.0 37.0
277 -1.0 -1.0 13.0 278.0 42.0
278 -1.0 -1.0 7.0 361.0 43.0
279 -1.0 -1.0 7.0 255.0 88.0
280 -1.0 -1.0 10.0 164.0 87.0
281 -1.0 -1.0 13.0 154.0 87.0
282 -1.0 -1.0 12.0 74.0 23.0
283 -1.0 -1.0 18.0 392.0 79.0
284 -1.0 -1.0 16.0 186.0 29.0
285 -1.0 -1.0 20.0 298.0 46.0
286 -1.0 -1.0 13.0 301.0 31.0
287 -1.0 -1.0 13.0 50.0 32.0
288 -1.0 -1.0 9.0 380.0 18.0
289 -1.0 -1.0 4.0 121.0 23.0
290 -1.0 -1.0 13.0 279.0 26.0
291 -1.0 -1.0 16.0 109.0 100.0
292 -1.0 -1.0 13.0 337.0 66.0
293 -1.0 -1.0 4.0 51.0 81.0
294 -1.0 -1.0 15.0 27.0 91.0
295 -1.0 -1.0 12.0 188.0 70.0
296 -1.0 -1.0 13.0 89.0 19.0
297 -1.0 -1.0 9.0 262.0 89.0
298 -1.0 -1.0 18.0 70.0 55.0
299 -1.0 -1.0 10.0 135.0 37.0
300 -1.0 -1.0 5.0 25.0 78.0
301 -1.0 -1.0 14.0 235.0 57.0
302 -1.0 -1.0 15.0 276.0 100.0
303 -1.0 -1.0 19.0 94.0 35.0
304 -1.0 -1.0 10.0 160.0 35.0
305 -1.0 -1.0 13.0 382.0 53.0
306 -1.0 -1.0 8.0 34.0 28.0
307 -1.0 -1.0 10.0 357.0 78.0
308 -1.0 -1.0 10.0 153.0 82.0
309 -1.0 -1.0 17.0 212.0 18.0
310 -1.0 -1.0 17.0 298.0 16.0
311 -1.0 -1.0 17.0 155.0 18.0
312 -1.0 -1.0 5.0 376.0 98.0
313 -1.0 -1.0 10.0 368.0 94.0
314 -1.0 -1.0 14.0 100.0 56.0
315 -1.0 -1.0 13.0 296.0 80.0
316 -1.0 -1.0 20.0 64.0 31.0
317 -1.0 -1.0 9.0 92.0 17.0
318 -1.0 -1.0 10.0 55.0 92.0
319 -1.0 -1.0 15.0 228.0 89.0
320 -1.0 -1.0 13.0 117.0 19.0
321 -1.0 -1.0 11.0 322.0 96.0
322 -1.0 -1.0 5.0 129.0 68.0
323 -1.0 -1.0 19.0 321.0 23.0
324 -1.0 -1.0 13.0 220.0 36.0
325 -1.0 -1.0 13.0 257.0 40.0
326 -1.0 -1.0 16.0 22.0 59.0
327 -1.0 -1.0 5.0 73.0 87.0
328 -1.0 -1.0 19.0 96.0 60.0
329 -1.0 -1.0 18.0 81.0 26.0
330 -1.0 -1.0 17.0 180.0 98.0
331 -1.0 -1.0 13.0 346.0 21.0
332 -1.0 -1.0 12.0 186.0 32.0
333 -1.0 -1.0 20.0 42.0 86.0
334 -1.0 -1.0 4.0 116.0 25.0
335 -1.0 -1.0 17.0 272.0 53.0
336 -1.0 -1.0 5.0 107.0 84.0
337 -1.0 -1.0 13.0 51.0 59.0
338 -1.0 -1.0 4.0 377.0 93.0
339 -1.0 -1.0 19.0 357.0 97.0
340 -1.0 -1.0 11.0 141.0 77.0
341 -1.0 -1.0 10.0 64.0 52.0
342 -1.0 -1.0 8.0 252.0 55.0
343 -1.0 -1.0 16.0 203.0 17.0
344 -1.0 -1.0 4.0 30.0 63.0
345 -1.0 -1.0 4.0 121.0 100.0
346 -1.0 -1.0 4.0 93.0 38.0
347 -1.0 -1.0 7.0 109.0 38.0
348 -1.0 -1.0 18.0 197.0 24.0
349 -1.0 -1.0 12.0 335.0 88.0
350 -1.0 -1.0 4.0 286.0 40.0
351 -1.0 -1.0 12.0 105.0 99.0
352 -1.0 -1.0 4.0 300.0 63.0
353 -1.0 -1.0 10.0 110.0 57.0
354 -1.0 -1.0 5.0 165.0 28.0
355 -1.0 -1.0 6.0 338.0 45.0
356 -1.0 -1.0 20.0 291.0 55.0
357 -1.0 -1.0 12.0 318.0 23.0
358 -1.0 -1.0 8.0 80.0 15.0
359 -1.0 -1.0 5.0 15.0 94.0
360 -1.0 -1.0 20.0 29.0 70.0
361 -1.0 -1.0 16.0 134.0 92.0
362 -1.0 -1.0 19.0 296.0 22.0
363 -1.0 -1.0 17.0 175.0 84.0
364 -1.0 -1.0 20.0 175.0 38.0
365 -1.0 -1.0 14.0 141.0 81.0
366 -1.0 -1.0 20.0 266.0 46.0
367 -1.0 -1.0 17.0 62.0 96.0
368 -1.0 -1.0 4.0 228.0 98.0
369 -1.0 -1.0 14.0 386.0 86.0
370 -1.0 -1.0 8.0 334.0 98.0
371 -1.0 -1.0 15.0 127.0 28.0
372 -1.0 -1.0 8.0 247.0 97.0
373 -1.0 -1.0 19.0 266.0 83.0
374 -1.0 -1.0 13.0 175.0 20.0
375 -1.0 -1.0 12.0 106.0 45.0
376 -1.0 -1.0 9.0 165.0 80.0
377 -1.0 -1.0 13.0 24.0 69.0
378 -1.0 -1.0 18.0 375.0 64.0
379 -1.0 -1.0 18.0 126.0 43.0
380 -1.0 -1.0 13.0 244.0 74.0
381 -1.0 -1.0 19.0 106.0 100.0
382 -1.0 -1.0 19.0 120.0 37.0
383 -1.0 -1.0 11.0 300.0 53.0
384 -1.0 -1.0 20.0 348.0 71.0
385 -1.0 -1.0 19.0 53.0 90.0
386 -1.0 -1.0 7.0 46.0 98.0
387 -1.0 -1.0 6.0 79.0 97.0
388 -1.0 -1.0 16.0 130.0 29.0
389 -1.0 -1.0 17.0 35.0 53.0
390 -1.0 -1.0 16.0 81.0 25.0
391 -1.0 -1.0 17.0 190.0 88.0
392 -1.0 -1.0 15.0 206.0 35.0
393 -1.0 -1.0 16.0 172.0 62.0
394 -1.0 -1.0 8.0 75.0 37.0
395 -1.0 -1.0 12.0 375.0 63.0
396 -1.0 -1.0 17.0 362.0 96.0
397 -1.0 -1.0 8.0 199.0 70.0
398 -1.0 -1.0 15.0 305.0 16.0
399 -1.0 -1.0 16.0 387.0 92.0
400 -1.0 -1.0 8.0 144.0 64.0
401 -1.0 -1.0 17.0 183.0 97.0
402 -1.0 -1.0 8.0 238.0 91.0
403 -1.0 -1.0 18.0 104.0 70.0
404 -1.0 -1.0 17.0 163.0 59.0
405 -1.0 -1.0 17.0 34.0 90.0
406 -1.0 -1.0 4.0 237.0 100.0
407 -1.0 -1.0 10.0 383.0 99.0
408 -1.0 -1.0 9.0 348.0 25.0
409 -1.0 -1.0 8.0 65.0 82.0
410 -1.0 -1.0 7.0 236.0 45.0
411 -1.0 -1.0 16.0 334.0 17.0
412 -1.0 -1.0 13.0 44.0 70.0
413 -1.0 -1.0 9.0 21.0 51.0
414 -1.0 -1.0 5.0 238.0 31.0
415 -1.0 -1.0 17.0 91.0 96.0
416 -1.0 -1.0 16.0 45.0 35.0
417 -1.0 -1.0 10.0 187.0 83.0
418 -1.0 -1.0 19.0 232.0 92.0
419 -1.0 -1.0 7.0 148.0 28.0
420 -1.0 -1.0 16.0 286.0 41.0
421 -1.0 -1.0 15.0 213.0 45.0
422 -1.0 -1.0 10.0 388.0 92.0
423 -1.0 -1.0 19.0 232.0 64.0
424 -1.0 -1.0 11.0 72.0 44.0
425 -1.0 -1.0 18.0 392.0 37.0
426 -1.0 -1.0 8.0 102.0 62.0
427 -1.0 -1.0 7.0 22.0 56.0
428 -1.0 -1.0 17.0 36.0 65.0
429 -1.0 -1.0 5.0 371.0 99.0
430 -1.0 -1.0 8.0 69.0 18.0
431 -1.0 -1.0 18.0 46.0 91.0
432 -1.0 -1.0 13.0 137.0 89.0
433 -1.0 -1.0 10.0 40.0 60.0
434 -1.0 -1.0 13.0 391.0 48.0
435 -1.0 -1.0 19.0 129.0 95.0
436 -1.0 -1.0 17.0 88.0 48.0
437 -1.0 -1.0 16.0 305.0 60.0
438 -1.0 -1.0 12.0 104.0 35.0
439 -1.0 -1.0 9.0 141.0 85.0
440 -1.0 -1.0 17.0 32.0 80.0
441 -1.0 -1.0 8.0 341.0 80.0
442 -1.0 -1.0 18.0 340.0 27.0
443 -1.0 -1.0 19.0 143.0 82.0
444 -1.0 -1.0 7.0 27.0 74.0
445 -1.0 -1.0 7.0 136.0 92.0
446 -1.0 -1.0 5.0 34.0 82.0
447 -1.0 -1.0 18.0 129.0 85.0
448 -1.0 -1.0 14.0 372.0 42.0
449 -1.0 -1.0 6.0 258.0 34.0
450 -1.0 -1.0 19.0 293.0 52.0
451 -1.0 -1.0 12.0 40.0 95.0
452 -1.0 -1.0 9.0 273.0 22.0
453 -1.0 -1.0 17.0 68.0 20.0
454 -1.0 -1.0 17.0 296.0 52.0
455 -1.0 -1.0 5.0 337.0 94.0
456 -1.0 -1.0 18.0 97.0 18.0
457 -1.0 -1.0 18.0 168.0 23.0
458 -1.0 -1.0 9.0 201.0 76.0
459 -1.0 -1.0 17.0 365.0 72.0
460 -1.0 -1.0 19.0 136.0 55.0
461 -1.0 -1.0 18.0 142.0 57.0
462 -1.0 -1.0 16.0 388.0 27.0
463 -1.0 -1.0 10.0 238.0 92.0
464 -1.0 -1.0 6.0 331.0 36.0
465 -1.0 -1.0 10.0 21.0 88.0
466 -1.0 -1.0 20.0 251.0 33.0
467 -1.0 -1.0 13.0 215.0 52.0
468 -1.0 -1.0 4.0 282.0 21.0
469 -1.0 -1.0 20.0 342.0 17.0
470 -1.0 -1.0 15.0 245.0 16.0
471 -1.0 -1.0 18.0 257.0 91.0
472 -1.0 -1.0 8.0 200.0 26.0
473 -1.0 -1.0 7.0 20.0 58.0
474 -1.0 -1.0 11.0 239.0 46.0
475 -1.0 -1.0 7.0 77.0 72.0
476 -1.0 -1.0 6.0 230.0 68.0
477 -1.0 -1.0 7.0 296.0 83.0
478 -1.0 -1.0 6.0 147.0 86.0
479 -1.0 -1.0 19.0 398.0 68.0
480 -1.0 -1.0 12.0 15.0 45.0
481 -1.0 -1.0 14.0 308.0 75.0
482 -1.0 -1.0 16.0 78.0 64.0
483 -1.0 -1.0 15.0 77.0 63.0
484 -1.0 -1.0 9.0 333.0 62.0
485 -1.0 -1.0 16.0 314.0 48.0
486 -1.0 -1.0 12.0 97.0 73.0
487 -1.0 -1.0 10.0 219.0 84.0
488 -1.0 -1.0 19.0 227.0 74.0
489 -1.0 -1.0 10.0 383.0 36.0
490 -1.0 -1.0 17.0 89.0 42.0
491 -1.0 -1.0 4.0 116.0 29.0
492 -1.0 -1.0 9.0 91.0 56.0
493 -1.0 -1.0 6.0 114.0 61.0
494 -1.0 -1.0 12.0 278.0 70.0
495 -1.0 -1.0 20.0 300.0 68.0
496 -1.0 -1.0 14.0 61.0 63.0
497 -1.0 -1.0 17.0 245.0 32.0
498 -1.0 -1.0 10.0 282.0 24.0
499 -1.0 -1.0 20.0 40.0 60.0
500 -1.0 -1.0 18.0 43.0 97.0
501 -1.0 -1.0 5.0 320.0 68.0
502 -1.0 -1.0 11.0 289.0 33.0
503 -1.0 -1.0 5.0 87.0 96.0
504 -1.0 -1.0 15.0 258.0 22.0
505 -1.0 -1.0 14.0 308.0 76.0
506 -1.0 -1.0 19.0 297.0 94.0
507 -1.0 -1.0 8.0 357.0 15.0
508 -1.0 -1.0 16.0 209.0 90.0
509 -1.0 -1.0 6.0 114.0 54.0
510 -1.0 -1.0 12.0 133.0 28.0
511 -1.0 -1.0 8.0 162.0 75.0
512 -1.0 -1.0 14.0 112.0 71.0
513 -1.0 -1.0 20.0 204.0 58.0
514 -1.0 -1.0 5.0 50.0 25.0
515 -1.0 -1.0 15.0 29.0 86.0
516 -1.0 -1.0 13.0 103.0 34.0
517 -1.0 -1.0 4.0 172.0 88.0
518 -1.0 -1.0 9.0 284.0 93.0
519 -1.0 -1.0 14.0 98.0 57.0
520 -1.0 -1.0 5.0 189.0 54.0
521 -1.0 -1.0 11.0 229.0 95.0
522 -1.0 -1.0 4.0 222.0 58.0
523 -1.0 -1.0 16.0 306.0 59.0
524 -1.0 -1.0 12.0 230.0 58.0
525 -1.0 -1.0 6.0 143.0 54.0
526 -1.0 -1.0 20.0 203.0 26.0
527 -1.0 -1.0 12.0 261.0 83.0
528 -1.0 -1.0 9.0 373.0 43.0
529 -1.0 -1.0 6.0 158.0 41.0
530 -1.0 -1.0 17.0 162.0 97.0
531 -1.0 -1.0 10.0 314.0 67.0
532 -1.0 -1.0 17.0 278.0 35.0
533 -1.0 -1.0 15.0 197.0 63.0
534 -1.0 -1.0 18.0 198.0 87.0
535 -1.0 -1.0 13.0 84.0 53.0
536 -1.0 -1.0 7.0 217.0 28.0
537 -1.0 -1.0 19.0 375.0 92.0
538 -1.0 -1.0 16.0 88.0 95.0
539 -1.0 -1.0 11.0 80.0 80.0
540 -1.0 -1.0 12.0 393.0 60.0
541 -1.0 -1.0 14.0 398.0 69.0
542 -1.0 -1.0 4.0 154.0 29.0
543 -1.0 -1.0 8.0 247.0 60.0
544 -1.0 -1.0 17.0 163.0 89.0
545 -1.0 -1.0 7.0 374.0 36.0
546 -1.0 -1.0 6.0 128.0 47.0
547 -1.0 -1.0 7.0 179.0 41.0
548 -1.0 -1.0 7.0 139.0 72.0
549 -1.0 -1.0 18.0 291.0 37.0
550 -1.0 -1.0 6.0 137.0 46.0
551 -1.0 -1.0 5.0 205.0 86.0
552 -1.0 -1.0 13.0 193.0 87.0
553 -1.0 -1.0 12.0 179.0 61.0
554 -1.0 -1.0 6.0 400.0 65.0
555 -1.0 -1.0 6.0 244.0 96.0
556 -1.0 -1.0 15.0 368.0 87.0
557 -1.0 -1.0 11.0 303.0 48.0
558 -1.0 -1.0 18.0 46.0 59.0
559 -1.0 -1.0 11.0 366.0 92.0
560 -1.0 -1.0 9.0 278.0 74.0
561 -1.0 -1.0 15.0 345.0 52.0
562 -1.0 -1.0 8.0 90.0 94.0
563 -1.0 -1.0 15.0 111.0 46.0
564 -1.0 -1.0 4.0 213.0 19.0
565 -1.0 -1.0 7.0 367.0 42.0
566 -1.0 -1.0 12.0 340.0 92.0
567 -1.0 -1.0 8.0 77.0 77.0
568 -1.0 -1.0 16.0 233.0 47.0
569 -1.0 -1.0 11.0 301.0 75.0
570 -1.0 -1.0 6.0 291.0 60.0
571 -1.0 -1.0 10.0 307.0 57.0
572 -1.0 -1.0 5.0 370.0 39.0
573 -1.0 -1.0 4.0 226.0 30.0
574 -1.0 -1.0 13.0 210.0 83.0
575 -1.0 -1.0 12.0 304.0 79.0
576 -1.0 -1.0 7.0 386.0 17.0
577 -1.0 -1.0 18.0 70.0 24.0
578 -1.0 -1.0 13.0 173.0 97.0
579 -1.0 -1.0 16.0 172.0 18.0
580 -1.0 -1.0 6.0 188.0 84.0
581 -1.0 -1.0 16.0 174.0 40.0
582 -1.0 -1.0 6.0 59.0 17.0
583 -1.0 -1.0 13.0 100.0 79.0
584 -1.0 -1.0 7.0 351.0 64.0
585 -1.0 -1.0 4.0 378.0 80.0
586 -1.0 -1.0 4.0 69.0 60.0
587 -1.0 -1.0 13.0 376.0 26.0
588 -1.0 -1.0 11.0 168.0 72.0
589 -1.0 -1.0 7.0 174.0 84.0
590 -1.0 -1.0 14.0 370.0 25.0
591 -1.0 -1.0 18.0 209.0 54.0
592 -1.0 -1.0 19.0 328.0 65.0
593 -1.0 -1.0 8.0 93.0 99.0
594 -1.0 -1.0 10.0 185.0 77.0
595 -1.0 -1.0 4.0 223.0 29.0
596 -1.0 -1.0 5.0 59.0 32.0
597 -1.0 -1.0 15.0 233.0 34.0
598 -1.0 -1.0 19.0 235.0 79.0
599 -1.0 -1.0 15.0 84.0 78.0
600 -1.0 -1.0 15.0 252.0 71.0
601 -1.0 -1.0 7.0 351.0 98.0
602 -1.0 -1.0 7.0 196.0 53.0
603 -1.0 -1.0 8.0 28.0 84.0
604 -1.0 -1.0 9.0 212.0 70.0
605 -1.0 -1.0 12.0 350.0 97.0
606 -1.0 -1.0 14.0 307.0 34.0
607 -1.0 -1.0 12.0 187.0 40.0
608 -1.0 -1.0 10.0 172.0 74.0
609 -1.0 -1.0 11.0 237.0 52.0
610 -1.0 -1.0 7.0 19.0 32.0
611 -1.0 -1.0 11.0 229.0 71.0
612 -1.0 -1.0 4.0 96.0 20.0
613 -1.0 -1.0 17.0 375.0 70.0
614 -1.0 -1.0 6.0 342.0 28.0
615 -1.0 -1.0 6.0 196.0 85.0
616 -1.0 -1.0 7.0 229.0 83.0
617 -1.0 -1.0 19.0 362.0 56.0
618 -1.0 -1.0 15.0 311.0 55.0
619 -1.0 -1.0 11.0 280.0 97.0
620 -1.0 -1.0 6.0 23.0 53.0
621 -1.0 -1.0 8.0 97.0 62.0
622 -1.0 -1.0 11.0 110.0 51.0
623 -1.0 -1.0 15.0 226.0 85.0
624 -1.0 -1.0 18.0 258.0 23.0
625 -1.0 -1.0 14.0 69.0 89.0
626 -1.0 -1.0 9.0 49.0 20.0
627 -1.0 -1.0 15.0 195.0 43.0
628 -1.0 -1.0 8.0 139.0 85.0
629 -1.0 -1.0 14.0 395.0 20.0
630 -1.0 -1.0 18.0 18.0 31.0
631 -1.0 -1.0 17.0 40.0 56.0
632 -1.0 -1.0 16.0 44.0 95.0
633 -1.0 -1.0 5.0 383.0 26.0
634 -1.0 -1.0 15.0 28.0 42.0
635 -1.0 -1.0 4.0 247.0 44.0
636 -1.0 -1.0 20.0 189.0 24.0
637 -1.0 -1.0 16.0 145.0 51.0
638 -1.0 -1.0 20.0 304.0 50.0
639 -1.0 -1.0 13.0 143.0 52.0
640 -1.0 -1.0 18.0 59.0 81.0
641 -1.0 -1.0 10.0 301.0 100.0
642 -1.0 -1.0 14.0 142.0 47.0
643 -1.0 -1.0 16.0 146.0 60.0
644 -1.0 -1.0 20.0 75.0 84.0
645 -1.0 -1.0 9.0 126.0 76.0
646 -1.0 -1.0 5.0 21.0 32.0
647 -1.0 -1.0 11.0 93.0 50.0
648 -1.0 -1.0 5.0 34.0 45.0
649 -1.0 -1.0 18.0 356.0 16.0
650 -1.0 -1.0 19.0 241.0 64.0
651 -1.0 -1.0 18.0 226.0 84.0
652 -1.0 -1.0 7.0 208.0 95.0
653 -1.0 -1.0 17.0 191.0 69.0
654 -1.0 -1.0 13.0 41.0 32.0
655 -1.0 -1.0 17.0 27.0 63.0
656 -1.0 -1.0 20.0 263.0 94.0
657 -1.0 -1.0 13.0 357.0 58.0
658 -1.0 -1.0 20.0 302.0 90.0
659 -1.0 -1.0 19.0 399.0 65.0
660 -1.0 -1.0 18.0 303.0 83.0
661 -1.0 -1.0 19.0 28.0 73.0
662 -1.0 -1.0 14.0 322.0 96.0
663 -1.0 -1.0 10.0 362.0 52.0
664 -1.0 -1.0 13.0 262.0 23.0
665 -1.0 -1.0 4.0 218.0 83.0
666 -1.0 -1.0 8.0 192.0 25.0
667 -1.0 -1.0 18.0 142.0 32.0
668 -1.0 -1.0 19.0 153.0 20.0
669 -1.0 -1.0 13.0 330.0 92.0
670 -1.0 -1.0 19.0 135.0 23.0
671 -1.0 -1.0 12.0 139.0 33.0
672 -1.0 -1.0 10.0 340.0 64.0
673 -1.0 -1.0 20.0 296.0 59.0
674 -1.0 -1.0 11.0 231.0 51.0
675 -1.0 -1.0 17.0 375.0 22.0
676 -1.0 -1.0 7.0 294.0 89.0
677 -1.0 -1.0 7.0 399.0 36.0
678 -1.0 -1.0 10.0 70.0 76.0
679 -1.0 -1.0 10.0 183.0 90.0
680 -1.0 -1.0 6.0 375.0 36.0
681 -1.0 -1.0 9.0 293.0 81.0
682 -1.0 -1.0 16.0 277.0 29.0
683 -1.0 -1.0 16.0 36.0 64.0
684 -1.0 -1.0 18.0 331.0 77.0
685 -1.0 -1.0 19.0 393.0 65.0
686 -1.0 -1.0 16.0 115.0 61.0
687 -1.0 -1.0 4.0 60.0 53.0
688 -1.0 -1.0 16.0 282.0 69.0
689 -1.0 -1.0 10.0 398.0 62.0
690 -1.0 -1.0 13.0 180.0 59.0
691 -1.0 -1.0 19.0 141.0 71.0
692 -1.0 -1.0 12.0 154.0 74.0
693 -1.0 -1.0 8.0 157.0 47.0
694 -1.0 -1.0 12.0 132.0 45.0
695 -1.0 -1.0 6.0 336.0 43.0
696 -1.0 -1.0 11.0 127.0 66.0
697 -1.0 -1.0 17.0 95.0 88.0
698 -1.0 -1.0 5.0 274.0 53.0
699 -1.0 -1.0 13.0 289.0 98.0
700 -1.0 -1.0 5.0 37.0 64.0
701 -1.0 -1.0 4.0 341.0 23.0
702 -1.0 -1.0 10.0 296.0 69.0
703 -1.0 -1.0 10.0 374.0 27.0
704 -1.0 -1.0 10.0 112.0 88.0
705 -1.0 -1.0 5.0 380.0 55.0
706 -1.0 -1.0 20.0 308.0 81.0
707 -1.0 -1.0 13.0 338.0 58.0
708 -1.0 -1.0 12.0 28.0 57.0
709 -1.0 -1.0 13.0 251.0 52.0
710 -1.0 -1.0 15.0 227.0 49.0
711 -1.0 -1.0 11.0 245.0 93.0
712 -1.0 -1.0 7.0 65.0 39.0
713 -1.0 -1.0 4.0 369.0 44.0
714 -1.0 -1.0 7.0 182.0 15.0
715 -1.0 -1.0 9.0 135.0 91.0
716 -1.0 -1.0 16.0 59.0 15.0
717 -1.0 -1.0 12.0 387.0 92.0
718 -1.0 -1.0 14.0 377.0 37.0
719 -1.0 -1.0 10.0 167.0 35.0
720 -1.0 -1.0 16.0 307.0 90.0
721 -1.0 -1.0 11.0 334.0 82.0
722 -1.0 -1.0 19.0 62.0 40.0
723 -1.0 -1.0 9.0 31.0 53.0
724 -1.0 -1.0 11.0 228.0 27.0
725 -1.0 -1.0 17.0 218.0 33.0
952
0 22 10
1 23 7
1 2 12
2 3 12
3 24 12
4 25 10
5 28 8
5 6 9
6 29 8
6 7 5
7 30 5
7 8 8
8 31 12
8 9 7
9 10 12
11 33 9
12 35 12
13 37 5
13 14 12
14 38 8
15 16 12
16 40 7
16 17 9
17 41 9
17 18 7
18 42 11
18 19 10
19 43 8
19 20 10
20 44 9
21 45 6
21 22 8
24 46 8
25 26 6
26 48 10
26 27 5
27 49 9
28 52 10
28 29 12
29 30 10
30 31 12
31 53 11
32 55 6
33 34 5
34 57 5
34 35 8
35 58 7
35 36 6
36 37 10
37 38 12
38 59 11
38 39 6
39 60 9
40 61 8
40 41 6
41 42 10
42 62 12
42 43 8
43 44 12
45 63 9
46 47 10
47 67 9
48 68 5
48 49 5
49 69 9
49 50 9
50 70 10
50 51 12
51 71 12
51 52 7
52 72 11
53 54 8
55 74 6
55 56 8
56 75 10
57 77 7
57 58 7
59 60 8
60 79 9
62 81 9
63 64 5
64 65 9
65 83 5
65 66 10
66 84 10
67 86 11
68 88 6
68 69 9
69 89 11
69 70 6
70 90 12
70 71 11
71 72 6
72 73 8
73 91 7
74 95 7
74 75 9
75 76 5
76 96 7
76 77 7
78 98 11
80 102 11
80 81 9
81 103 5
81 82 8
82 104 11
83 107 7
83 84 10
84 108 10
84 85 8
85 109 8
86 87 9
87 111 9
87 88 11
88 89 6
89 90 7
90 112 10
91 115 9
92 93 9
93 117 6
93 94 6
94 118 9
94 95 11
95 119 6
97 122 11
98 99 11
99 124 5
100 101 11
101 125 6
101 102 11
102 126 5
102 103 10
103 104 8
104 127 10
105 129 9
105 106 6
106 130 9
106 107 5
107 108 8
108 109 7
109 131 11
109 110 8
110 132 12
111 134 7
112 137 6
112 113 7
113 138 5
113 114 12
114 139 7
114 115 10
115 116 5
116 140 12
117 142 7
117 118 7
118 119 5
119 143 12
119 120 10
120 144 12
121 145 9
121 122 11
122 146 12
122 123 12
123 147 10
124 149 10
125 126 9
126 150 11
127 152 7
127 128 9
128 153 10
129 154 7
129 130 8
131 132 7
132 156 11
132 133 5
133 157 7
133 134 12
134 135 8
135 158 12
135 136 8
136 137 11
137 159 8
137 138 8
138 139 8
140 160 10
140 141 5
141 161 8
141 142 5
143 162 7
143 144 8
144 163 11
145 164 12
145 146 9
146 147 10
147 165 11
147 148 8
148 166 11
148 149 8
150 169 10
150 151 10
151 152 12
152 153 12
153 170 11
154 171 7
155 174 10
156 175 7
156 157 5
157 176 5
158 177 9
159 179 6
160 182 9
160 161 9
161 183 11
162 186 12
162 163 6
163 187 5
164 188 7
165 190 6
165 166 11
167 192 9
167 168 12
168 169 5
169 193 10
170 195 7
171 172 6
172 196 11
172 173 11
173 197 7
173 174 5
175 198 11
175 176 8
177 200 5
177 178 11
178 179 9
179 201 8
180 181 12
181 203 11
181 182 6
182 183 7
183 204 5
183 184 9
184 185 9
185 205 6
185 186 6
186 187 7
187 206 9
188 189 8
189 207 11
189 190 8
190 208 12
191 210 8
192 212 12
193 214 6
194 195 10
195 216 5
196 218 11
196 197 6
197 219 10
198 222 6
199 223 5
199 200 11
200 224 8
201 202 8
202 226 5
204 228 5
206 230 12
207 233 7
207 208 10
208 234 12
208 209 7
209 235 5
209 210 6
210 211 5
211 212 7
212 236 8
212 213 6
213 237 7
213 214 6
214 215 9
216 238 10
217 218 12
218 219 8
219 239 5
219 220 12
220 240 12
220 221 12
221 241 11
221 222 5
223 243 6
223 224 8
224 225 6
226 245 10
227 247 9
227 228 9
228 248 11
228 229 6
229 249 9
230 251 7
230 231 6
231 252 12
231 232 9
232 233 9
233 253 8
233 234 11
234 235 11
235 254 8
236 237 12
239 257 11
239 240 9
240 258 9
240 241 5
241 259 12
242 243 6
244 245 5
245 246 8
247 262 12
247 248 8
248 249 11
249 263 6
250 264 5
250 251 7
251 265 10
251 252 7
252 266 12
253 268 8
254 270 9
254 255 10
255 271 5
255 256 6
256 272 12
257 278 9
257 258 10
258 259 5
259 279 12
259 260 6
260 280 10
261 283 8
263 289 9
264 291 10
264 265 6
265 292 7
265 266 5
266 293 8
266 267 8
267 294 9
267 268 10
268 269 12
269 295 5
269 270 8
270 296 7
270 271 11
271 272 9
272 297 11
272 273 12
273 298 10
274 300 9
274 275 8
275 301 11
275 276 9
277 303 10
279 305 12
279 280 6
280 281 10
281 306 12
281 282 5
282 307 8
282 283 7
283 308 8
283 284 7
284 309 8
284 285 12
285 286 7
286 310 12
286 287 8
287 311 8
288 289 11
289 314 9
289 290 8
290 315 10
290 291 8
291 316 7
291 292 6
292 317 8
292 293 11
293 294 7
295 296 11
296 319 9
297 298 7
298 321 5
298 299 8
299 300 11
300 301 10
301 322 9
302 324 8
303 325 6
303 304 10
304 326 12
306 330 6
306 307 5
307 331 12
307 308 9
308 332 10
308 309 12
310 333 12
310 311 9
311 312 8
312 334 10
312 313 6
313 335 5
314 336 5
314 315 11
315 337 7
315 316 6
316 317 7
318 339 5
319 341 7
319 320 9
321 343 12
322 346 12
322 323 12
323 347 8
323 324 6
324 348 7
325 326 9
326 349 6
326 327 11
327 328 10
328 350 5
329 330 11
330 351 11
330 331 11
331 332 8
333 353 10
334 354 6
334 335 6
335 355 8
336 356 10
336 337 10
338 358 10
338 339 8
339 359 5
339 340 9
340 360 8
340 341 10
342 362 6
342 343 10
343 363 9
343 344 7
344 364 9
344 345 12
345 346 12
346 365 7
346 347 11
347 348 8
348 366 10
349 367 9
350 368 11
351 370 11
352 353 7
354 355 5
355 374 9
357 376 10
357 358 11
358 377 5
358 359 11
359 378 7
359 360 5
360 379 8
361 362 10
362 381 10
362 363 6
363 382 11
363 364 5
364 383 5
368 387 8
368 369 5
369 388 5
370 390 10
370 371 6
371 391 8
371 372 7
372 373 11
374 394 9
375 397 7
375 376 9
376 398 12
376 377 7
377 399 12
377 378 9
378 400 11
378 379 11
379 401 12
379 380 12
380 402 7
381 404 9
381 382 11
382 383 11
383 405 11
384 408 9
385 410 10
386 412 7
386 387 12
387 413 7
387 388 10
388 414 9
388 389 6
389 390 9
390 415 10
390 391 8
391 416 9
392 393 8
393 417 11
394 420 6
394 395 11
395 421 7
396 397 5
397 423 8
397 398 8
398 399 6
399 424 11
399 400 8
400 425 8
400 401 6
401 426 9
401 402 7
402 403 7
403 427 9
403 404 5
404 428 7
405 430 6
405 406 10
406 431 5
406 407 6
407 432 9
407 408 7
408 433 7
408 409 8
409 434 8
410 435 10
410 411 7
411 436 11
411 412 11
412 413 5
413 437 12
413 414 11
414 438 8
415 440 9
415 416 8
417 443 8
417 418 9
418 444 12
418 419 9
419 445 7
419 420 11
420 446 7
420 421 9
421 447 12
422 449 9
424 425 6
425 452 9
425 426 6
426 453 5
427 455 6
427 428 7
428 429 7
429 456 10
429 430 9
430 431 12
431 432 10
432 433 9
433 457 10
433 434 10
435 458 6
435 436 12
437 460 12
437 438 8
438 461 7
438 439 6
439 462 6
439 440 9
440 463 6
441 465 7
441 442 8
442 466 12
442 443 5
443 467 6
443 444 10
444 468 12
444 445 10
445 446 11
446 469 7
446 447 7
447 448 11
448 470 8
448 449 7
449 471 8
449 450 5
450 472 6
451 474 12
452 476 6
452 453 5
453 477 12
453 454 8
454 478 11
454 455 8
456 480 10
458 483 10
459 484 7
459 460 7
460 485 8
460 461 5
461 486 12
461 462 5
462 463 8
463 487 9
463 464 9
464 488 8
465 490 7
465 466 7
466 491 8
466 467 7
467 468 9
470 494 12
470 471 11
471 495 6
471 472 7
472 496 7
472 473 8
473 474 12
474 497 10
474 475 7
475 498 5
475 476 5
476 477 5
477 478 5
479 499 10
479 480 6
480 481 9
481 482 10
482 500 11
484 503 6
484 485 8
485 504 8
485 486 7
486 505 8
487 506 10
487 488 8
488 507 11
488 489 9
489 490 11
490 508 6
490 491 11
492 511 12
493 513 7
493 494 9
494 514 11
494 495 8
495 515 9
495 496 9
496 516 9
497 517 5
497 498 12
498 518 6
499 523 7
501 502 8
502 526 7
503 527 7
503 504 12
504 528 9
504 505 12
505 529 12
506 531 5
506 507 12
507 532 8
509 534 11
509 510 5
510 511 6
511 512 6
512 535 12
512 513 11
513 536 11
513 514 10
514 515 11
515 537 8
515 516 11
516 538 12
517 540 12
517 518 12
518 541 9
518 519 5
519 542 9
519 520 7
520 543 12
520 521 10
521 522 8
522 544 12
522 523 12
523 545 12
523 524 5
524 546 12
525 548 7
526 550 8
527 528 9
528 529 5
529 530 12
530 551 9
530 531 7
531 552 10
531 532 10
533 534 12
535 536 10
537 557 5
537 538 6
538 539 5
539 540 6
540 541 11
541 558 6
541 542 12
542 543 11
544 560 5
544 545 12
545 561 11
545 546 7
546 562 6
547 548 5
548 563 5
548 549 7
549 564 10
549 550 10
550 565 5
551 568 12
551 552 11
552 569 11
553 572 10
554 555 9
555 574 9
556 557 5
558 579 5
559 581 12
559 560 12
560 582 9
560 561 7
561 562 5
563 585 9
563 564 11
564 586 9
564 565 12
565 587 12
566 589 7
567 590 8
567 568 6
568 569 7
569 591 6
569 570 7
570 592 5
570 571 10
571 593 12
571 572 6
572 594 12
572 573 6
573 595 9
574 598 10
574 575 7
575 599 12
576 602 5
576 577 5
577 603 9
577 578 12
578 604 10
578 579 10
579 605 7
579 580 6
580 606 5
581 582 10
582 608 12
583 609 6
583 584 10
584 585 8
585 610 6
585 586 8
586 611 11
586 587 6
588 589 9
589 612 7
590 614 9
591 615 11
591 592 10
592 593 8
593 616 10
593 594 6
594 617 8
594 595 6
595 618 8
595 596 8
596 597 10
597 619 7
597 598 5
598 620 6
598 599 6
599 621 8
600 622 10
600 601 10
601 623 6
601 602 11
602 603 10
603 624 11
603 604 7
604 605 9
605 625 7
605 606 10
606 607 11
608 627 11
610 631 11
610 611 10
611 632 5
612 634 9
613 636 10
613 614 10
614 637 9
616 639 12
616 617 5
617 640 6
617 618 10
619 641 5
619 620 12
620 642 6
620 621 8
622 643 9
622 623 12
623 644 10
624 646 12
625 648 7
626 650 11
626 627 8
627 628 9
628 629 9
629 651 8
630 653 7
630 631 8
631 632 6
632 654 9
633 634 12
634 655 7
634 635 10
635 636 9
636 656 5
636 637 5
637 657 12
637 638 9
639 659 10
639 640 11
640 660 5
641 661 12
641 642 5
642 662 9
643 644 9
644 665 8
644 645 12
645 646 5
646 666 10
646 647 7
647 667 7
647 648 11
648 668 10
649 670 10
649 650 9
650 671 9
651 652 5
652 673 10
652 653 11
654 675 6
656 678 10
656 657 11
657 679 9
658 682 7
658 659 9
659 683 9
659 660 10
661 662 10
662 686 5
662 663 10
663 664 9
664 687 9
665 689 6
666 691 11
666 667 5
667 692 5
667 668 10
668 669 8
669 693 5
669 670 10
670 694 7
670 671 6
671 695 6
672 696 7
674 699 10
674 675 12
675 676 10
676 700 12
677 703 9
677 678 8
678 704 5
678 679 7
679 705 9
679 680 8
680 681 10
681 706 10
681 682 12
682 707 7
682 683 10
683 708 11
684 685 12
685 710 10
686 712 10
687 688 10
688 713 12
688 689 12
689 714 9
689 690 9
690 715 9
690 691 10
691 716 7
691 692 9
692 717 10
693 718 6
693 694 9
694 719 8
694 695 8
695 720 10
696 722 7
696 697 5
697 723 9
698 699 12
700 725 8
701 702 7
702 703 8
703 704 9
704 705 9
706 707 10
707 708 12
708 709 10
710 711 9
711 712 6
713 714 12
714 715 10
715 716 12
716 717 8
718 719 11
719 720 5
720 721 6
721 722 5
722 723 12
724 725 12
10 0.05 0.05 0.05
