600
0 -1.0 -1.0 6.0 23.0 28.0
1 -1.0 -1.0 11.0 179.0 85.0
2 -1.0 -1.0 19.0 74.0 41.0
3 -1.0 -1.0 18.0 106.0 53.0
4 -1.0 -1.0 13.0 380.0 20.0
5 -1.0 -1.0 13.0 204.0 53.0
6 -1.0 -1.0 7.0 89.0 38.0
7 -1.0 -1.0 10.0 337.0 69.0
8 -1.0 -1.0 10.0 375.0 30.0
9 -1.0 -1.0 6.0 279.0 64.0
10 -1.0 -1.0 20.0 352.0 66.0
11 -1.0 -1.0 19.0 141.0 40.0
12 -1.0 -1.0 10.0 182.0 19.0
13 -1.0 -1.0 8.0 298.0 40.0
14 -1.0 -1.0 14.0 81.0 68.0
15 -1.0 -1.0 9.0 352.0 36.0
16 -1.0 -1.0 9.0 356.0 69.0
17 -1.0 -1.0 13.0 94.0 57.0
18 -1.0 -1.0 5.0 174.0 43.0
19 -1.0 -1.0 5.0 233.0 46.0
20 -1.0 -1.0 15.0 99.0 59.0
21 -1.0 -1.0 10.0 180.0 20.0
22 -1.0 -1.0 19.0 390.0 93.0
23 -1.0 -1.0 7.0 348.0 15.0
24 -1.0 -1.0 15.0 119.0 57.0
25 -1.0 -1.0 19.0 88.0 46.0
26 -1.0 -1.0 19.0 63.0 54.0
27 -1.0 -1.0 10.0 139.0 63.0
28 -1.0 -1.0 8.0 32.0 72.0
29 -1.0 -1.0 9.0 257.0 89.0
30 -1.0 -1.0 5.0 98.0 47.0
31 -1.0 -1.0 10.0 156.0 22.0
32 -1.0 -1.0 14.0 321.0 54.0
33 -1.0 -1.0 13.0 291.0 61.0
34 -1.0 -1.0 4.0 261.0 23.0
35 -1.0 -1.0 16.0 346.0 97.0
36 -1.0 -1.0 14.0 176.0 57.0
37 -1.0 -1.0 5.0 387.0 68.0
38 -1.0 -1.0 11.0 318.0 18.0
39 -1.0 -1.0 6.0 270.0 43.0
40 -1.0 -1.0 6.0 235.0 25.0
41 -1.0 -1.0 4.0 330.0 59.0
42 -1.0 -1.0 17.0 352.0 43.0
43 -1.0 -1.0 15.0 134.0 40.0
44 -1.0 -1.0 6.0 19.0 33.0
45 -1.0 -1.0 6.0 307.0 75.0
46 -1.0 -1.0 7.0 204.0 74.0
47 -1.0 -1.0 11.0 83.0 89.0
48 -1.0 -1.0 10.0 235.0 78.0
49 -1.0 -1.0 20.0 359.0 61.0
50 -1.0 -1.0 8.0 39.0 98.0
51 -1.0 -1.0 7.0 191.0 79.0
52 -1.0 -1.0 17.0 231.0 65.0
53 -1.0 -1.0 7.0 254.0 65.0
54 -1.0 -1.0 6.0 262.0 41.0
55 -1.0 -1.0 4.0 253.0 25.0
56 -1.0 -1.0 9.0 123.0 18.0
57 -1.0 -1.0 14.0 243.0 80.0
58 -1.0 -1.0 18.0 89.0 69.0
59 -1.0 -1.0 17.0 270.0 40.0
60 -1.0 -1.0 9.0 72.0 21.0
61 -1.0 -1.0 19.0 335.0 92.0
62 -1.0 -1.0 7.0 353.0 39.0
63 -1.0 -1.0 4.0 161.0 74.0
64 -1.0 -1.0 13.0 160.0 60.0
65 -1.0 -1.0 12.0 182.0 77.0
66 -1.0 -1.0 8.0 369.0 55.0
67 -1.0 -1.0 19.0 26.0 42.0
68 -1.0 -1.0 13.0 305.0 19.0
69 -1.0 -1.0 15.0 354.0 21.0
70 -1.0 -1.0 19.0 319.0 97.0
71 -1.0 -1.0 17.0 215.0 81.0
72 -1.0 -1.0 9.0 316.0 95.0
73 -1.0 -1.0 6.0 242.0 86.0
74 -1.0 -1.0 6.0 270.0 29.0
75 -1.0 -1.0 8.0 37.0 45.0
76 -1.0 -1.0 17.0 161.0 37.0
77 -1.0 -1.0 5.0 82.0 63.0
78 -1.0 -1.0 7.0 396.0 59.0
79 -1.0 -1.0 11.0 298.0 33.0
80 -1.0 -1.0 4.0 186.0 75.0
81 -1.0 -1.0 7.0 166.0 55.0
82 -1.0 -1.0 18.0 26.0 47.0
83 -1.0 -1.0 9.0 195.0 76.0
84 -1.0 -1.0 17.0 145.0 56.0
85 -1.0 -1.0 9.0 17.0 33.0
86 -1.0 -1.0 5.0 68.0 15.0
87 -1.0 -1.0 10.0 21.0 54.0
88 -1.0 -1.0 18.0 245.0 51.0
89 -1.0 -1.0 17.0 232.0 75.0
90 -1.0 -1.0 8.0 226.0 25.0
91 -1.0 -1.0 12.0 381.0 64.0
92 -1.0 -1.0 12.0 160.0 93.0
93 -1.0 -1.0 6.0 50.0 60.0
94 -1.0 -1.0 12.0 305.0 88.0
95 -1.0 -1.0 11.0 67.0 62.0
96 -1.0 -1.0 6.0 371.0 34.0
97 -1.0 -1.0 8.0 101.0 81.0
98 -1.0 -1.0 12.0 190.0 90.0
99 -1.0 -1.0 9.0 51.0 58.0
100 -1.0 -1.0 5.0 81.0 61.0
101 -1.0 -1.0 16.0 135.0 77.0
102 -1.0 -1.0 13.0 304.0 41.0
103 -1.0 -1.0 6.0 340.0 80.0
104 -1.0 -1.0 5.0 57.0 21.0
105 -1.0 -1.0 5.0 170.0 61.0
106 -1.0 -1.0 7.0 361.0 88.0
107 -1.0 -1.0 4.0 234.0 60.0
108 -1.0 -1.0 18.0 194.0 88.0
109 -1.0 -1.0 13.0 385.0 45.0
110 -1.0 -1.0 17.0 293.0 53.0
111 -1.0 -1.0 13.0 360.0 15.0
112 -1.0 -1.0 19.0 34.0 41.0
113 -1.0 -1.0 20.0 327.0 37.0
114 -1.0 -1.0 4.0 32.0 39.0
115 -1.0 -1.0 9.0 182.0 90.0
116 -1.0 -1.0 18.0 108.0 97.0
117 -1.0 -1.0 18.0 297.0 41.0
118 -1.0 -1.0 15.0 132.0 57.0
119 -1.0 -1.0 7.0 300.0 40.0
120 -1.0 -1.0 14.0 254.0 29.0
121 -1.0 -1.0 17.0 344.0 73.0
122 -1.0 -1.0 12.0 339.0 92.0
123 -1.0 -1.0 8.0 157.0 91.0
124 -1.0 -1.0 12.0 311.0 26.0
125 -1.0 -1.0 16.0 40.0 82.0
126 -1.0 -1.0 10.0 378.0 44.0
127 -1.0 -1.0 16.0 108.0 55.0
128 -1.0 -1.0 12.0 171.0 57.0
129 -1.0 -1.0 14.0 343.0 96.0
130 -1.0 -1.0 17.0 107.0 93.0
131 -1.0 -1.0 14.0 48.0 55.0
132 -1.0 -1.0 19.0 292.0 61.0
133 -1.0 -1.0 5.0 23.0 50.0
134 -1.0 -1.0 8.0 220.0 78.0
135 -1.0 -1.0 9.0 20.0 17.0
136 -1.0 -1.0 19.0 84.0 46.0
137 -1.0 -1.0 10.0 277.0 50.0
138 -1.0 -1.0 10.0 131.0 71.0
139 -1.0 -1.0 11.0 187.0 87.0
140 -1.0 -1.0 17.0 178.0 88.0
141 -1.0 -1.0 11.0 19.0 77.0
142 -1.0 -1.0 11.0 260.0 78.0
143 -1.0 -1.0 19.0 370.0 34.0
144 -1.0 -1.0 14.0 346.0 40.0
145 -1.0 -1.0 9.0 218.0 92.0
146 -1.0 -1.0 5.0 16.0 66.0
147 -1.0 -1.0 4.0 217.0 85.0
148 -1.0 -1.0 8.0 248.0 73.0
149 -1.0 -1.0 4.0 220.0 27.0
150 -1.0 -1.0 6.0 159.0 69.0
151 -1.0 -1.0 20.0 345.0 86.0
152 -1.0 -1.0 15.0 116.0 72.0
153 -1.0 -1.0 16.0 381.0 98.0
154 -1.0 -1.0 11.0 226.0 16.0
155 -1.0 -1.0 12.0 22.0 23.0
156 -1.0 -1.0 9.0 269.0 50.0
157 -1.0 -1.0 11.0 249.0 62.0
158 -1.0 -1.0 12.0 110.0 76.0
159 -1.0 -1.0 14.0 238.0 51.0
160 -1.0 -1.0 7.0 173.0 52.0
161 -1.0 -1.0 5.0 361.0 46.0
162 -1.0 -1.0 4.0 395.0 53.0
163 -1.0 -1.0 7.0 98.0 33.0
164 -1.0 -1.0 12.0 142.0 26.0
165 -1.0 -1.0 8.0 215.0 97.0
166 -1.0 -1.0 12.0 22.0 36.0
167 -1.0 -1.0 10.0 261.0 96.0
168 -1.0 -1.0 12.0 52.0 82.0
169 -1.0 -1.0 16.0 377.0 26.0
170 -1.0 -1.0 16.0 124.0 33.0
171 -1.0 -1.0 6.0 179.0 75.0
172 -1.0 -1.0 20.0 258.0 88.0
173 -1.0 -1.0 5.0 95.0 63.0
174 -1.0 -1.0 18.0 81.0 24.0
175 -1.0 -1.0 4.0 297.0 80.0
176 -1.0 -1.0 18.0 279.0 76.0
177 -1.0 -1.0 7.0 159.0 57.0
178 -1.0 -1.0 4.0 122.0 54.0
179 -1.0 -1.0 10.0 194.0 88.0
180 -1.0 -1.0 4.0 203.0 98.0
181 -1.0 -1.0 18.0 260.0 26.0
182 -1.0 -1.0 8.0 389.0 89.0
183 -1.0 -1.0 17.0 380.0 26.0
184 -1.0 -1.0 12.0 148.0 98.0
185 -1.0 -1.0 9.0 339.0 65.0
186 -1.0 -1.0 11.0 264.0 32.0
187 -1.0 -1.0 18.0 302.0 88.0
188 -1.0 -1.0 16.0 134.0 80.0
189 -1.0 -1.0 17.0 275.0 66.0
190 -1.0 -1.0 16.0 230.0 64.0
191 -1.0 -1.0 12.0 324.0 72.0
192 -1.0 -1.0 4.0 279.0 99.0
193 -1.0 -1.0 15.0 45.0 83.0
194 -1.0 -1.0 10.0 93.0 44.0
195 -1.0 -1.0 10.0 368.0 51.0
196 -1.0 -1.0 9.0 52.0 87.0
197 -1.0 -1.0 20.0 125.0 82.0
198 -1.0 -1.0 18.0 94.0 92.0
199 -1.0 -1.0 8.0 68.0 63.0
200 -1.0 -1.0 16.0 122.0 94.0
201 -1.0 -1.0 5.0 112.0 54.0
202 -1.0 -1.0 11.0 59.0 41.0
203 -1.0 -1.0 10.0 136.0 55.0
204 -1.0 -1.0 16.0 117.0 22.0
205 -1.0 -1.0 5.0 334.0 70.0
206 -1.0 -1.0 9.0 145.0 77.0
207 -1.0 -1.0 5.0 391.0 60.0
208 -1.0 -1.0 8.0 255.0 85.0
209 -1.0 -1.0 20.0 160.0 53.0
210 -1.0 -1.0 5.0 225.0 57.0
211 -1.0 -1.0 11.0 304.0 94.0
212 -1.0 -1.0 6.0 355.0 53.0
213 -1.0 -1.0 12.0 69.0 60.0
214 -1.0 -1.0 17.0 49.0 84.0
215 -1.0 -1.0 15.0 187.0 30.0
216 -1.0 -1.0 12.0 341.0 68.0
217 -1.0 -1.0 12.0 343.0 22.0
218 -1.0 -1.0 11.0 172.0 82.0
219 -1.0 -1.0 10.0 95.0 30.0
220 -1.0 -1.0 10.0 339.0 92.0
221 -1.0 -1.0 13.0 348.0 78.0
222 -1.0 -1.0 6.0 46.0 25.0
223 -1.0 -1.0 8.0 167.0 85.0
224 -1.0 -1.0 19.0 21.0 70.0
225 -1.0 -1.0 11.0 43.0 37.0
226 -1.0 -1.0 19.0 82.0 73.0
227 -1.0 -1.0 8.0 180.0 84.0
228 -1.0 -1.0 19.0 357.0 82.0
229 -1.0 -1.0 7.0 268.0 24.0
230 -1.0 -1.0 6.0 184.0 55.0
231 -1.0 -1.0 6.0 376.0 89.0
232 -1.0 -1.0 4.0 400.0 80.0
233 -1.0 -1.0 11.0 168.0 93.0
234 -1.0 -1.0 4.0 326.0 86.0
235 -1.0 -1.0 4.0 122.0 67.0
236 -1.0 -1.0 5.0 275.0 61.0
237 -1.0 -1.0 9.0 147.0 83.0
238 -1.0 -1.0 8.0 100.0 68.0
239 -1.0 -1.0 8.0 184.0 90.0
240 -1.0 -1.0 20.0 283.0 85.0
241 -1.0 -1.0 8.0 268.0 32.0
242 -1.0 -1.0 5.0 249.0 83.0
243 -1.0 -1.0 6.0 252.0 41.0
244 -1.0 -1.0 5.0 234.0 47.0
245 -1.0 -1.0 6.0 87.0 19.0
246 -1.0 -1.0 9.0 322.0 81.0
247 -1.0 -1.0 6.0 318.0 33.0
248 -1.0 -1.0 13.0 285.0 50.0
249 -1.0 -1.0 16.0 23.0 18.0
250 -1.0 -1.0 5.0 263.0 18.0
251 -1.0 -1.0 20.0 237.0 58.0
252 -1.0 -1.0 9.0 166.0 82.0
253 -1.0 -1.0 15.0 363.0 80.0
254 -1.0 -1.0 12.0 398.0 93.0
255 -1.0 -1.0 15.0 250.0 66.0
256 -1.0 -1.0 4.0 239.0 68.0
257 -1.0 -1.0 9.0 86.0 55.0
258 -1.0 -1.0 6.0 382.0 60.0
259 -1.0 -1.0 18.0 111.0 28.0
260 -1.0 -1.0 4.0 121.0 68.0
261 -1.0 -1.0 9.0 288.0 46.0
262 -1.0 -1.0 19.0 180.0 73.0
263 -1.0 -1.0 12.0 386.0 97.0
264 -1.0 -1.0 16.0 52.0 54.0
265 -1.0 -1.0 19.0 174.0 31.0
266 -1.0 -1.0 13.0 298.0 89.0
267 -1.0 -1.0 7.0 377.0 81.0
268 -1.0 -1.0 19.0 374.0 99.0
269 -1.0 -1.0 6.0 340.0 36.0
270 -1.0 -1.0 7.0 165.0 87.0
271 -1.0 -1.0 12.0 106.0 76.0
272 -1.0 -1.0 6.0 110.0 24.0
273 -1.0 -1.0 16.0 352.0 35.0
274 -1.0 -1.0 20.0 400.0 42.0
275 -1.0 -1.0 10.0 70.0 86.0
276 -1.0 -1.0 15.0 188.0 85.0
277 -1.0 -1.0 8.0 164.0 35.0
278 -1.0 -1.0 6.0 77.0 33.0
279 -1.0 -1.0 17.0 322.0 26.0
280 -1.0 -1.0 4.0 350.0 15.0
281 -1.0 -1.0 8.0 225.0 18.0
282 -1.0 -1.0 15.0 173.0 45.0
283 -1.0 -1.0 19.0 244.0 98.0
284 -1.0 -1.0 7.0 76.0 22.0
285 -1.0 -1.0 12.0 273.0 49.0
286 -1.0 -1.0 9.0 198.0 88.0
287 -1.0 -1.0 11.0 400.0 98.0
288 -1.0 -1.0 20.0 43.0 100.0
289 -1.0 -1.0 4.0 287.0 30.0
290 -1.0 -1.0 17.0 98.0 89.0
291 -1.0 -1.0 13.0 140.0 48.0
292 -1.0 -1.0 16.0 283.0 29.0
293 -1.0 -1.0 10.0 360.0 16.0
294 -1.0 -1.0 17.0 302.0 80.0
295 -1.0 -1.0 9.0 298.0 74.0
296 -1.0 -1.0 6.0 114.0 88.0
297 -1.0 -1.0 7.0 355.0 68.0
298 -1.0 -1.0 5.0 123.0 63.0
299 -1.0 -1.0 10.0 386.0 53.0
300 -1.0 -1.0 12.0 62.0 30.0
301 -1.0 -1.0 7.0 296.0 55.0
302 -1.0 -1.0 5.0 80.0 23.0
303 -1.0 -1.0 8.0 174.0 49.0
304 -1.0 -1.0 11.0 187.0 98.0
305 -1.0 -1.0 18.0 29.0 87.0
306 -1.0 -1.0 14.0 137.0 42.0
307 -1.0 -1.0 5.0 187.0 50.0
308 -1.0 -1.0 17.0 385.0 22.0
309 -1.0 -1.0 12.0 49.0 91.0
310 -1.0 -1.0 20.0 295.0 51.0
311 -1.0 -1.0 19.0 322.0 66.0
312 -1.0 -1.0 11.0 249.0 51.0
313 -1.0 -1.0 5.0 153.0 38.0
314 -1.0 -1.0 7.0 295.0 45.0
315 -1.0 -1.0 20.0 258.0 61.0
316 -1.0 -1.0 8.0 395.0 100.0
317 -1.0 -1.0 4.0 253.0 21.0
318 -1.0 -1.0 18.0 385.0 87.0
319 -1.0 -1.0 7.0 237.0 96.0
320 -1.0 -1.0 6.0 314.0 75.0
321 -1.0 -1.0 15.0 24.0 90.0
322 -1.0 -1.0 10.0 153.0 35.0
323 -1.0 -1.0 6.0 188.0 76.0
324 -1.0 -1.0 15.0 109.0 83.0
325 -1.0 -1.0 7.0 250.0 71.0
326 -1.0 -1.0 19.0 30.0 70.0
327 -1.0 -1.0 13.0 218.0 19.0
328 -1.0 -1.0 14.0 396.0 92.0
329 -1.0 -1.0 15.0 199.0 64.0
330 -1.0 -1.0 17.0 274.0 19.0
331 -1.0 -1.0 11.0 42.0 80.0
332 -1.0 -1.0 17.0 364.0 31.0
333 -1.0 -1.0 10.0 292.0 80.0
334 -1.0 -1.0 9.0 29.0 63.0
335 -1.0 -1.0 15.0 243.0 30.0
336 -1.0 -1.0 9.0 348.0 72.0
337 -1.0 -1.0 15.0 165.0 46.0
338 -1.0 -1.0 19.0 204.0 28.0
339 -1.0 -1.0 7.0 186.0 19.0
340 -1.0 -1.0 14.0 395.0 42.0
341 -1.0 -1.0 19.0 83.0 18.0
342 -1.0 -1.0 8.0 66.0 49.0
343 -1.0 -1.0 6.0 89.0 62.0
344 -1.0 -1.0 18.0 243.0 66.0
345 -1.0 -1.0 19.0 398.0 77.0
346 -1.0 -1.0 11.0 55.0 51.0
347 -1.0 -1.0 20.0 313.0 75.0
348 -1.0 -1.0 16.0 269.0 82.0
349 -1.0 -1.0 11.0 311.0 58.0
350 -1.0 -1.0 8.0 158.0 16.0
351 -1.0 -1.0 12.0 43.0 44.0
352 -1.0 -1.0 9.0 340.0 99.0
353 -1.0 -1.0 8.0 338.0 82.0
354 -1.0 -1.0 18.0 228.0 86.0
355 -1.0 -1.0 9.0 341.0 68.0
356 -1.0 -1.0 14.0 130.0 26.0
357 -1.0 -1.0 8.0 106.0 43.0
358 -1.0 -1.0 13.0 34.0 52.0
359 -1.0 -1.0 20.0 221.0 86.0
360 -1.0 -1.0 11.0 39.0 64.0
361 -1.0 -1.0 11.0 84.0 16.0
362 -1.0 -1.0 5.0 342.0 17.0
363 -1.0 -1.0 15.0 235.0 59.0
364 -1.0 -1.0 19.0 227.0 71.0
365 -1.0 -1.0 5.0 388.0 92.0
366 -1.0 -1.0 10.0 82.0 36.0
367 -1.0 -1.0 9.0 294.0 75.0
368 -1.0 -1.0 18.0 296.0 19.0
369 -1.0 -1.0 12.0 298.0 29.0
370 -1.0 -1.0 4.0 392.0 64.0
371 -1.0 -1.0 5.0 307.0 22.0
372 -1.0 -1.0 15.0 80.0 17.0
373 -1.0 -1.0 4.0 282.0 83.0
374 -1.0 -1.0 14.0 105.0 33.0
375 -1.0 -1.0 14.0 53.0 42.0
376 -1.0 -1.0 20.0 92.0 78.0
377 -1.0 -1.0 17.0 320.0 19.0
378 -1.0 -1.0 5.0 96.0 77.0
379 -1.0 -1.0 18.0 307.0 44.0
380 -1.0 -1.0 5.0 343.0 85.0
381 -1.0 -1.0 6.0 47.0 63.0
382 -1.0 -1.0 19.0 247.0 24.0
383 -1.0 -1.0 10.0 157.0 54.0
384 -1.0 -1.0 18.0 302.0 25.0
385 -1.0 -1.0 20.0 244.0 91.0
386 -1.0 -1.0 16.0 297.0 60.0
387 -1.0 -1.0 14.0 362.0 51.0
388 -1.0 -1.0 17.0 352.0 91.0
389 -1.0 -1.0 6.0 190.0 77.0
390 -1.0 -1.0 7.0 142.0 60.0
391 -1.0 -1.0 12.0 142.0 72.0
392 -1.0 -1.0 15.0 140.0 36.0
393 -1.0 -1.0 17.0 167.0 51.0
394 -1.0 -1.0 15.0 358.0 63.0
395 -1.0 -1.0 14.0 206.0 95.0
396 -1.0 -1.0 16.0 216.0 58.0
397 -1.0 -1.0 6.0 164.0 86.0
398 -1.0 -1.0 12.0 79.0 45.0
399 -1.0 -1.0 7.0 263.0 77.0
400 -1.0 -1.0 5.0 133.0 49.0
401 -1.0 -1.0 4.0 242.0 24.0
402 -1.0 -1.0 16.0 164.0 32.0
403 -1.0 -1.0 20.0 82.0 18.0
404 -1.0 -1.0 17.0 365.0 97.0
405 -1.0 -1.0 16.0 52.0 20.0
406 -1.0 -1.0 18.0 348.0 65.0
407 -1.0 -1.0 17.0 84.0 27.0
408 -1.0 -1.0 10.0 297.0 65.0
409 -1.0 -1.0 18.0 146.0 98.0
410 -1.0 -1.0 7.0 301.0 94.0
411 -1.0 -1.0 12.0 162.0 66.0
412 -1.0 -1.0 7.0 247.0 94.0
413 -1.0 -1.0 6.0 58.0 36.0
414 -1.0 -1.0 6.0 44.0 74.0
415 -1.0 -1.0 13.0 104.0 42.0
416 -1.0 -1.0 11.0 307.0 69.0
417 -1.0 -1.0 7.0 98.0 56.0
418 -1.0 -1.0 14.0 323.0 63.0
419 -1.0 -1.0 5.0 237.0 82.0
420 -1.0 -1.0 12.0 15.0 57.0
421 -1.0 -1.0 5.0 371.0 35.0
422 -1.0 -1.0 19.0 57.0 62.0
423 -1.0 -1.0 17.0 150.0 99.0
424 -1.0 -1.0 19.0 232.0 85.0
425 -1.0 -1.0 12.0 225.0 58.0
426 -1.0 -1.0 20.0 37.0 93.0
427 -1.0 -1.0 14.0 156.0 23.0
428 -1.0 -1.0 6.0 231.0 80.0
429 -1.0 -1.0 10.0 77.0 64.0
430 -1.0 -1.0 18.0 338.0 27.0
431 -1.0 -1.0 4.0 393.0 53.0
432 -1.0 -1.0 13.0 158.0 49.0
433 -1.0 -1.0 8.0 335.0 21.0
434 -1.0 -1.0 7.0 376.0 46.0
435 -1.0 -1.0 16.0 360.0 31.0
436 -1.0 -1.0 6.0 362.0 45.0
437 -1.0 -1.0 17.0 329.0 85.0
438 -1.0 -1.0 15.0 89.0 78.0
439 -1.0 -1.0 11.0 269.0 56.0
440 -1.0 -1.0 4.0 234.0 40.0
441 -1.0 -1.0 9.0 256.0 98.0
442 -1.0 -1.0 15.0 82.0 22.0
443 -1.0 -1.0 5.0 170.0 78.0
444 -1.0 -1.0 5.0 205.0 51.0
445 -1.0 -1.0 6.0 102.0 90.0
446 -1.0 -1.0 11.0 248.0 55.0
447 -1.0 -1.0 8.0 240.0 26.0
448 -1.0 -1.0 12.0 93.0 52.0
449 -1.0 -1.0 5.0 263.0 55.0
450 -1.0 -1.0 9.0 389.0 25.0
451 -1.0 -1.0 4.0 390.0 19.0
452 -1.0 -1.0 8.0 113.0 92.0
453 -1.0 -1.0 4.0 142.0 88.0
454 -1.0 -1.0 18.0 180.0 46.0
455 -1.0 -1.0 4.0 194.0 28.0
456 -1.0 -1.0 7.0 168.0 27.0
457 -1.0 -1.0 7.0 217.0 65.0
458 -1.0 -1.0 4.0 62.0 27.0
459 -1.0 -1.0 11.0 177.0 76.0
460 -1.0 -1.0 8.0 55.0 69.0
461 -1.0 -1.0 18.0 283.0 38.0
462 -1.0 -1.0 13.0 133.0 51.0
463 -1.0 -1.0 17.0 195.0 78.0
464 -1.0 -1.0 14.0 125.0 69.0
465 -1.0 -1.0 16.0 360.0 45.0
466 -1.0 -1.0 15.0 283.0 41.0
467 -1.0 -1.0 16.0 78.0 98.0
468 -1.0 -1.0 13.0 148.0 69.0
469 -1.0 -1.0 7.0 216.0 48.0
470 -1.0 -1.0 8.0 117.0 46.0
471 -1.0 -1.0 10.0 117.0 15.0
472 -1.0 -1.0 15.0 128.0 94.0
473 -1.0 -1.0 19.0 228.0 95.0
474 -1.0 -1.0 18.0 38.0 32.0
475 -1.0 -1.0 8.0 34.0 24.0
476 -1.0 -1.0 17.0 175.0 37.0
477 -1.0 -1.0 14.0 368.0 65.0
478 -1.0 -1.0 7.0 36.0 37.0
479 -1.0 -1.0 20.0 203.0 74.0
480 -1.0 -1.0 19.0 44.0 68.0
481 -1.0 -1.0 7.0 331.0 28.0
482 -1.0 -1.0 19.0 203.0 64.0
483 -1.0 -1.0 11.0 390.0 93.0
484 -1.0 -1.0 18.0 219.0 99.0
485 -1.0 -1.0 11.0 375.0 73.0
486 -1.0 -1.0 20.0 34.0 81.0
487 -1.0 -1.0 12.0 319.0 55.0
488 -1.0 -1.0 4.0 210.0 48.0
489 -1.0 -1.0 7.0 23.0 97.0
490 -1.0 -1.0 13.0 29.0 31.0
491 -1.0 -1.0 5.0 252.0 60.0
492 -1.0 -1.0 4.0 332.0 19.0
493 -1.0 -1.0 14.0 20.0 99.0
494 -1.0 -1.0 5.0 78.0 21.0
495 -1.0 -1.0 5.0 276.0 57.0
496 -1.0 -1.0 16.0 15.0 80.0
497 -1.0 -1.0 18.0 185.0 51.0
498 -1.0 -1.0 15.0 22.0 40.0
499 -1.0 -1.0 7.0 400.0 71.0
500 -1.0 -1.0 8.0 213.0 21.0
501 -1.0 -1.0 6.0 30.0 45.0
502 -1.0 -1.0 8.0 400.0 17.0
503 -1.0 -1.0 9.0 189.0 53.0
504 -1.0 -1.0 16.0 193.0 99.0
505 -1.0 -1.0 4.0 344.0 30.0
506 -1.0 -1.0 14.0 304.0 16.0
507 -1.0 -1.0 7.0 260.0 80.0
508 -1.0 -1.0 17.0 370.0 33.0
509 -1.0 -1.0 6.0 36.0 51.0
510 -1.0 -1.0 17.0 385.0 70.0
511 -1.0 -1.0 15.0 75.0 31.0
512 -1.0 -1.0 4.0 259.0 62.0
513 -1.0 -1.0 5.0 189.0 22.0
514 -1.0 -1.0 16.0 55.0 42.0
515 -1.0 -1.0 8.0 277.0 37.0
516 -1.0 -1.0 11.0 259.0 100.0
517 -1.0 -1.0 7.0 82.0 49.0
518 -1.0 -1.0 12.0 270.0 55.0
519 -1.0 -1.0 13.0 226.0 49.0
520 -1.0 -1.0 14.0 98.0 91.0
521 -1.0 -1.0 11.0 205.0 37.0
522 -1.0 -1.0 17.0 375.0 93.0
523 -1.0 -1.0 10.0 359.0 88.0
524 -1.0 -1.0 19.0 187.0 93.0
525 -1.0 -1.0 5.0 376.0 65.0
526 -1.0 -1.0 14.0 219.0 93.0
527 -1.0 -1.0 7.0 301.0 17.0
528 -1.0 -1.0 10.0 266.0 74.0
529 -1.0 -1.0 15.0 307.0 47.0
530 -1.0 -1.0 19.0 351.0 36.0
531 -1.0 -1.0 4.0 316.0 35.0
532 -1.0 -1.0 8.0 301.0 48.0
533 -1.0 -1.0 20.0 261.0 38.0
534 -1.0 -1.0 8.0 131.0 72.0
535 -1.0 -1.0 13.0 316.0 74.0
536 -1.0 -1.0 19.0 205.0 67.0
537 -1.0 -1.0 10.0 167.0 29.0
538 -1.0 -1.0 7.0 184.0 56.0
539 -1.0 -1.0 16.0 337.0 21.0
540 -1.0 -1.0 10.0 307.0 30.0
541 -1.0 -1.0 14.0 337.0 43.0
542 -1.0 -1.0 14.0 392.0 64.0
543 -1.0 -1.0 17.0 389.0 73.0
544 -1.0 -1.0 17.0 387.0 90.0
545 -1.0 -1.0 13.0 264.0 44.0
546 -1.0 -1.0 17.0 113.0 85.0
547 -1.0 -1.0 11.0 387.0 54.0
548 -1.0 -1.0 11.0 332.0 21.0
549 -1.0 -1.0 15.0 101.0 97.0
550 -1.0 -1.0 7.0 375.0 50.0
551 -1.0 -1.0 12.0 230.0 81.0
552 -1.0 -1.0 9.0 228.0 55.0
553 -1.0 -1.0 18.0 176.0 42.0
554 -1.0 -1.0 13.0 330.0 75.0
555 -1.0 -1.0 8.0 182.0 78.0
556 -1.0 -1.0 13.0 136.0 34.0
557 -1.0 -1.0 10.0 145.0 23.0
558 -1.0 -1.0 20.0 54.0 81.0
559 -1.0 -1.0 7.0 330.0 68.0
560 -1.0 -1.0 15.0 130.0 28.0
561 -1.0 -1.0 20.0 203.0 65.0
562 -1.0 -1.0 17.0 223.0 20.0
563 -1.0 -1.0 19.0 284.0 78.0
564 -1.0 -1.0 8.0 57.0 56.0
565 -1.0 -1.0 18.0 204.0 36.0
566 -1.0 -1.0 9.0 67.0 51.0
567 -1.0 -1.0 9.0 248.0 15.0
568 -1.0 -1.0 14.0 207.0 16.0
569 -1.0 -1.0 11.0 75.0 94.0
570 -1.0 -1.0 12.0 38.0 15.0
571 -1.0 -1.0 13.0 320.0 58.0
572 -1.0 -1.0 9.0 334.0 16.0
573 -1.0 -1.0 18.0 240.0 50.0
574 -1.0 -1.0 12.0 154.0 65.0
575 -1.0 -1.0 16.0 55.0 35.0
576 -1.0 -1.0 8.0 314.0 29.0
577 -1.0 -1.0 8.0 331.0 60.0
578 -1.0 -1.0 19.0 182.0 15.0
579 -1.0 -1.0 8.0 231.0 61.0
580 -1.0 -1.0 11.0 71.0 82.0
581 -1.0 -1.0 12.0 131.0 91.0
582 -1.0 -1.0 9.0 28.0 55.0
583 -1.0 -1.0 17.0 23.0 63.0
584 -1.0 -1.0 10.0 246.0 53.0
585 -1.0 -1.0 13.0 46.0 60.0
586 -1.0 -1.0 15.0 121.0 29.0
587 -1.0 -1.0 10.0 100.0 38.0
588 -1.0 -1.0 11.0 98.0 90.0
589 -1.0 -1.0 20.0 250.0 59.0
590 -1.0 -1.0 11.0 394.0 60.0
591 -1.0 -1.0 12.0 201.0 39.0
592 -1.0 -1.0 13.0 258.0 94.0
593 -1.0 -1.0 16.0 357.0 58.0
594 -1.0 -1.0 5.0 16.0 58.0
595 -1.0 -1.0 18.0 365.0 26.0
596 -1.0 -1.0 9.0 33.0 88.0
597 -1.0 -1.0 5.0 320.0 33.0
598 -1.0 -1.0 9.0 322.0 72.0
599 -1.0 -1.0 4.0 89.0 54.0
758
0 1 6
1 23 7
1 2 10
2 3 9
4 5 5
5 6 7
6 24 5
7 26 7
7 8 5
8 9 9
9 10 8
10 27 8
10 11 10
11 28 11
12 30 8
12 13 6
13 31 7
14 15 5
15 16 11
16 33 5
16 17 11
17 34 8
17 18 10
18 19 6
19 35 6
20 21 8
21 38 5
21 22 10
22 39 6
23 41 6
24 45 6
24 25 11
25 46 9
25 26 9
26 47 12
27 49 7
27 28 9
28 50 8
28 29 7
29 51 11
29 30 6
30 52 9
30 31 11
31 53 9
32 55 8
33 56 8
33 34 11
35 58 12
35 36 11
36 59 7
36 37 7
37 60 8
38 39 5
39 61 9
40 62 10
40 41 9
41 63 5
41 42 10
42 64 11
42 43 11
43 65 10
44 67 8
44 45 10
45 68 11
45 46 11
46 69 10
46 47 11
47 70 10
47 48 5
48 71 7
49 73 10
49 50 6
50 51 7
51 74 11
51 52 5
52 75 5
52 53 5
53 76 10
53 54 6
54 77 9
54 55 10
57 81 10
57 58 6
58 59 11
59 60 11
60 82 12
61 84 9
62 63 7
63 64 5
64 85 6
64 65 8
65 86 12
65 66 7
66 87 12
67 68 8
68 88 8
68 69 8
69 70 5
70 71 10
71 89 9
71 72 7
72 90 10
72 73 9
73 91 10
74 92 12
74 75 6
75 93 6
75 76 11
76 94 8
76 77 12
77 95 5
78 96 8
78 79 6
80 97 6
80 81 6
81 98 8
82 83 11
83 99 7
84 101 8
85 86 6
86 87 6
87 104 5
89 90 8
90 108 9
90 91 5
91 109 10
92 93 6
93 111 11
93 94 7
94 112 6
94 95 7
96 114 8
97 98 8
99 119 11
99 100 8
100 120 9
100 101 5
102 121 9
102 103 8
104 124 8
105 126 11
106 128 9
106 107 5
107 129 7
108 131 6
108 109 8
109 110 5
110 132 10
111 112 11
112 133 5
113 135 6
113 114 9
114 115 5
115 136 9
115 116 8
117 118 6
118 119 11
119 140 12
119 120 12
120 141 6
121 143 12
122 145 6
122 123 12
123 146 5
123 124 6
124 147 10
124 125 6
125 126 11
126 148 10
126 127 7
127 149 12
127 128 9
128 129 7
129 130 11
130 150 12
130 131 9
131 151 6
133 153 12
133 134 10
134 154 6
134 135 5
135 155 5
137 138 10
138 158 5
138 139 10
139 159 11
140 141 12
141 142 5
142 162 5
143 163 11
143 144 8
144 164 7
144 145 6
145 146 5
146 165 7
146 147 9
147 166 9
148 149 12
149 168 12
150 151 7
151 170 9
152 153 7
153 172 8
153 154 6
154 173 11
154 155 6
155 174 6
155 156 5
156 175 10
157 177 6
158 179 9
158 159 10
159 160 10
160 161 9
161 180 10
162 183 10
163 184 11
163 164 11
164 185 10
165 187 9
165 166 8
166 188 6
166 167 12
168 190 7
168 169 9
170 193 11
171 194 5
172 173 8
173 197 5
173 174 11
174 198 9
174 175 7
175 176 8
176 177 8
177 178 11
178 199 8
178 179 6
179 200 5
180 203 9
180 181 9
181 182 5
182 183 6
183 204 11
184 205 6
184 185 7
185 206 11
185 186 12
186 187 7
187 207 12
187 188 6
188 208 9
189 190 8
191 210 6
191 192 7
192 193 8
194 211 6
194 195 12
195 212 12
195 196 7
197 198 7
198 214 12
199 200 5
200 216 8
200 201 10
201 217 6
201 202 6
202 203 7
203 218 11
205 206 9
206 221 8
207 223 10
207 208 11
208 224 7
209 210 8
211 227 8
211 212 9
213 229 8
214 215 8
215 231 9
216 217 5
218 233 11
218 219 12
219 234 8
219 220 8
221 236 9
221 222 5
222 223 11
223 237 10
223 224 10
224 238 8
224 225 9
225 239 8
226 243 7
227 246 11
228 247 5
228 229 8
229 248 12
229 230 5
230 249 6
232 252 7
233 234 11
234 254 9
235 255 9
236 257 11
237 259 10
237 238 5
238 260 9
238 239 10
239 240 5
240 261 10
241 262 9
241 242 8
242 263 7
242 243 10
243 264 5
243 244 11
244 265 9
244 245 5
245 266 6
245 246 9
247 268 9
247 248 8
248 269 12
248 249 5
249 270 8
249 250 10
251 272 11
252 274 7
252 253 5
253 275 10
254 279 9
255 280 6
256 281 12
256 257 9
257 258 5
258 282 7
258 259 5
259 260 7
262 284 9
262 263 10
263 264 10
264 285 10
264 265 11
265 266 6
266 286 11
267 268 12
268 288 10
268 269 8
269 289 10
269 270 11
270 290 10
271 291 11
271 272 6
272 292 8
272 273 7
273 274 10
274 275 7
275 293 9
275 276 8
276 277 6
277 278 7
278 294 7
278 279 10
279 295 12
280 296 6
282 297 10
283 301 9
283 284 9
286 304 6
286 287 11
288 306 5
288 289 5
289 290 9
291 308 9
291 292 5
292 309 10
293 312 8
294 295 11
295 315 6
296 317 11
297 298 7
298 320 6
299 321 6
299 300 11
300 301 9
301 322 12
302 324 12
303 325 8
303 304 5
304 326 6
305 327 10
305 306 9
306 328 8
307 330 6
307 308 7
308 309 11
309 331 7
309 310 9
310 311 10
311 332 9
311 312 8
312 313 6
313 314 7
314 333 11
315 335 5
315 316 11
316 336 10
316 317 6
318 337 6
318 319 9
319 338 12
322 342 5
322 323 11
323 343 7
323 324 6
325 326 9
327 346 10
327 328 8
329 330 8
331 348 10
333 334 8
334 349 5
334 335 11
335 336 11
336 350 11
337 351 5
337 338 12
338 339 11
340 353 6
341 354 7
341 342 9
342 355 11
342 343 6
343 356 12
344 358 8
345 361 8
345 346 10
346 362 9
347 348 5
348 366 9
349 370 5
351 373 7
352 353 11
353 376 5
354 378 9
354 355 12
355 379 6
355 356 8
356 357 5
357 380 12
357 358 8
358 359 12
359 360 8
360 361 7
361 381 6
361 362 7
362 382 12
362 363 6
363 383 6
363 364 10
364 384 10
364 365 9
365 385 10
367 388 10
367 368 6
368 389 10
368 369 11
369 390 8
369 370 12
370 391 10
370 371 12
371 392 9
372 394 5
373 374 8
374 395 5
374 375 5
376 397 7
376 377 8
377 398 6
377 378 10
378 399 7
378 379 8
379 400 6
381 405 8
381 382 12
382 406 5
382 383 6
383 384 9
384 407 8
384 385 12
385 408 6
385 386 10
386 409 9
386 387 12
387 410 5
388 389 10
389 414 12
389 390 5
390 415 8
390 391 5
391 392 7
392 393 10
393 416 5
393 394 6
394 417 7
395 419 10
396 421 9
396 397 6
397 398 9
398 399 5
399 400 11
400 422 5
400 401 5
402 423 5
402 403 12
403 424 9
403 404 6
404 425 9
404 405 5
405 426 5
405 406 8
406 427 12
407 408 12
408 428 8
408 409 11
409 429 9
409 410 6
410 430 7
410 411 8
411 431 5
411 412 6
412 432 10
412 413 12
414 415 7
415 434 12
416 417 11
417 437 10
418 438 10
418 419 11
419 420 5
420 439 5
420 421 9
421 440 5
422 444 5
423 424 5
424 447 5
424 425 11
425 448 10
425 426 10
426 427 6
427 449 9
428 451 12
428 429 10
429 452 6
429 430 11
430 431 6
431 432 6
432 453 12
433 455 11
434 457 9
434 435 12
435 436 6
437 459 11
438 460 10
439 440 9
440 461 6
440 441 6
441 462 8
441 442 8
442 443 11
443 463 7
443 444 7
444 464 5
444 445 10
445 446 7
446 465 12
447 448 8
449 467 5
449 450 6
451 469 11
451 452 12
453 472 9
453 454 9
454 455 5
455 473 8
455 456 12
456 474 11
456 457 10
457 475 9
458 459 6
459 478 5
461 481 7
461 462 10
463 483 12
463 464 6
464 484 7
465 466 6
466 486 9
467 488 12
468 469 8
469 490 8
470 471 12
471 492 11
471 472 11
473 494 7
473 474 8
474 495 10
474 475 9
475 476 12
476 496 7
476 477 6
477 497 7
479 480 11
480 498 7
480 481 6
481 499 10
482 483 5
483 500 12
483 484 9
484 485 11
486 487 9
487 501 8
488 503 12
488 489 9
489 504 5
490 491 10
492 505 11
493 494 7
494 507 10
494 495 7
495 508 7
496 510 5
496 497 8
497 511 10
498 514 7
498 499 10
499 515 11
501 502 6
502 521 8
503 522 12
503 504 7
505 527 8
505 506 12
506 528 9
507 508 8
508 530 6
508 509 8
509 510 9
510 531 11
510 511 5
511 532 5
512 534 10
513 536 12
513 514 9
514 515 6
515 537 6
515 516 10
516 517 7
517 538 6
518 541 5
518 519 12
519 542 9
519 520 8
520 543 9
522 545 7
523 547 9
523 524 11
524 548 9
524 525 12
525 549 5
525 526 10
526 527 11
527 550 11
527 528 6
528 551 7
528 529 9
529 552 12
530 553 12
531 555 7
531 532 11
532 533 6
533 556 11
533 534 5
534 557 12
535 558 5
535 536 9
536 559 5
538 562 10
538 539 5
539 540 7
540 563 10
540 541 7
541 542 7
542 564 5
542 543 10
543 565 8
543 544 12
545 546 11
546 567 7
546 547 10
547 568 11
547 548 5
548 569 11
548 549 6
549 570 11
550 572 7
550 551 7
551 573 9
551 552 8
552 574 5
553 575 12
553 554 10
554 555 7
555 576 9
556 578 6
556 557 10
558 579 10
558 559 6
559 580 12
559 560 7
560 581 10
561 562 10
562 583 11
564 585 9
564 565 11
565 586 8
566 588 10
567 589 10
567 568 10
568 590 12
568 569 8
569 570 11
570 571 7
571 591 10
571 572 9
572 592 10
572 573 7
573 593 7
573 574 11
575 595 9
576 597 5
576 577 9
577 578 7
578 598 11
579 580 12
580 581 6
581 582 12
583 584 10
585 586 7
586 587 9
587 588 6
589 590 5
591 592 5
592 593 11
594 595 6
595 596 12
596 597 6
598 599 10
10 0.05 0.05 0.05
