600
0 -1.0 -1.0 4.0 214.0 33.0
1 -1.0 -1.0 20.0 369.0 54.0
2 -1.0 -1.0 10.0 102.0 64.0
3 -1.0 -1.0 4.0 99.0 93.0
4 -1.0 -1.0 7.0 344.0 65.0
5 -1.0 -1.0 17.0 153.0 69.0
6 -1.0 -1.0 17.0 345.0 99.0
7 -1.0 -1.0 15.0 120.0 22.0
8 -1.0 -1.0 15.0 70.0 84.0
9 -1.0 -1.0 18.0 138.0 78.0
10 -1.0 -1.0 7.0 34.0 19.0
11 -1.0 -1.0 14.0 290.0 37.0
12 -1.0 -1.0 20.0 167.0 83.0
13 -1.0 -1.0 14.0 165.0 62.0
14 -1.0 -1.0 15.0 61.0 51.0
15 -1.0 -1.0 8.0 272.0 24.0
16 -1.0 -1.0 8.0 373.0 70.0
17 -1.0 -1.0 5.0 153.0 44.0
18 -1.0 -1.0 19.0 102.0 28.0
19 -1.0 -1.0 20.0 232.0 89.0
20 -1.0 -1.0 11.0 350.0 51.0
21 -1.0 -1.0 10.0 334.0 16.0
22 -1.0 -1.0 16.0 105.0 93.0
23 -1.0 -1.0 5.0 148.0 67.0
24 -1.0 -1.0 6.0 324.0 84.0
25 -1.0 -1.0 10.0 400.0 29.0
26 -1.0 -1.0 20.0 103.0 15.0
27 -1.0 -1.0 12.0 378.0 68.0
28 -1.0 -1.0 20.0 225.0 67.0
29 -1.0 -1.0 10.0 74.0 79.0
30 -1.0 -1.0 9.0 35.0 57.0
31 -1.0 -1.0 8.0 212.0 65.0
32 -1.0 -1.0 16.0 51.0 45.0
33 -1.0 -1.0 7.0 339.0 86.0
34 -1.0 -1.0 16.0 113.0 99.0
35 -1.0 -1.0 5.0 180.0 19.0
36 -1.0 -1.0 19.0 346.0 91.0
37 -1.0 -1.0 10.0 43.0 24.0
38 -1.0 -1.0 12.0 223.0 75.0
39 -1.0 -1.0 12.0 69.0 98.0
40 -1.0 -1.0 20.0 397.0 97.0
41 -1.0 -1.0 16.0 172.0 43.0
42 -1.0 -1.0 8.0 286.0 66.0
43 -1.0 -1.0 10.0 399.0 42.0
44 -1.0 -1.0 5.0 147.0 38.0
45 -1.0 -1.0 13.0 171.0 28.0
46 -1.0 -1.0 14.0 280.0 84.0
47 -1.0 -1.0 20.0 245.0 85.0
48 -1.0 -1.0 11.0 351.0 64.0
49 -1.0 -1.0 8.0 103.0 25.0
50 -1.0 -1.0 20.0 335.0 62.0
51 -1.0 -1.0 20.0 113.0 61.0
52 -1.0 -1.0 5.0 352.0 55.0
53 -1.0 -1.0 15.0 393.0 39.0
54 -1.0 -1.0 16.0 244.0 64.0
55 -1.0 -1.0 17.0 21.0 19.0
56 -1.0 -1.0 15.0 342.0 72.0
57 -1.0 -1.0 7.0 267.0 77.0
58 -1.0 -1.0 7.0 223.0 38.0
59 -1.0 -1.0 7.0 363.0 78.0
60 -1.0 -1.0 14.0 81.0 95.0
61 -1.0 -1.0 13.0 42.0 72.0
62 -1.0 -1.0 16.0 22.0 33.0
63 -1.0 -1.0 17.0 370.0 88.0
64 -1.0 -1.0 8.0 84.0 20.0
65 -1.0 -1.0 13.0 236.0 32.0
66 -1.0 -1.0 8.0 322.0 57.0
67 -1.0 -1.0 15.0 163.0 90.0
68 -1.0 -1.0 10.0 216.0 27.0
69 -1.0 -1.0 10.0 191.0 45.0
70 -1.0 -1.0 9.0 246.0 61.0
71 -1.0 -1.0 7.0 33.0 57.0
72 -1.0 -1.0 12.0 372.0 59.0
73 -1.0 -1.0 10.0 45.0 88.0
74 -1.0 -1.0 7.0 369.0 49.0
75 -1.0 -1.0 19.0 226.0 38.0
76 -1.0 -1.0 17.0 282.0 92.0
77 -1.0 -1.0 19.0 341.0 51.0
78 -1.0 -1.0 14.0 101.0 42.0
79 -1.0 -1.0 15.0 120.0 26.0
80 -1.0 -1.0 18.0 291.0 62.0
81 -1.0 -1.0 4.0 154.0 78.0
82 -1.0 -1.0 9.0 358.0 53.0
83 -1.0 -1.0 8.0 348.0 51.0
84 -1.0 -1.0 10.0 377.0 82.0
85 -1.0 -1.0 19.0 250.0 59.0
86 -1.0 -1.0 16.0 239.0 69.0
87 -1.0 -1.0 9.0 383.0 88.0
88 -1.0 -1.0 16.0 150.0 66.0
89 -1.0 -1.0 10.0 308.0 96.0
90 -1.0 -1.0 13.0 17.0 86.0
91 -1.0 -1.0 4.0 214.0 30.0
92 -1.0 -1.0 16.0 237.0 21.0
93 -1.0 -1.0 10.0 354.0 24.0
94 -1.0 -1.0 13.0 178.0 49.0
95 -1.0 -1.0 18.0 65.0 61.0
96 -1.0 -1.0 6.0 149.0 59.0
97 -1.0 -1.0 4.0 364.0 61.0
98 -1.0 -1.0 19.0 73.0 89.0
99 -1.0 -1.0 14.0 151.0 32.0
100 -1.0 -1.0 12.0 239.0 43.0
101 -1.0 -1.0 20.0 355.0 34.0
102 -1.0 -1.0 11.0 224.0 28.0
103 -1.0 -1.0 7.0 345.0 86.0
104 -1.0 -1.0 5.0 310.0 17.0
105 -1.0 -1.0 11.0 183.0 66.0
106 -1.0 -1.0 5.0 369.0 47.0
107 -1.0 -1.0 14.0 93.0 25.0
108 -1.0 -1.0 19.0 217.0 22.0
109 -1.0 -1.0 11.0 232.0 47.0
110 -1.0 -1.0 12.0 381.0 45.0
111 -1.0 -1.0 12.0 26.0 20.0
112 -1.0 -1.0 16.0 110.0 30.0
113 -1.0 -1.0 8.0 378.0 88.0
114 -1.0 -1.0 4.0 123.0 53.0
115 -1.0 -1.0 13.0 110.0 42.0
116 -1.0 -1.0 11.0 252.0 72.0
117 -1.0 -1.0 9.0 303.0 90.0
118 -1.0 -1.0 8.0 212.0 38.0
119 -1.0 -1.0 13.0 344.0 20.0
120 -1.0 -1.0 9.0 253.0 41.0
121 -1.0 -1.0 4.0 287.0 18.0
122 -1.0 -1.0 14.0 327.0 64.0
123 -1.0 -1.0 20.0 223.0 88.0
124 -1.0 -1.0 14.0 350.0 44.0
125 -1.0 -1.0 7.0 382.0 62.0
126 -1.0 -1.0 4.0 205.0 61.0
127 -1.0 -1.0 9.0 52.0 15.0
128 -1.0 -1.0 12.0 35.0 88.0
129 -1.0 -1.0 18.0 225.0 66.0
130 -1.0 -1.0 7.0 200.0 75.0
131 -1.0 -1.0 12.0 289.0 33.0
132 -1.0 -1.0 17.0 16.0 83.0
133 -1.0 -1.0 9.0 58.0 48.0
134 -1.0 -1.0 8.0 121.0 74.0
135 -1.0 -1.0 16.0 278.0 76.0
136 -1.0 -1.0 19.0 346.0 99.0
137 -1.0 -1.0 18.0 105.0 52.0
138 -1.0 -1.0 15.0 336.0 33.0
139 -1.0 -1.0 11.0 132.0 49.0
140 -1.0 -1.0 19.0 39.0 33.0
141 -1.0 -1.0 19.0 294.0 76.0
142 -1.0 -1.0 7.0 56.0 57.0
143 -1.0 -1.0 19.0 277.0 43.0
144 -1.0 -1.0 5.0 386.0 62.0
145 -1.0 -1.0 19.0 342.0 54.0
146 -1.0 -1.0 16.0 32.0 82.0
147 -1.0 -1.0 13.0 200.0 39.0
148 -1.0 -1.0 4.0 188.0 97.0
149 -1.0 -1.0 13.0 133.0 63.0
150 -1.0 -1.0 6.0 256.0 18.0
151 -1.0 -1.0 12.0 337.0 19.0
152 -1.0 -1.0 20.0 305.0 28.0
153 -1.0 -1.0 20.0 357.0 17.0
154 -1.0 -1.0 18.0 292.0 21.0
155 -1.0 -1.0 4.0 106.0 91.0
156 -1.0 -1.0 9.0 259.0 64.0
157 -1.0 -1.0 20.0 317.0 85.0
158 -1.0 -1.0 7.0 371.0 85.0
159 -1.0 -1.0 15.0 172.0 25.0
160 -1.0 -1.0 11.0 381.0 42.0
161 -1.0 -1.0 14.0 33.0 46.0
162 -1.0 -1.0 15.0 22.0 90.0
163 -1.0 -1.0 6.0 242.0 16.0
164 -1.0 -1.0 14.0 234.0 54.0
165 -1.0 -1.0 5.0 64.0 99.0
166 -1.0 -1.0 18.0 104.0 95.0
167 -1.0 -1.0 5.0 372.0 29.0
168 -1.0 -1.0 13.0 267.0 89.0
169 -1.0 -1.0 10.0 237.0 63.0
170 -1.0 -1.0 13.0 57.0 69.0
171 -1.0 -1.0 12.0 260.0 79.0
172 -1.0 -1.0 6.0 27.0 72.0
173 -1.0 -1.0 20.0 146.0 39.0
174 -1.0 -1.0 20.0 194.0 32.0
175 -1.0 -1.0 9.0 161.0 85.0
176 -1.0 -1.0 14.0 219.0 66.0
177 -1.0 -1.0 20.0 17.0 45.0
178 -1.0 -1.0 5.0 28.0 89.0
179 -1.0 -1.0 20.0 91.0 22.0
180 -1.0 -1.0 5.0 344.0 38.0
181 -1.0 -1.0 17.0 255.0 28.0
182 -1.0 -1.0 13.0 41.0 60.0
183 -1.0 -1.0 19.0 165.0 38.0
184 -1.0 -1.0 7.0 365.0 20.0
185 -1.0 -1.0 20.0 96.0 49.0
186 -1.0 -1.0 20.0 261.0 18.0
187 -1.0 -1.0 5.0 385.0 30.0
188 -1.0 -1.0 16.0 179.0 44.0
189 -1.0 -1.0 18.0 22.0 65.0
190 -1.0 -1.0 14.0 315.0 93.0
191 -1.0 -1.0 18.0 149.0 31.0
192 -1.0 -1.0 13.0 207.0 96.0
193 -1.0 -1.0 12.0 152.0 93.0
194 -1.0 -1.0 14.0 323.0 29.0
195 -1.0 -1.0 15.0 201.0 23.0
196 -1.0 -1.0 17.0 50.0 52.0
197 -1.0 -1.0 5.0 101.0 25.0
198 -1.0 -1.0 10.0 378.0 48.0
199 -1.0 -1.0 9.0 218.0 42.0
200 -1.0 -1.0 15.0 326.0 60.0
201 -1.0 -1.0 14.0 272.0 64.0
202 -1.0 -1.0 17.0 285.0 78.0
203 -1.0 -1.0 12.0 277.0 34.0
204 -1.0 -1.0 11.0 119.0 89.0
205 -1.0 -1.0 18.0 196.0 71.0
206 -1.0 -1.0 13.0 120.0 94.0
207 -1.0 -1.0 10.0 308.0 46.0
208 -1.0 -1.0 15.0 247.0 66.0
209 -1.0 -1.0 19.0 262.0 32.0
210 -1.0 -1.0 7.0 376.0 54.0
211 -1.0 -1.0 8.0 37.0 98.0
212 -1.0 -1.0 18.0 224.0 31.0
213 -1.0 -1.0 10.0 293.0 48.0
214 -1.0 -1.0 17.0 84.0 27.0
215 -1.0 -1.0 17.0 107.0 68.0
216 -1.0 -1.0 6.0 115.0 24.0
217 -1.0 -1.0 13.0 185.0 36.0
218 -1.0 -1.0 9.0 53.0 49.0
219 -1.0 -1.0 10.0 310.0 75.0
220 -1.0 -1.0 9.0 37.0 80.0
221 -1.0 -1.0 11.0 325.0 38.0
222 -1.0 -1.0 4.0 85.0 66.0
223 -1.0 -1.0 16.0 136.0 32.0
224 -1.0 -1.0 4.0 351.0 96.0
225 -1.0 -1.0 8.0 229.0 82.0
226 -1.0 -1.0 9.0 34.0 64.0
227 -1.0 -1.0 15.0 47.0 64.0
228 -1.0 -1.0 13.0 382.0 73.0
229 -1.0 -1.0 14.0 271.0 81.0
230 -1.0 -1.0 20.0 300.0 76.0
231 -1.0 -1.0 5.0 329.0 29.0
232 -1.0 -1.0 14.0 123.0 50.0
233 -1.0 -1.0 10.0 396.0 75.0
234 -1.0 -1.0 7.0 367.0 63.0
235 -1.0 -1.0 19.0 364.0 90.0
236 -1.0 -1.0 17.0 268.0 62.0
237 -1.0 -1.0 9.0 175.0 30.0
238 -1.0 -1.0 6.0 84.0 28.0
239 -1.0 -1.0 7.0 351.0 42.0
240 -1.0 -1.0 18.0 184.0 58.0
241 -1.0 -1.0 6.0 317.0 28.0
242 -1.0 -1.0 13.0 358.0 51.0
243 -1.0 -1.0 19.0 396.0 40.0
244 -1.0 -1.0 10.0 169.0 37.0
245 -1.0 -1.0 19.0 245.0 100.0
246 -1.0 -1.0 10.0 27.0 87.0
247 -1.0 -1.0 17.0 351.0 20.0
248 -1.0 -1.0 10.0 193.0 90.0
249 -1.0 -1.0 18.0 362.0 28.0
250 -1.0 -1.0 5.0 263.0 44.0
251 -1.0 -1.0 14.0 180.0 58.0
252 -1.0 -1.0 17.0 150.0 99.0
253 -1.0 -1.0 16.0 179.0 19.0
254 -1.0 -1.0 7.0 388.0 15.0
255 -1.0 -1.0 11.0 183.0 57.0
256 -1.0 -1.0 18.0 235.0 36.0
257 -1.0 -1.0 16.0 263.0 54.0
258 -1.0 -1.0 20.0 165.0 41.0
259 -1.0 -1.0 12.0 33.0 25.0
260 -1.0 -1.0 9.0 54.0 57.0
261 -1.0 -1.0 4.0 240.0 29.0
262 -1.0 -1.0 5.0 235.0 63.0
263 -1.0 -1.0 14.0 119.0 55.0
264 -1.0 -1.0 11.0 48.0 74.0
265 -1.0 -1.0 18.0 263.0 22.0
266 -1.0 -1.0 13.0 329.0 33.0
267 -1.0 -1.0 12.0 185.0 71.0
268 -1.0 -1.0 15.0 181.0 80.0
269 -1.0 -1.0 7.0 259.0 52.0
270 -1.0 -1.0 20.0 343.0 18.0
271 -1.0 -1.0 14.0 221.0 59.0
272 -1.0 -1.0 7.0 35.0 100.0
273 -1.0 -1.0 16.0 346.0 93.0
274 -1.0 -1.0 12.0 111.0 26.0
275 -1.0 -1.0 7.0 105.0 73.0
276 -1.0 -1.0 8.0 395.0 52.0
277 -1.0 -1.0 7.0 79.0 54.0
278 -1.0 -1.0 8.0 245.0 86.0
279 -1.0 -1.0 8.0 67.0 23.0
280 -1.0 -1.0 15.0 120.0 90.0
281 -1.0 -1.0 10.0 307.0 25.0
282 -1.0 -1.0 6.0 307.0 34.0
283 -1.0 -1.0 6.0 276.0 81.0
284 -1.0 -1.0 7.0 346.0 34.0
285 -1.0 -1.0 6.0 193.0 60.0
286 -1.0 -1.0 20.0 149.0 57.0
287 -1.0 -1.0 11.0 376.0 48.0
288 -1.0 -1.0 15.0 99.0 92.0
289 -1.0 -1.0 18.0 165.0 65.0
290 -1.0 -1.0 8.0 393.0 65.0
291 -1.0 -1.0 12.0 284.0 73.0
292 -1.0 -1.0 16.0 324.0 55.0
293 -1.0 -1.0 8.0 219.0 48.0
294 -1.0 -1.0 12.0 367.0 40.0
295 -1.0 -1.0 19.0 355.0 74.0
296 -1.0 -1.0 19.0 376.0 89.0
297 -1.0 -1.0 13.0 365.0 72.0
298 -1.0 -1.0 8.0 324.0 46.0
299 -1.0 -1.0 14.0 102.0 71.0
300 -1.0 -1.0 11.0 259.0 18.0
301 -1.0 -1.0 10.0 77.0 69.0
302 -1.0 -1.0 8.0 336.0 38.0
303 -1.0 -1.0 14.0 236.0 98.0
304 -1.0 -1.0 5.0 367.0 88.0
305 -1.0 -1.0 10.0 34.0 15.0
306 -1.0 -1.0 12.0 225.0 32.0
307 -1.0 -1.0 14.0 233.0 17.0
308 -1.0 -1.0 6.0 367.0 83.0
309 -1.0 -1.0 8.0 92.0 59.0
310 -1.0 -1.0 11.0 306.0 34.0
311 -1.0 -1.0 4.0 342.0 68.0
312 -1.0 -1.0 13.0 107.0 87.0
313 -1.0 -1.0 12.0 185.0 86.0
314 -1.0 -1.0 6.0 291.0 44.0
315 -1.0 -1.0 16.0 254.0 99.0
316 -1.0 -1.0 5.0 203.0 19.0
317 -1.0 -1.0 19.0 371.0 84.0
318 -1.0 -1.0 18.0 345.0 96.0
319 -1.0 -1.0 10.0 164.0 59.0
320 -1.0 -1.0 20.0 190.0 20.0
321 -1.0 -1.0 12.0 287.0 39.0
322 -1.0 -1.0 20.0 175.0 20.0
323 -1.0 -1.0 20.0 372.0 22.0
324 -1.0 -1.0 7.0 155.0 36.0
325 -1.0 -1.0 12.0 32.0 95.0
326 -1.0 -1.0 19.0 316.0 80.0
327 -1.0 -1.0 4.0 35.0 91.0
328 -1.0 -1.0 18.0 60.0 35.0
329 -1.0 -1.0 5.0 181.0 97.0
330 -1.0 -1.0 7.0 194.0 34.0
331 -1.0 -1.0 10.0 108.0 100.0
332 -1.0 -1.0 6.0 94.0 98.0
333 -1.0 -1.0 20.0 314.0 88.0
334 -1.0 -1.0 10.0 229.0 43.0
335 -1.0 -1.0 7.0 350.0 23.0
336 -1.0 -1.0 14.0 302.0 67.0
337 -1.0 -1.0 7.0 388.0 76.0
338 -1.0 -1.0 5.0 159.0 77.0
339 -1.0 -1.0 5.0 81.0 54.0
340 -1.0 -1.0 14.0 127.0 64.0
341 -1.0 -1.0 7.0 63.0 91.0
342 -1.0 -1.0 8.0 185.0 40.0
343 -1.0 -1.0 11.0 397.0 78.0
344 -1.0 -1.0 7.0 299.0 32.0
345 -1.0 -1.0 8.0 185.0 26.0
346 -1.0 -1.0 19.0 115.0 15.0
347 -1.0 -1.0 13.0 98.0 32.0
348 -1.0 -1.0 12.0 202.0 83.0
349 -1.0 -1.0 16.0 18.0 60.0
350 -1.0 -1.0 4.0 27.0 19.0
351 -1.0 -1.0 19.0 117.0 72.0
352 -1.0 -1.0 14.0 291.0 77.0
353 -1.0 -1.0 11.0 172.0 67.0
354 -1.0 -1.0 8.0 206.0 62.0
355 -1.0 -1.0 18.0 116.0 47.0
356 -1.0 -1.0 9.0 183.0 86.0
357 -1.0 -1.0 7.0 26.0 80.0
358 -1.0 -1.0 16.0 121.0 16.0
359 -1.0 -1.0 19.0 146.0 33.0
360 -1.0 -1.0 14.0 259.0 22.0
361 -1.0 -1.0 11.0 299.0 87.0
362 -1.0 -1.0 12.0 359.0 50.0
363 -1.0 -1.0 15.0 345.0 25.0
364 -1.0 -1.0 7.0 58.0 82.0
365 -1.0 -1.0 18.0 69.0 64.0
366 -1.0 -1.0 19.0 265.0 62.0
367 -1.0 -1.0 11.0 25.0 72.0
368 -1.0 -1.0 20.0 127.0 17.0
369 -1.0 -1.0 17.0 287.0 24.0
370 -1.0 -1.0 7.0 153.0 48.0
371 -1.0 -1.0 15.0 131.0 43.0
372 -1.0 -1.0 13.0 31.0 77.0
373 -1.0 -1.0 19.0 291.0 18.0
374 -1.0 -1.0 13.0 219.0 41.0
375 -1.0 -1.0 13.0 245.0 45.0
376 -1.0 -1.0 8.0 182.0 44.0
377 -1.0 -1.0 19.0 380.0 36.0
378 -1.0 -1.0 18.0 195.0 27.0
379 -1.0 -1.0 15.0 358.0 87.0
380 -1.0 -1.0 8.0 221.0 69.0
381 -1.0 -1.0 18.0 338.0 16.0
382 -1.0 -1.0 7.0 347.0 90.0
383 -1.0 -1.0 7.0 218.0 78.0
384 -1.0 -1.0 12.0 133.0 48.0
385 -1.0 -1.0 14.0 342.0 77.0
386 -1.0 -1.0 5.0 96.0 89.0
387 -1.0 -1.0 17.0 259.0 26.0
388 -1.0 -1.0 17.0 99.0 22.0
389 -1.0 -1.0 9.0 300.0 99.0
390 -1.0 -1.0 7.0 71.0 15.0
391 -1.0 -1.0 20.0 84.0 34.0
392 -1.0 -1.0 8.0 152.0 100.0
393 -1.0 -1.0 15.0 76.0 54.0
394 -1.0 -1.0 15.0 332.0 58.0
395 -1.0 -1.0 17.0 345.0 71.0
396 -1.0 -1.0 20.0 312.0 35.0
397 -1.0 -1.0 20.0 289.0 68.0
398 -1.0 -1.0 9.0 193.0 20.0
399 -1.0 -1.0 19.0 81.0 97.0
400 -1.0 -1.0 5.0 356.0 76.0
401 -1.0 -1.0 11.0 39.0 63.0
402 -1.0 -1.0 9.0 337.0 89.0
403 -1.0 -1.0 5.0 166.0 76.0
404 -1.0 -1.0 12.0 384.0 29.0
405 -1.0 -1.0 18.0 140.0 62.0
406 -1.0 -1.0 17.0 101.0 61.0
407 -1.0 -1.0 7.0 73.0 20.0
408 -1.0 -1.0 18.0 244.0 17.0
409 -1.0 -1.0 18.0 264.0 22.0
410 -1.0 -1.0 4.0 135.0 26.0
411 -1.0 -1.0 7.0 203.0 26.0
412 -1.0 -1.0 14.0 235.0 17.0
413 -1.0 -1.0 14.0 257.0 56.0
414 -1.0 -1.0 13.0 383.0 82.0
415 -1.0 -1.0 14.0 326.0 75.0
416 -1.0 -1.0 6.0 40.0 22.0
417 -1.0 -1.0 19.0 272.0 57.0
418 -1.0 -1.0 20.0 201.0 21.0
419 -1.0 -1.0 18.0 316.0 47.0
420 -1.0 -1.0 13.0 120.0 17.0
421 -1.0 -1.0 4.0 326.0 76.0
422 -1.0 -1.0 13.0 347.0 64.0
423 -1.0 -1.0 7.0 109.0 58.0
424 -1.0 -1.0 11.0 262.0 18.0
425 -1.0 -1.0 8.0 116.0 33.0
426 -1.0 -1.0 10.0 17.0 38.0
427 -1.0 -1.0 16.0 308.0 95.0
428 -1.0 -1.0 13.0 280.0 74.0
429 -1.0 -1.0 8.0 25.0 77.0
430 -1.0 -1.0 10.0 63.0 35.0
431 -1.0 -1.0 18.0 281.0 44.0
432 -1.0 -1.0 9.0 335.0 81.0
433 -1.0 -1.0 4.0 381.0 72.0
434 -1.0 -1.0 11.0 356.0 56.0
435 -1.0 -1.0 5.0 348.0 40.0
436 -1.0 -1.0 20.0 178.0 48.0
437 -1.0 -1.0 4.0 151.0 89.0
438 -1.0 -1.0 13.0 304.0 47.0
439 -1.0 -1.0 12.0 159.0 65.0
440 -1.0 -1.0 6.0 336.0 25.0
441 -1.0 -1.0 8.0 225.0 45.0
442 -1.0 -1.0 17.0 342.0 80.0
443 -1.0 -1.0 17.0 173.0 53.0
444 -1.0 -1.0 12.0 136.0 61.0
445 -1.0 -1.0 16.0 105.0 48.0
446 -1.0 -1.0 7.0 133.0 51.0
447 -1.0 -1.0 8.0 319.0 17.0
448 -1.0 -1.0 13.0 309.0 94.0
449 -1.0 -1.0 4.0 68.0 95.0
450 -1.0 -1.0 5.0 147.0 28.0
451 -1.0 -1.0 10.0 283.0 16.0
452 -1.0 -1.0 19.0 33.0 32.0
453 -1.0 -1.0 19.0 228.0 53.0
454 -1.0 -1.0 7.0 362.0 36.0
455 -1.0 -1.0 11.0 25.0 89.0
456 -1.0 -1.0 7.0 244.0 70.0
457 -1.0 -1.0 20.0 127.0 21.0
458 -1.0 -1.0 15.0 274.0 61.0
459 -1.0 -1.0 13.0 81.0 47.0
460 -1.0 -1.0 5.0 290.0 35.0
461 -1.0 -1.0 17.0 211.0 76.0
462 -1.0 -1.0 16.0 221.0 28.0
463 -1.0 -1.0 13.0 30.0 47.0
464 -1.0 -1.0 13.0 286.0 20.0
465 -1.0 -1.0 7.0 100.0 57.0
466 -1.0 -1.0 8.0 140.0 70.0
467 -1.0 -1.0 16.0 89.0 75.0
468 -1.0 -1.0 6.0 263.0 41.0
469 -1.0 -1.0 12.0 95.0 66.0
470 -1.0 -1.0 17.0 390.0 20.0
471 -1.0 -1.0 17.0 30.0 42.0
472 -1.0 -1.0 15.0 221.0 42.0
473 -1.0 -1.0 18.0 225.0 35.0
474 -1.0 -1.0 14.0 267.0 40.0
475 -1.0 -1.0 11.0 32.0 57.0
476 -1.0 -1.0 11.0 383.0 87.0
477 -1.0 -1.0 12.0 357.0 86.0
478 -1.0 -1.0 16.0 28.0 75.0
479 -1.0 -1.0 17.0 268.0 60.0
480 -1.0 -1.0 20.0 185.0 93.0
481 -1.0 -1.0 6.0 379.0 81.0
482 -1.0 -1.0 9.0 327.0 82.0
483 -1.0 -1.0 15.0 40.0 55.0
484 -1.0 -1.0 10.0 143.0 66.0
485 -1.0 -1.0 4.0 287.0 27.0
486 -1.0 -1.0 20.0 161.0 100.0
487 -1.0 -1.0 11.0 301.0 78.0
488 -1.0 -1.0 18.0 138.0 47.0
489 -1.0 -1.0 8.0 82.0 15.0
490 -1.0 -1.0 13.0 293.0 50.0
491 -1.0 -1.0 5.0 39.0 45.0
492 -1.0 -1.0 7.0 254.0 66.0
493 -1.0 -1.0 15.0 231.0 70.0
494 -1.0 -1.0 10.0 256.0 65.0
495 -1.0 -1.0 19.0 232.0 92.0
496 -1.0 -1.0 20.0 173.0 29.0
497 -1.0 -1.0 6.0 316.0 94.0
498 -1.0 -1.0 5.0 334.0 82.0
499 -1.0 -1.0 11.0 124.0 69.0
500 -1.0 -1.0 18.0 369.0 97.0
501 -1.0 -1.0 16.0 374.0 32.0
502 -1.0 -1.0 20.0 283.0 16.0
503 -1.0 -1.0 10.0 194.0 88.0
504 -1.0 -1.0 9.0 151.0 79.0
505 -1.0 -1.0 12.0 144.0 66.0
506 -1.0 -1.0 5.0 151.0 42.0
507 -1.0 -1.0 14.0 329.0 54.0
508 -1.0 -1.0 19.0 251.0 67.0
509 -1.0 -1.0 19.0 213.0 78.0
510 -1.0 -1.0 20.0 378.0 92.0
511 -1.0 -1.0 20.0 362.0 70.0
512 -1.0 -1.0 15.0 201.0 73.0
513 -1.0 -1.0 16.0 298.0 27.0
514 -1.0 -1.0 6.0 226.0 57.0
515 -1.0 -1.0 6.0 266.0 17.0
516 -1.0 -1.0 15.0 287.0 51.0
517 -1.0 -1.0 10.0 224.0 66.0
518 -1.0 -1.0 15.0 129.0 75.0
519 -1.0 -1.0 20.0 239.0 76.0
520 -1.0 -1.0 4.0 145.0 93.0
521 -1.0 -1.0 11.0 143.0 65.0
522 -1.0 -1.0 12.0 109.0 84.0
523 -1.0 -1.0 4.0 265.0 99.0
524 -1.0 -1.0 13.0 242.0 48.0
525 -1.0 -1.0 10.0 317.0 54.0
526 -1.0 -1.0 4.0 86.0 77.0
527 -1.0 -1.0 5.0 176.0 45.0
528 -1.0 -1.0 10.0 41.0 21.0
529 -1.0 -1.0 20.0 62.0 41.0
530 -1.0 -1.0 16.0 153.0 82.0
531 -1.0 -1.0 5.0 38.0 97.0
532 -1.0 -1.0 9.0 129.0 45.0
533 -1.0 -1.0 4.0 41.0 46.0
534 -1.0 -1.0 14.0 203.0 84.0
535 -1.0 -1.0 4.0 44.0 25.0
536 -1.0 -1.0 19.0 161.0 64.0
537 -1.0 -1.0 16.0 223.0 96.0
538 -1.0 -1.0 19.0 294.0 25.0
539 -1.0 -1.0 5.0 330.0 80.0
540 -1.0 -1.0 4.0 370.0 98.0
541 -1.0 -1.0 9.0 259.0 56.0
542 -1.0 -1.0 12.0 137.0 48.0
543 -1.0 -1.0 17.0 344.0 94.0
544 -1.0 -1.0 15.0 244.0 90.0
545 -1.0 -1.0 10.0 154.0 61.0
546 -1.0 -1.0 5.0 134.0 33.0
547 -1.0 -1.0 20.0 347.0 55.0
548 -1.0 -1.0 12.0 291.0 49.0
549 -1.0 -1.0 16.0 148.0 66.0
550 -1.0 -1.0 18.0 222.0 85.0
551 -1.0 -1.0 7.0 351.0 61.0
552 -1.0 -1.0 4.0 192.0 94.0
553 -1.0 -1.0 12.0 353.0 31.0
554 -1.0 -1.0 18.0 146.0 97.0
555 -1.0 -1.0 13.0 271.0 87.0
556 -1.0 -1.0 8.0 384.0 45.0
557 -1.0 -1.0 15.0 179.0 96.0
558 -1.0 -1.0 18.0 113.0 68.0
559 -1.0 -1.0 19.0 379.0 72.0
560 -1.0 -1.0 4.0 327.0 66.0
561 -1.0 -1.0 8.0 28.0 57.0
562 -1.0 -1.0 12.0 19.0 37.0
563 -1.0 -1.0 19.0 111.0 58.0
564 -1.0 -1.0 9.0 124.0 94.0
565 -1.0 -1.0 14.0 59.0 46.0
566 -1.0 -1.0 13.0 238.0 82.0
567 -1.0 -1.0 5.0 253.0 48.0
568 -1.0 -1.0 16.0 389.0 43.0
569 -1.0 -1.0 18.0 127.0 100.0
570 -1.0 -1.0 9.0 171.0 90.0
571 -1.0 -1.0 9.0 354.0 28.0
572 -1.0 -1.0 12.0 118.0 75.0
573 -1.0 -1.0 12.0 51.0 91.0
574 -1.0 -1.0 5.0 84.0 76.0
575 -1.0 -1.0 4.0 69.0 66.0
576 -1.0 -1.0 18.0 106.0 82.0
577 -1.0 -1.0 14.0 273.0 67.0
578 -1.0 -1.0 16.0 150.0 46.0
579 -1.0 -1.0 13.0 216.0 47.0
580 -1.0 -1.0 7.0 106.0 73.0
581 -1.0 -1.0 13.0 35.0 67.0
582 -1.0 -1.0 8.0 236.0 85.0
583 -1.0 -1.0 12.0 139.0 34.0
584 -1.0 -1.0 12.0 261.0 56.0
585 -1.0 -1.0 10.0 323.0 76.0
586 -1.0 -1.0 12.0 39.0 27.0
587 -1.0 -1.0 13.0 310.0 21.0
588 -1.0 -1.0 13.0 339.0 36.0
589 -1.0 -1.0 11.0 265.0 65.0
590 -1.0 -1.0 10.0 370.0 97.0
591 -1.0 -1.0 11.0 390.0 76.0
592 -1.0 -1.0 15.0 393.0 85.0
593 -1.0 -1.0 15.0 87.0 25.0
594 -1.0 -1.0 17.0 382.0 25.0
595 -1.0 -1.0 17.0 26.0 17.0
596 -1.0 -1.0 6.0 344.0 85.0
597 -1.0 -1.0 12.0 386.0 56.0
598 -1.0 -1.0 11.0 92.0 38.0
599 -1.0 -1.0 13.0 223.0 41.0
772
0 19 12
0 1 11
1 2 12
2 20 9
3 22 6
3 4 6
4 5 5
5 6 8
6 23 12
7 25 6
8 9 10
9 26 12
9 10 7
10 27 5
10 11 12
11 28 6
12 31 10
12 13 5
14 15 7
15 33 6
16 35 8
17 18 10
18 36 7
20 39 12
21 40 5
21 22 8
22 41 10
23 43 12
23 24 12
24 25 12
25 44 12
26 45 7
26 27 11
27 46 5
27 28 12
28 47 10
28 29 8
29 48 8
29 30 5
30 49 11
30 31 7
32 51 10
33 53 7
33 34 6
34 35 6
35 54 12
36 56 7
36 37 8
37 57 10
37 38 9
39 60 11
40 62 7
40 41 5
42 63 9
42 43 11
44 64 7
45 66 8
45 46 8
46 67 6
46 47 9
47 48 10
48 68 6
48 49 9
49 69 6
50 71 11
50 51 8
51 72 11
51 52 9
52 53 12
54 74 11
55 76 10
55 56 5
56 77 6
56 57 9
57 78 7
58 59 5
59 79 6
59 60 10
60 61 9
61 80 11
61 62 6
62 81 9
63 84 12
64 87 9
65 66 8
66 88 11
66 67 8
67 89 5
68 91 10
68 69 7
69 92 6
69 70 8
70 71 11
71 93 10
71 72 11
72 94 5
73 95 12
73 74 10
74 96 7
74 75 5
75 97 7
75 76 10
76 98 5
76 77 7
77 78 9
80 101 5
80 81 5
81 82 9
82 83 5
83 84 11
84 85 8
85 102 7
85 86 10
86 87 7
87 103 6
88 89 7
89 106 9
89 90 6
90 91 12
91 107 6
91 92 12
93 109 8
93 94 6
94 110 6
95 96 11
96 111 6
96 97 7
97 112 6
97 98 10
99 114 9
100 101 8
101 116 10
103 121 11
103 104 8
104 122 7
104 105 7
105 123 8
107 126 7
108 109 7
109 110 6
111 131 5
111 112 12
112 132 11
113 135 11
114 136 9
114 115 11
115 137 5
116 139 6
116 117 7
118 141 12
118 119 11
119 142 6
120 144 11
120 121 5
121 122 5
122 123 8
123 124 7
124 145 5
125 147 6
125 126 9
126 148 7
126 127 7
127 149 9
128 129 10
129 152 8
129 130 12
130 153 12
130 131 7
131 154 8
131 132 5
132 133 11
133 134 8
134 155 5
134 135 9
135 156 9
136 157 9
136 137 6
137 158 5
137 138 8
138 159 11
138 139 5
139 160 7
140 141 9
141 162 5
141 142 11
142 163 8
142 143 5
143 164 5
143 144 9
144 165 6
145 146 8
146 169 7
146 147 9
147 170 10
147 148 6
148 149 10
149 171 8
149 150 10
150 172 7
151 173 7
152 175 8
152 153 9
153 176 11
153 154 9
154 177 11
155 156 6
157 180 11
157 158 10
158 181 8
158 159 9
159 182 11
159 160 11
160 161 8
161 183 8
162 185 5
162 163 9
163 186 12
163 164 8
164 165 6
165 187 9
165 166 5
166 188 10
166 167 10
167 168 6
169 190 12
169 170 11
171 191 9
171 172 5
173 192 7
173 174 7
174 175 5
175 176 8
176 193 9
176 177 7
177 178 5
178 194 12
178 179 10
179 195 10
180 196 11
180 181 5
181 182 11
183 184 5
184 198 6
184 185 8
185 186 10
186 199 5
187 188 6
188 201 9
189 190 8
190 203 11
192 206 10
194 210 5
194 195 6
195 211 9
197 213 12
199 215 8
199 200 6
200 216 6
201 218 7
202 219 5
203 221 6
204 222 11
204 205 5
205 206 7
206 207 7
207 223 10
207 208 10
209 225 9
209 210 11
210 226 9
210 211 12
211 227 11
212 230 12
213 233 8
214 236 7
214 215 5
215 237 5
215 216 12
216 238 11
216 217 9
217 239 5
217 218 5
219 241 10
219 220 5
220 242 11
220 221 7
221 243 6
222 246 6
223 249 10
224 250 7
224 225 7
225 251 11
225 226 8
226 252 11
226 227 11
227 253 11
227 228 9
228 254 7
228 229 12
229 230 7
230 255 10
231 256 9
232 233 10
233 234 12
234 258 11
234 235 11
235 259 12
235 236 7
236 260 6
236 237 5
237 261 10
237 238 6
238 239 5
239 262 7
240 241 10
241 264 9
241 242 8
242 265 11
242 243 12
243 266 6
243 244 11
244 267 8
244 245 8
246 247 5
247 248 9
248 269 7
248 249 7
250 271 10
250 251 6
251 252 7
252 272 11
252 253 12
253 273 7
253 254 6
255 274 7
256 275 8
256 257 5
257 276 12
258 259 8
259 260 8
260 261 9
261 278 8
262 279 5
262 263 7
263 280 11
264 281 8
264 265 10
265 282 10
265 266 6
266 283 6
266 267 9
267 284 12
268 285 12
270 271 9
271 288 9
272 290 8
272 273 10
273 291 9
274 292 12
275 293 8
275 276 10
277 295 8
278 299 8
279 301 12
279 280 11
280 302 8
281 282 6
282 304 10
282 283 12
283 284 7
284 305 12
285 307 10
285 286 9
286 308 11
286 287 12
287 309 7
288 311 12
288 289 11
289 312 5
289 290 11
290 313 7
290 291 5
291 314 6
293 316 7
294 295 10
295 318 12
295 296 5
296 319 10
296 297 12
297 320 10
297 298 11
298 299 12
299 321 9
299 300 8
300 322 5
300 301 7
301 302 10
302 303 7
303 323 6
305 326 7
305 306 7
306 307 5
307 308 11
308 309 11
309 327 10
309 310 10
311 329 6
311 312 10
312 330 8
312 313 6
313 314 12
315 332 9
316 333 10
316 317 12
317 334 7
318 336 11
318 319 12
319 320 7
320 337 7
321 322 8
322 338 8
323 340 10
323 324 11
324 341 7
325 342 5
325 326 7
326 343 8
327 346 5
328 347 6
329 349 11
329 330 10
330 350 11
331 352 6
331 332 11
332 353 5
333 334 10
334 355 11
334 335 5
335 336 6
336 356 12
339 340 11
340 360 5
340 341 5
342 362 11
342 343 10
343 363 5
343 344 5
344 364 8
345 346 9
347 366 9
347 348 10
348 349 7
349 350 7
351 367 10
351 352 10
352 368 12
352 353 10
353 369 12
353 354 11
354 370 9
355 371 10
356 357 7
358 374 12
359 377 12
360 379 5
361 381 5
361 362 8
362 363 11
363 364 10
364 382 10
364 365 12
367 389 7
367 368 5
368 390 5
368 369 12
369 391 6
369 370 6
370 392 12
371 394 11
371 372 5
372 395 7
373 398 6
373 374 10
374 399 9
374 375 8
375 376 11
376 400 12
376 377 12
377 378 5
378 401 8
378 379 12
379 380 7
380 402 5
380 381 5
381 403 6
382 406 6
383 409 6
383 384 8
385 386 9
386 411 12
386 387 10
387 412 9
387 388 10
388 389 6
389 413 6
389 390 6
390 414 12
390 391 6
391 415 7
391 392 11
393 416 10
393 394 6
394 395 9
395 417 6
395 396 5
396 397 12
397 418 10
397 398 5
398 399 6
399 419 11
400 421 8
401 423 5
402 424 8
402 403 6
403 425 7
403 404 12
404 426 12
404 405 12
405 427 6
405 406 12
406 428 9
406 407 7
407 408 8
408 409 7
409 429 8
410 431 7
411 433 8
411 412 7
412 434 11
413 435 9
413 414 8
414 415 12
415 436 7
418 439 10
419 420 10
420 441 8
420 421 8
421 442 11
421 422 10
422 443 8
422 423 12
424 445 12
424 425 7
425 446 11
425 426 8
426 447 11
426 427 8
427 448 5
427 428 11
428 449 7
429 451 12
429 430 9
430 452 5
430 431 7
431 453 6
431 432 5
432 433 6
433 454 7
433 434 6
434 455 11
435 456 9
436 457 5
436 437 11
437 458 12
438 460 12
439 462 10
439 440 9
440 463 8
441 464 5
441 442 8
442 465 10
442 443 10
443 466 12
444 445 9
445 446 11
446 467 9
446 447 7
447 468 5
447 448 12
448 469 12
448 449 8
449 470 10
450 471 6
450 451 6
451 472 10
451 452 12
452 453 5
454 474 7
454 455 5
455 475 7
457 478 6
457 458 7
458 479 6
459 480 9
459 460 5
460 481 12
461 483 12
461 462 7
462 463 10
463 484 9
464 486 5
464 465 10
465 466 5
466 487 6
467 468 11
468 490 8
468 469 5
469 491 5
469 470 6
470 492 6
471 493 6
471 472 9
472 494 12
473 474 5
474 496 6
474 475 8
475 497 6
475 476 9
476 498 11
477 478 5
478 479 12
479 500 6
480 481 8
481 482 11
482 501 8
482 483 9
484 485 6
485 503 11
485 486 12
486 504 8
487 505 9
487 488 12
488 506 5
488 489 11
489 507 7
490 491 12
491 492 9
492 508 11
493 494 11
494 509 5
494 495 8
495 510 9
496 497 11
497 513 9
497 498 8
498 514 10
498 499 10
499 515 6
500 518 7
501 520 6
502 521 7
503 523 12
503 504 11
504 524 5
505 526 10
505 506 11
506 527 12
506 507 7
507 528 10
509 533 6
509 510 8
510 511 7
511 534 5
511 512 7
512 535 12
513 536 6
513 514 12
514 537 7
514 515 12
515 516 5
516 517 9
517 538 11
517 518 5
518 539 8
519 520 12
520 541 9
521 543 6
521 522 7
522 523 11
523 544 6
523 524 11
524 545 8
524 525 6
525 526 5
526 527 11
527 528 6
528 546 6
528 529 12
529 547 8
529 530 11
531 550 10
531 532 12
532 533 7
533 551 12
534 553 10
534 535 12
535 554 12
536 555 5
536 537 5
537 556 6
538 539 5
539 558 5
540 559 10
541 560 6
541 542 8
542 543 12
543 561 11
544 562 9
544 545 7
545 563 12
546 566 9
546 547 12
547 567 9
548 569 7
548 549 12
551 572 11
551 552 5
552 573 6
552 553 8
553 574 10
553 554 9
554 575 6
555 556 9
556 577 12
556 557 11
558 579 9
559 580 8
560 582 12
561 583 5
562 563 10
563 585 11
563 564 9
564 565 9
565 586 7
566 567 6
567 588 7
567 568 5
568 589 7
568 569 11
569 590 11
570 592 6
571 593 10
571 572 10
572 573 9
573 594 7
573 574 7
574 575 10
575 576 6
576 595 10
577 596 12
578 598 10
579 599 9
580 581 11
581 582 11
583 584 5
586 587 9
588 589 9
589 590 11
590 591 7
591 592 5
596 597 9
597 598 6
10 0.05 0.05 0.05
