726
0 -1.0 -1.0 13.0 111.0 34.0
1 -1.0 -1.0 7.0 340.0 57.0
2 -1.0 -1.0 11.0 153.0 28.0
3 -1.0 -1.0 17.0 266.0 26.0
4 -1.0 -1.0 14.0 292.0 55.0
5 -1.0 -1.0 15.0 314.0 55.0
6 -1.0 -1.0 9.0 383.0 85.0
7 -1.0 -1.0 13.0 364.0 73.0
8 -1.0 -1.0 4.0 183.0 35.0
9 -1.0 -1.0 5.0 314.0 55.0
10 -1.0 -1.0 5.0 52.0 20.0
11 -1.0 -1.0 12.0 166.0 53.0
12 -1.0 -1.0 9.0 38.0 73.0
13 -1.0 -1.0 8.0 202.0 92.0
14 -1.0 -1.0 12.0 208.0 33.0
15 -1.0 -1.0 15.0 360.0 29.0
16 -1.0 -1.0 18.0 228.0 37.0
17 -1.0 -1.0 20.0 379.0 86.0
18 -1.0 -1.0 6.0 290.0 88.0
19 -1.0 -1.0 20.0 326.0 81.0
20 -1.0 -1.0 8.0 21.0 33.0
21 -1.0 -1.0 12.0 25.0 19.0
22 -1.0 -1.0 8.0 213.0 70.0
23 -1.0 -1.0 12.0 200.0 84.0
24 -1.0 -1.0 13.0 189.0 91.0
25 -1.0 -1.0 7.0 289.0 38.0
26 -1.0 -1.0 19.0 182.0 37.0
27 -1.0 -1.0 18.0 87.0 19.0
28 -1.0 -1.0 4.0 246.0 46.0
29 -1.0 -1.0 13.0 46.0 33.0
30 -1.0 -1.0 16.0 162.0 37.0
31 -1.0 -1.0 17.0 167.0 17.0
32 -1.0 -1.0 4.0 43.0 44.0
33 -1.0 -1.0 5.0 246.0 67.0
34 -1.0 -1.0 15.0 49.0 54.0
35 -1.0 -1.0 17.0 24.0 45.0
36 -1.0 -1.0 17.0 324.0 64.0
37 -1.0 -1.0 19.0 166.0 40.0
38 -1.0 -1.0 15.0 397.0 35.0
39 -1.0 -1.0 17.0 40.0 98.0
40 -1.0 -1.0 7.0 218.0 87.0
41 -1.0 -1.0 20.0 326.0 19.0
42 -1.0 -1.0 18.0 162.0 27.0
43 -1.0 -1.0 16.0 192.0 42.0
44 -1.0 -1.0 10.0 238.0 42.0
45 -1.0 -1.0 14.0 396.0 77.0
46 -1.0 -1.0 14.0 217.0 58.0
47 -1.0 -1.0 11.0 89.0 60.0
48 -1.0 -1.0 8.0 339.0 40.0
49 -1.0 -1.0 18.0 289.0 36.0
50 -1.0 -1.0 10.0 392.0 65.0
51 -1.0 -1.0 11.0 217.0 85.0
52 -1.0 -1.0 19.0 235.0 16.0
53 -1.0 -1.0 18.0 400.0 21.0
54 -1.0 -1.0 7.0 47.0 52.0
55 -1.0 -1.0 6.0 95.0 73.0
56 -1.0 -1.0 11.0 285.0 51.0
57 -1.0 -1.0 15.0 212.0 17.0
58 -1.0 -1.0 11.0 143.0 72.0
59 -1.0 -1.0 11.0 204.0 64.0
60 -1.0 -1.0 7.0 204.0 70.0
61 -1.0 -1.0 11.0 263.0 87.0
62 -1.0 -1.0 17.0 89.0 97.0
63 -1.0 -1.0 17.0 258.0 40.0
64 -1.0 -1.0 9.0 368.0 89.0
65 -1.0 -1.0 11.0 67.0 21.0
66 -1.0 -1.0 20.0 201.0 95.0
67 -1.0 -1.0 7.0 274.0 37.0
68 -1.0 -1.0 5.0 340.0 43.0
69 -1.0 -1.0 10.0 126.0 79.0
70 -1.0 -1.0 20.0 203.0 28.0
71 -1.0 -1.0 13.0 81.0 83.0
72 -1.0 -1.0 19.0 43.0 96.0
73 -1.0 -1.0 4.0 377.0 17.0
74 -1.0 -1.0 5.0 310.0 46.0
75 -1.0 -1.0 8.0 155.0 71.0
76 -1.0 -1.0 7.0 47.0 34.0
77 -1.0 -1.0 4.0 332.0 63.0
78 -1.0 -1.0 11.0 77.0 33.0
79 -1.0 -1.0 15.0 299.0 80.0
80 -1.0 -1.0 12.0 144.0 28.0
81 -1.0 -1.0 11.0 396.0 35.0
82 -1.0 -1.0 7.0 183.0 67.0
83 -1.0 -1.0 16.0 53.0 20.0
84 -1.0 -1.0 19.0 372.0 92.0
85 -1.0 -1.0 18.0 33.0 37.0
86 -1.0 -1.0 11.0 369.0 56.0
87 -1.0 -1.0 12.0 255.0 74.0
88 -1.0 -1.0 15.0 113.0 74.0
89 -1.0 -1.0 16.0 245.0 79.0
90 -1.0 -1.0 13.0 254.0 54.0
91 -1.0 -1.0 12.0 111.0 35.0
92 -1.0 -1.0 4.0 301.0 39.0
93 -1.0 -1.0 7.0 363.0 73.0
94 -1.0 -1.0 15.0 52.0 88.0
95 -1.0 -1.0 19.0 65.0 27.0
96 -1.0 -1.0 14.0 212.0 25.0
97 -1.0 -1.0 13.0 386.0 60.0
98 -1.0 -1.0 15.0 161.0 91.0
99 -1.0 -1.0 17.0 118.0 85.0
100 -1.0 -1.0 18.0 256.0 86.0
101 -1.0 -1.0 11.0 393.0 32.0
102 -1.0 -1.0 13.0 61.0 65.0
103 -1.0 -1.0 10.0 50.0 28.0
104 -1.0 -1.0 10.0 332.0 27.0
105 -1.0 -1.0 12.0 33.0 92.0
106 -1.0 -1.0 12.0 324.0 88.0
107 -1.0 -1.0 17.0 225.0 17.0
108 -1.0 -1.0 19.0 171.0 49.0
109 -1.0 -1.0 15.0 247.0 61.0
110 -1.0 -1.0 4.0 23.0 29.0
111 -1.0 -1.0 9.0 38.0 94.0
112 -1.0 -1.0 4.0 371.0 76.0
113 -1.0 -1.0 20.0 384.0 22.0
114 -1.0 -1.0 18.0 156.0 50.0
115 -1.0 -1.0 14.0 25.0 24.0
116 -1.0 -1.0 10.0 103.0 100.0
117 -1.0 -1.0 15.0 83.0 71.0
118 -1.0 -1.0 6.0 379.0 45.0
119 -1.0 -1.0 4.0 339.0 64.0
120 -1.0 -1.0 7.0 268.0 76.0
121 -1.0 -1.0 19.0 92.0 25.0
122 -1.0 -1.0 4.0 69.0 43.0
123 -1.0 -1.0 6.0 66.0 26.0
124 -1.0 -1.0 5.0 65.0 75.0
125 -1.0 -1.0 7.0 309.0 78.0
126 -1.0 -1.0 10.0 376.0 90.0
127 -1.0 -1.0 4.0 148.0 58.0
128 -1.0 -1.0 6.0 297.0 83.0
129 -1.0 -1.0 7.0 151.0 23.0
130 -1.0 -1.0 17.0 32.0 69.0
131 -1.0 -1.0 20.0 19.0 94.0
132 -1.0 -1.0 18.0 228.0 16.0
133 -1.0 -1.0 6.0 155.0 56.0
134 -1.0 -1.0 11.0 199.0 88.0
135 -1.0 -1.0 16.0 171.0 32.0
136 -1.0 -1.0 9.0 151.0 62.0
137 -1.0 -1.0 6.0 32.0 36.0
138 -1.0 -1.0 17.0 67.0 100.0
139 -1.0 -1.0 11.0 35.0 23.0
140 -1.0 -1.0 17.0 97.0 62.0
141 -1.0 -1.0 12.0 388.0 88.0
142 -1.0 -1.0 7.0 21.0 71.0
143 -1.0 -1.0 11.0 274.0 46.0
144 -1.0 -1.0 14.0 213.0 65.0
145 -1.0 -1.0 17.0 34.0 47.0
146 -1.0 -1.0 17.0 17.0 90.0
147 -1.0 -1.0 5.0 323.0 45.0
148 -1.0 -1.0 13.0 225.0 57.0
149 -1.0 -1.0 15.0 211.0 44.0
150 -1.0 -1.0 20.0 286.0 38.0
151 -1.0 -1.0 16.0 354.0 45.0
152 -1.0 -1.0 5.0 219.0 72.0
153 -1.0 -1.0 8.0 38.0 96.0
154 -1.0 -1.0 17.0 243.0 86.0
155 -1.0 -1.0 5.0 169.0 98.0
156 -1.0 -1.0 15.0 59.0 67.0
157 -1.0 -1.0 18.0 153.0 54.0
158 -1.0 -1.0 11.0 252.0 31.0
159 -1.0 -1.0 7.0 148.0 71.0
160 -1.0 -1.0 17.0 246.0 91.0
161 -1.0 -1.0 12.0 228.0 66.0
162 -1.0 -1.0 4.0 52.0 33.0
163 -1.0 -1.0 8.0 218.0 19.0
164 -1.0 -1.0 15.0 248.0 36.0
165 -1.0 -1.0 8.0 318.0 27.0
166 -1.0 -1.0 20.0 199.0 39.0
167 -1.0 -1.0 9.0 295.0 21.0
168 -1.0 -1.0 15.0 40.0 69.0
169 -1.0 -1.0 16.0 100.0 55.0
170 -1.0 -1.0 19.0 129.0 95.0
171 -1.0 -1.0 13.0 242.0 85.0
172 -1.0 -1.0 20.0 250.0 53.0
173 -1.0 -1.0 10.0 222.0 53.0
174 -1.0 -1.0 7.0 316.0 46.0
175 -1.0 -1.0 5.0 140.0 58.0
176 -1.0 -1.0 5.0 363.0 61.0
177 -1.0 -1.0 8.0 90.0 34.0
178 -1.0 -1.0 5.0 102.0 64.0
179 -1.0 -1.0 12.0 169.0 32.0
180 -1.0 -1.0 6.0 105.0 85.0
181 -1.0 -1.0 16.0 294.0 81.0
182 -1.0 -1.0 14.0 318.0 54.0
183 -1.0 -1.0 20.0 151.0 32.0
184 -1.0 -1.0 18.0 257.0 65.0
185 -1.0 -1.0 4.0 363.0 59.0
186 -1.0 -1.0 10.0 194.0 33.0
187 -1.0 -1.0 4.0 34.0 17.0
188 -1.0 -1.0 8.0 52.0 88.0
189 -1.0 -1.0 5.0 353.0 74.0
190 -1.0 -1.0 7.0 274.0 40.0
191 -1.0 -1.0 12.0 57.0 59.0
192 -1.0 -1.0 15.0 383.0 17.0
193 -1.0 -1.0 7.0 357.0 62.0
194 -1.0 -1.0 19.0 319.0 88.0
195 -1.0 -1.0 10.0 334.0 29.0
196 -1.0 -1.0 14.0 186.0 64.0
197 -1.0 -1.0 19.0 298.0 20.0
198 -1.0 -1.0 4.0 315.0 93.0
199 -1.0 -1.0 8.0 63.0 54.0
200 -1.0 -1.0 17.0 310.0 82.0
201 -1.0 -1.0 17.0 226.0 70.0
202 -1.0 -1.0 15.0 299.0 68.0
203 -1.0 -1.0 12.0 204.0 18.0
204 -1.0 -1.0 4.0 113.0 49.0
205 -1.0 -1.0 19.0 98.0 99.0
206 -1.0 -1.0 11.0 46.0 52.0
207 -1.0 -1.0 10.0 88.0 70.0
208 -1.0 -1.0 12.0 248.0 40.0
209 -1.0 -1.0 14.0 377.0 37.0
210 -1.0 -1.0 6.0 106.0 79.0
211 -1.0 -1.0 17.0 159.0 96.0
212 -1.0 -1.0 14.0 232.0 25.0
213 -1.0 -1.0 7.0 92.0 54.0
214 -1.0 -1.0 15.0 182.0 41.0
215 -1.0 -1.0 14.0 376.0 43.0
216 -1.0 -1.0 7.0 190.0 51.0
217 -1.0 -1.0 7.0 386.0 80.0
218 -1.0 -1.0 10.0 344.0 34.0
219 -1.0 -1.0 10.0 268.0 27.0
220 -1.0 -1.0 8.0 125.0 20.0
221 -1.0 -1.0 9.0 205.0 39.0
222 -1.0 -1.0 9.0 229.0 49.0
223 -1.0 -1.0 4.0 245.0 37.0
224 -1.0 -1.0 4.0 318.0 41.0
225 -1.0 -1.0 10.0 23.0 81.0
226 -1.0 -1.0 9.0 370.0 47.0
227 -1.0 -1.0 13.0 141.0 95.0
228 -1.0 -1.0 19.0 90.0 62.0
229 -1.0 -1.0 13.0 164.0 98.0
230 -1.0 -1.0 5.0 134.0 41.0
231 -1.0 -1.0 7.0 249.0 59.0
232 -1.0 -1.0 17.0 67.0 48.0
233 -1.0 -1.0 15.0 97.0 75.0
234 -1.0 -1.0 10.0 360.0 24.0
235 -1.0 -1.0 19.0 231.0 37.0
236 -1.0 -1.0 9.0 69.0 47.0
237 -1.0 -1.0 5.0 50.0 64.0
238 -1.0 -1.0 6.0 243.0 95.0
239 -1.0 -1.0 20.0 217.0 61.0
240 -1.0 -1.0 17.0 158.0 59.0
241 -1.0 -1.0 7.0 363.0 23.0
242 -1.0 -1.0 6.0 117.0 48.0
243 -1.0 -1.0 14.0 270.0 74.0
244 -1.0 -1.0 11.0 117.0 25.0
245 -1.0 -1.0 5.0 92.0 40.0
246 -1.0 -1.0 6.0 316.0 82.0
247 -1.0 -1.0 20.0 152.0 42.0
248 -1.0 -1.0 12.0 200.0 64.0
249 -1.0 -1.0 15.0 90.0 90.0
250 -1.0 -1.0 9.0 109.0 57.0
251 -1.0 -1.0 8.0 247.0 70.0
252 -1.0 -1.0 10.0 89.0 42.0
253 -1.0 -1.0 14.0 193.0 66.0
254 -1.0 -1.0 9.0 65.0 89.0
255 -1.0 -1.0 6.0 141.0 91.0
256 -1.0 -1.0 19.0 108.0 36.0
257 -1.0 -1.0 10.0 266.0 47.0
258 -1.0 -1.0 20.0 347.0 49.0
259 -1.0 -1.0 6.0 57.0 76.0
260 -1.0 -1.0 13.0 65.0 16.0
261 -1.0 -1.0 14.0 126.0 62.0
262 -1.0 -1.0 17.0 366.0 55.0
263 -1.0 -1.0 12.0 160.0 68.0
264 -1.0 -1.0 11.0 282.0 58.0
265 -1.0 -1.0 5.0 39.0 22.0
266 -1.0 -1.0 8.0 34.0 48.0
267 -1.0 -1.0 7.0 382.0 21.0
268 -1.0 -1.0 18.0 337.0 31.0
269 -1.0 -1.0 18.0 372.0 32.0
270 -1.0 -1.0 14.0 183.0 47.0
271 -1.0 -1.0 8.0 394.0 89.0
272 -1.0 -1.0 19.0 357.0 100.0
273 -1.0 -1.0 6.0 365.0 22.0
274 -1.0 -1.0 9.0 239.0 63.0
275 -1.0 -1.0 16.0 109.0 38.0
276 -1.0 -1.0 11.0 259.0 63.0
277 -1.0 -1.0 12.0 170.0 82.0
278 -1.0 -1.0 16.0 324.0 87.0
279 -1.0 -1.0 7.0 131.0 39.0
280 -1.0 -1.0 12.0 309.0 44.0
281 -1.0 -1.0 18.0 226.0 99.0
282 -1.0 -1.0 9.0 105.0 95.0
283 -1.0 -1.0 7.0 191.0 65.0
284 -1.0 -1.0 5.0 174.0 82.0
285 -1.0 -1.0 16.0 261.0 79.0
286 -1.0 -1.0 4.0 308.0 99.0
287 -1.0 -1.0 20.0 359.0 55.0
288 -1.0 -1.0 5.0 398.0 71.0
289 -1.0 -1.0 7.0 108.0 59.0
290 -1.0 -1.0 9.0 39.0 29.0
291 -1.0 -1.0 6.0 276.0 46.0
292 -1.0 -1.0 20.0 150.0 15.0
293 -1.0 -1.0 17.0 299.0 86.0
294 -1.0 -1.0 12.0 214.0 77.0
295 -1.0 -1.0 15.0 368.0 80.0
296 -1.0 -1.0 8.0 227.0 32.0
297 -1.0 -1.0 10.0 34.0 100.0
298 -1.0 -1.0 12.0 323.0 94.0
299 -1.0 -1.0 18.0 194.0 15.0
300 -1.0 -1.0 9.0 335.0 46.0
301 -1.0 -1.0 4.0 255.0 82.0
302 -1.0 -1.0 11.0 369.0 23.0
303 -1.0 -1.0 5.0 315.0 85.0
304 -1.0 -1.0 13.0 298.0 36.0
305 -1.0 -1.0 18.0 308.0 84.0
306 -1.0 -1.0 9.0 391.0 68.0
307 -1.0 -1.0 18.0 363.0 62.0
308 -1.0 -1.0 12.0 128.0 47.0
309 -1.0 -1.0 9.0 138.0 47.0
310 -1.0 -1.0 10.0 367.0 41.0
311 -1.0 -1.0 7.0 338.0 44.0
312 -1.0 -1.0 4.0 51.0 34.0
313 -1.0 -1.0 8.0 283.0 62.0
314 -1.0 -1.0 9.0 23.0 67.0
315 -1.0 -1.0 4.0 224.0 39.0
316 -1.0 -1.0 10.0 238.0 29.0
317 -1.0 -1.0 8.0 372.0 44.0
318 -1.0 -1.0 18.0 92.0 69.0
319 -1.0 -1.0 7.0 396.0 94.0
320 -1.0 -1.0 6.0 112.0 98.0
321 -1.0 -1.0 6.0 249.0 94.0
322 -1.0 -1.0 10.0 199.0 48.0
323 -1.0 -1.0 19.0 345.0 91.0
324 -1.0 -1.0 14.0 33.0 21.0
325 -1.0 -1.0 15.0 171.0 26.0
326 -1.0 -1.0 5.0 292.0 92.0
327 -1.0 -1.0 9.0 221.0 43.0
328 -1.0 -1.0 17.0 236.0 78.0
329 -1.0 -1.0 19.0 166.0 100.0
330 -1.0 -1.0 7.0 316.0 97.0
331 -1.0 -1.0 13.0 20.0 63.0
332 -1.0 -1.0 12.0 274.0 60.0
333 -1.0 -1.0 17.0 75.0 86.0
334 -1.0 -1.0 6.0 32.0 61.0
335 -1.0 -1.0 4.0 80.0 52.0
336 -1.0 -1.0 4.0 362.0 33.0
337 -1.0 -1.0 5.0 351.0 43.0
338 -1.0 -1.0 5.0 65.0 24.0
339 -1.0 -1.0 11.0 310.0 70.0
340 -1.0 -1.0 15.0 221.0 38.0
341 -1.0 -1.0 8.0 248.0 51.0
342 -1.0 -1.0 20.0 327.0 88.0
343 -1.0 -1.0 13.0 122.0 78.0
344 -1.0 -1.0 9.0 347.0 46.0
345 -1.0 -1.0 10.0 380.0 40.0
346 -1.0 -1.0 16.0 159.0 98.0
347 -1.0 -1.0 4.0 324.0 40.0
348 -1.0 -1.0 7.0 163.0 40.0
349 -1.0 -1.0 16.0 315.0 92.0
350 -1.0 -1.0 14.0 93.0 100.0
351 -1.0 -1.0 12.0 351.0 17.0
352 -1.0 -1.0 18.0 363.0 65.0
353 -1.0 -1.0 9.0 154.0 85.0
354 -1.0 -1.0 18.0 137.0 31.0
355 -1.0 -1.0 15.0 311.0 86.0
356 -1.0 -1.0 20.0 340.0 47.0
357 -1.0 -1.0 12.0 81.0 22.0
358 -1.0 -1.0 17.0 22.0 18.0
359 -1.0 -1.0 8.0 376.0 42.0
360 -1.0 -1.0 19.0 27.0 69.0
361 -1.0 -1.0 4.0 315.0 45.0
362 -1.0 -1.0 16.0 227.0 75.0
363 -1.0 -1.0 16.0 370.0 27.0
364 -1.0 -1.0 7.0 213.0 75.0
365 -1.0 -1.0 15.0 131.0 54.0
366 -1.0 -1.0 18.0 327.0 15.0
367 -1.0 -1.0 9.0 332.0 85.0
368 -1.0 -1.0 20.0 130.0 42.0
369 -1.0 -1.0 17.0 151.0 95.0
370 -1.0 -1.0 10.0 50.0 96.0
371 -1.0 -1.0 8.0 354.0 81.0
372 -1.0 -1.0 17.0 79.0 95.0
373 -1.0 -1.0 9.0 291.0 97.0
374 -1.0 -1.0 8.0 350.0 77.0
375 -1.0 -1.0 7.0 257.0 80.0
376 -1.0 -1.0 15.0 387.0 25.0
377 -1.0 -1.0 8.0 296.0 95.0
378 -1.0 -1.0 7.0 94.0 35.0
379 -1.0 -1.0 7.0 365.0 67.0
380 -1.0 -1.0 11.0 69.0 41.0
381 -1.0 -1.0 18.0 122.0 62.0
382 -1.0 -1.0 6.0 192.0 60.0
383 -1.0 -1.0 6.0 168.0 15.0
384 -1.0 -1.0 12.0 85.0 93.0
385 -1.0 -1.0 20.0 58.0 20.0
386 -1.0 -1.0 8.0 129.0 40.0
387 -1.0 -1.0 20.0 274.0 41.0
388 -1.0 -1.0 20.0 89.0 55.0
389 -1.0 -1.0 15.0 277.0 86.0
390 -1.0 -1.0 19.0 307.0 18.0
391 -1.0 -1.0 7.0 332.0 54.0
392 -1.0 -1.0 15.0 99.0 92.0
393 -1.0 -1.0 7.0 178.0 80.0
394 -1.0 -1.0 18.0 399.0 92.0
395 -1.0 -1.0 7.0 168.0 40.0
396 -1.0 -1.0 14.0 212.0 60.0
397 -1.0 -1.0 5.0 93.0 22.0
398 -1.0 -1.0 20.0 207.0 52.0
399 -1.0 -1.0 10.0 180.0 15.0
400 -1.0 -1.0 16.0 292.0 20.0
401 -1.0 -1.0 20.0 194.0 41.0
402 -1.0 -1.0 10.0 318.0 35.0
403 -1.0 -1.0 10.0 71.0 79.0
404 -1.0 -1.0 20.0 51.0 41.0
405 -1.0 -1.0 15.0 147.0 24.0
406 -1.0 -1.0 14.0 333.0 81.0
407 -1.0 -1.0 6.0 106.0 100.0
408 -1.0 -1.0 5.0 16.0 15.0
409 -1.0 -1.0 4.0 230.0 48.0
410 -1.0 -1.0 9.0 182.0 70.0
411 -1.0 -1.0 18.0 172.0 38.0
412 -1.0 -1.0 16.0 130.0 66.0
413 -1.0 -1.0 20.0 157.0 20.0
414 -1.0 -1.0 12.0 309.0 73.0
415 -1.0 -1.0 6.0 370.0 41.0
416 -1.0 -1.0 14.0 357.0 16.0
417 -1.0 -1.0 6.0 88.0 24.0
418 -1.0 -1.0 15.0 249.0 63.0
419 -1.0 -1.0 16.0 282.0 92.0
420 -1.0 -1.0 12.0 278.0 88.0
421 -1.0 -1.0 14.0 189.0 85.0
422 -1.0 -1.0 6.0 195.0 54.0
423 -1.0 -1.0 11.0 59.0 46.0
424 -1.0 -1.0 4.0 353.0 71.0
425 -1.0 -1.0 19.0 400.0 18.0
426 -1.0 -1.0 9.0 88.0 23.0
427 -1.0 -1.0 8.0 266.0 31.0
428 -1.0 -1.0 15.0 194.0 36.0
429 -1.0 -1.0 17.0 51.0 42.0
430 -1.0 -1.0 9.0 25.0 51.0
431 -1.0 -1.0 17.0 100.0 62.0
432 -1.0 -1.0 14.0 179.0 25.0
433 -1.0 -1.0 16.0 273.0 98.0
434 -1.0 -1.0 11.0 219.0 70.0
435 -1.0 -1.0 20.0 192.0 81.0
436 -1.0 -1.0 9.0 177.0 63.0
437 -1.0 -1.0 8.0 233.0 95.0
438 -1.0 -1.0 6.0 35.0 97.0
439 -1.0 -1.0 14.0 235.0 31.0
440 -1.0 -1.0 20.0 22.0 70.0
441 -1.0 -1.0 18.0 268.0 36.0
442 -1.0 -1.0 8.0 142.0 94.0
443 -1.0 -1.0 9.0 341.0 28.0
444 -1.0 -1.0 7.0 387.0 71.0
445 -1.0 -1.0 17.0 326.0 54.0
446 -1.0 -1.0 16.0 355.0 22.0
447 -1.0 -1.0 7.0 90.0 50.0
448 -1.0 -1.0 9.0 173.0 29.0
449 -1.0 -1.0 13.0 176.0 47.0
450 -1.0 -1.0 11.0 206.0 42.0
451 -1.0 -1.0 12.0 23.0 76.0
452 -1.0 -1.0 10.0 45.0 67.0
453 -1.0 -1.0 9.0 86.0 34.0
454 -1.0 -1.0 8.0 223.0 80.0
455 -1.0 -1.0 6.0 389.0 63.0
456 -1.0 -1.0 6.0 241.0 45.0
457 -1.0 -1.0 15.0 356.0 35.0
458 -1.0 -1.0 14.0 215.0 78.0
459 -1.0 -1.0 9.0 51.0 65.0
460 -1.0 -1.0 5.0 276.0 24.0
461 -1.0 -1.0 20.0 299.0 30.0
462 -1.0 -1.0 15.0 389.0 92.0
463 -1.0 -1.0 20.0 96.0 31.0
464 -1.0 -1.0 12.0 192.0 41.0
465 -1.0 -1.0 15.0 253.0 100.0
466 -1.0 -1.0 7.0 106.0 19.0
467 -1.0 -1.0 15.0 225.0 79.0
468 -1.0 -1.0 13.0 27.0 94.0
469 -1.0 -1.0 4.0 343.0 83.0
470 -1.0 -1.0 5.0 176.0 72.0
471 -1.0 -1.0 17.0 76.0 73.0
472 -1.0 -1.0 4.0 333.0 37.0
473 -1.0 -1.0 19.0 376.0 50.0
474 -1.0 -1.0 15.0 363.0 70.0
475 -1.0 -1.0 15.0 249.0 80.0
476 -1.0 -1.0 20.0 302.0 65.0
477 -1.0 -1.0 15.0 263.0 46.0
478 -1.0 -1.0 4.0 261.0 73.0
479 -1.0 -1.0 11.0 84.0 87.0
480 -1.0 -1.0 11.0 286.0 75.0
481 -1.0 -1.0 20.0 397.0 66.0
482 -1.0 -1.0 19.0 386.0 69.0
483 -1.0 -1.0 11.0 168.0 79.0
484 -1.0 -1.0 13.0 32.0 90.0
485 -1.0 -1.0 4.0 151.0 18.0
486 -1.0 -1.0 14.0 59.0 42.0
487 -1.0 -1.0 17.0 108.0 95.0
488 -1.0 -1.0 12.0 89.0 23.0
489 -1.0 -1.0 9.0 247.0 23.0
490 -1.0 -1.0 13.0 198.0 47.0
491 -1.0 -1.0 5.0 88.0 22.0
492 -1.0 -1.0 16.0 264.0 79.0
493 -1.0 -1.0 19.0 127.0 45.0
494 -1.0 -1.0 20.0 364.0 50.0
495 -1.0 -1.0 7.0 345.0 46.0
496 -1.0 -1.0 6.0 152.0 35.0
497 -1.0 -1.0 11.0 300.0 49.0
498 -1.0 -1.0 16.0 296.0 56.0
499 -1.0 -1.0 16.0 265.0 65.0
500 -1.0 -1.0 11.0 116.0 71.0
501 -1.0 -1.0 16.0 208.0 92.0
502 -1.0 -1.0 4.0 345.0 43.0
503 -1.0 -1.0 16.0 329.0 70.0
504 -1.0 -1.0 14.0 133.0 78.0
505 -1.0 -1.0 13.0 363.0 16.0
506 -1.0 -1.0 11.0 336.0 70.0
507 -1.0 -1.0 10.0 220.0 33.0
508 -1.0 -1.0 16.0 125.0 98.0
509 -1.0 -1.0 4.0 351.0 53.0
510 -1.0 -1.0 8.0 288.0 49.0
511 -1.0 -1.0 7.0 171.0 49.0
512 -1.0 -1.0 13.0 108.0 52.0
513 -1.0 -1.0 16.0 115.0 89.0
514 -1.0 -1.0 7.0 364.0 77.0
515 -1.0 -1.0 12.0 189.0 73.0
516 -1.0 -1.0 17.0 378.0 19.0
517 -1.0 -1.0 19.0 363.0 83.0
518 -1.0 -1.0 4.0 65.0 50.0
519 -1.0 -1.0 5.0 68.0 48.0
520 -1.0 -1.0 13.0 27.0 54.0
521 -1.0 -1.0 6.0 321.0 93.0
522 -1.0 -1.0 20.0 158.0 98.0
523 -1.0 -1.0 10.0 120.0 85.0
524 -1.0 -1.0 20.0 322.0 48.0
525 -1.0 -1.0 11.0 127.0 51.0
526 -1.0 -1.0 5.0 261.0 28.0
527 -1.0 -1.0 11.0 299.0 53.0
528 -1.0 -1.0 17.0 78.0 29.0
529 -1.0 -1.0 19.0 322.0 41.0
530 -1.0 -1.0 6.0 126.0 88.0
531 -1.0 -1.0 20.0 38.0 35.0
532 -1.0 -1.0 20.0 166.0 90.0
533 -1.0 -1.0 6.0 173.0 35.0
534 -1.0 -1.0 15.0 89.0 46.0
535 -1.0 -1.0 5.0 49.0 98.0
536 -1.0 -1.0 16.0 201.0 16.0
537 -1.0 -1.0 5.0 160.0 42.0
538 -1.0 -1.0 10.0 363.0 44.0
539 -1.0 -1.0 13.0 304.0 56.0
540 -1.0 -1.0 9.0 51.0 70.0
541 -1.0 -1.0 7.0 384.0 48.0
542 -1.0 -1.0 4.0 38.0 86.0
543 -1.0 -1.0 8.0 184.0 23.0
544 -1.0 -1.0 15.0 154.0 56.0
545 -1.0 -1.0 4.0 16.0 52.0
546 -1.0 -1.0 12.0 96.0 49.0
547 -1.0 -1.0 17.0 248.0 49.0
548 -1.0 -1.0 6.0 271.0 49.0
549 -1.0 -1.0 15.0 54.0 65.0
550 -1.0 -1.0 7.0 374.0 76.0
551 -1.0 -1.0 13.0 21.0 35.0
552 -1.0 -1.0 12.0 354.0 42.0
553 -1.0 -1.0 13.0 357.0 78.0
554 -1.0 -1.0 17.0 17.0 38.0
555 -1.0 -1.0 4.0 203.0 62.0
556 -1.0 -1.0 4.0 287.0 62.0
557 -1.0 -1.0 12.0 379.0 38.0
558 -1.0 -1.0 7.0 191.0 97.0
559 -1.0 -1.0 7.0 260.0 32.0
560 -1.0 -1.0 12.0 77.0 63.0
561 -1.0 -1.0 20.0 263.0 41.0
562 -1.0 -1.0 6.0 338.0 45.0
563 -1.0 -1.0 19.0 98.0 100.0
564 -1.0 -1.0 18.0 216.0 77.0
565 -1.0 -1.0 20.0 132.0 35.0
566 -1.0 -1.0 9.0 274.0 39.0
567 -1.0 -1.0 12.0 109.0 61.0
568 -1.0 -1.0 8.0 44.0 62.0
569 -1.0 -1.0 19.0 253.0 95.0
570 -1.0 -1.0 13.0 278.0 40.0
571 -1.0 -1.0 8.0 378.0 89.0
572 -1.0 -1.0 4.0 265.0 68.0
573 -1.0 -1.0 17.0 41.0 70.0
574 -1.0 -1.0 8.0 311.0 85.0
575 -1.0 -1.0 9.0 236.0 34.0
576 -1.0 -1.0 9.0 280.0 36.0
577 -1.0 -1.0 15.0 95.0 49.0
578 -1.0 -1.0 8.0 301.0 66.0
579 -1.0 -1.0 19.0 170.0 20.0
580 -1.0 -1.0 19.0 117.0 76.0
581 -1.0 -1.0 18.0 259.0 20.0
582 -1.0 -1.0 5.0 253.0 69.0
583 -1.0 -1.0 4.0 203.0 18.0
584 -1.0 -1.0 18.0 82.0 36.0
585 -1.0 -1.0 11.0 321.0 27.0
586 -1.0 -1.0 9.0 104.0 53.0
587 -1.0 -1.0 12.0 234.0 76.0
588 -1.0 -1.0 6.0 397.0 65.0
589 -1.0 -1.0 18.0 387.0 92.0
590 -1.0 -1.0 15.0 385.0 30.0
591 -1.0 -1.0 4.0 396.0 67.0
592 -1.0 -1.0 6.0 201.0 60.0
593 -1.0 -1.0 10.0 113.0 18.0
594 -1.0 -1.0 11.0 176.0 83.0
595 -1.0 -1.0 6.0 167.0 99.0
596 -1.0 -1.0 10.0 132.0 46.0
597 -1.0 -1.0 8.0 138.0 56.0
598 -1.0 -1.0 13.0 320.0 17.0
599 -1.0 -1.0 17.0 234.0 41.0
600 -1.0 -1.0 11.0 316.0 70.0
601 -1.0 -1.0 15.0 73.0 61.0
602 -1.0 -1.0 13.0 147.0 37.0
603 -1.0 -1.0 19.0 222.0 18.0
604 -1.0 -1.0 5.0 61.0 88.0
605 -1.0 -1.0 5.0 168.0 51.0
606 -1.0 -1.0 20.0 304.0 51.0
607 -1.0 -1.0 18.0 153.0 49.0
608 -1.0 -1.0 16.0 78.0 53.0
609 -1.0 -1.0 17.0 332.0 61.0
610 -1.0 -1.0 6.0 393.0 69.0
611 -1.0 -1.0 19.0 341.0 71.0
612 -1.0 -1.0 8.0 329.0 35.0
613 -1.0 -1.0 14.0 227.0 93.0
614 -1.0 -1.0 10.0 331.0 36.0
615 -1.0 -1.0 10.0 383.0 37.0
616 -1.0 -1.0 5.0 251.0 69.0
617 -1.0 -1.0 14.0 306.0 16.0
618 -1.0 -1.0 18.0 294.0 70.0
619 -1.0 -1.0 4.0 198.0 74.0
620 -1.0 -1.0 12.0 251.0 45.0
621 -1.0 -1.0 14.0 394.0 31.0
622 -1.0 -1.0 4.0 383.0 80.0
623 -1.0 -1.0 5.0 306.0 21.0
624 -1.0 -1.0 20.0 103.0 88.0
625 -1.0 -1.0 16.0 137.0 68.0
626 -1.0 -1.0 5.0 252.0 79.0
627 -1.0 -1.0 16.0 144.0 54.0
628 -1.0 -1.0 20.0 19.0 90.0
629 -1.0 -1.0 9.0 279.0 66.0
630 -1.0 -1.0 12.0 274.0 33.0
631 -1.0 -1.0 7.0 277.0 58.0
632 -1.0 -1.0 20.0 147.0 98.0
633 -1.0 -1.0 5.0 192.0 40.0
634 -1.0 -1.0 7.0 67.0 96.0
635 -1.0 -1.0 4.0 238.0 50.0
636 -1.0 -1.0 14.0 378.0 67.0
637 -1.0 -1.0 17.0 221.0 51.0
638 -1.0 -1.0 20.0 150.0 52.0
639 -1.0 -1.0 13.0 355.0 30.0
640 -1.0 -1.0 19.0 20.0 45.0
641 -1.0 -1.0 16.0 255.0 48.0
642 -1.0 -1.0 6.0 241.0 23.0
643 -1.0 -1.0 18.0 263.0 46.0
644 -1.0 -1.0 19.0 118.0 80.0
645 -1.0 -1.0 7.0 383.0 39.0
646 -1.0 -1.0 10.0 74.0 44.0
647 -1.0 -1.0 17.0 299.0 41.0
648 -1.0 -1.0 17.0 243.0 61.0
649 -1.0 -1.0 16.0 139.0 80.0
650 -1.0 -1.0 6.0 133.0 57.0
651 -1.0 -1.0 15.0 197.0 95.0
652 -1.0 -1.0 7.0 173.0 93.0
653 -1.0 -1.0 9.0 37.0 38.0
654 -1.0 -1.0 7.0 72.0 24.0
655 -1.0 -1.0 13.0 214.0 93.0
656 -1.0 -1.0 6.0 365.0 50.0
657 -1.0 -1.0 8.0 290.0 54.0
658 -1.0 -1.0 13.0 24.0 34.0
659 -1.0 -1.0 15.0 361.0 33.0
660 -1.0 -1.0 13.0 155.0 48.0
661 -1.0 -1.0 16.0 144.0 34.0
662 -1.0 -1.0 12.0 171.0 27.0
663 -1.0 -1.0 19.0 293.0 71.0
664 -1.0 -1.0 16.0 270.0 56.0
665 -1.0 -1.0 20.0 37.0 15.0
666 -1.0 -1.0 13.0 335.0 30.0
667 -1.0 -1.0 11.0 66.0 35.0
668 -1.0 -1.0 11.0 86.0 97.0
669 -1.0 -1.0 14.0 48.0 92.0
670 -1.0 -1.0 12.0 35.0 93.0
671 -1.0 -1.0 12.0 368.0 79.0
672 -1.0 -1.0 18.0 301.0 96.0
673 -1.0 -1.0 10.0 58.0 15.0
674 -1.0 -1.0 8.0 144.0 78.0
675 -1.0 -1.0 14.0 328.0 41.0
676 -1.0 -1.0 6.0 116.0 33.0
677 -1.0 -1.0 14.0 336.0 62.0
678 -1.0 -1.0 8.0 142.0 26.0
679 -1.0 -1.0 7.0 223.0 77.0
680 -1.0 -1.0 14.0 93.0 97.0
681 -1.0 -1.0 18.0 327.0 73.0
682 -1.0 -1.0 9.0 278.0 98.0
683 -1.0 -1.0 14.0 117.0 50.0
684 -1.0 -1.0 14.0 330.0 100.0
685 -1.0 -1.0 17.0 79.0 30.0
686 -1.0 -1.0 19.0 111.0 76.0
687 -1.0 -1.0 6.0 154.0 25.0
688 -1.0 -1.0 10.0 56.0 40.0
689 -1.0 -1.0 4.0 369.0 87.0
690 -1.0 -1.0 15.0 240.0 46.0
691 -1.0 -1.0 19.0 77.0 38.0
692 -1.0 -1.0 6.0 38.0 91.0
693 -1.0 -1.0 9.0 364.0 82.0
694 -1.0 -1.0 13.0 308.0 80.0
695 -1.0 -1.0 20.0 62.0 21.0
696 -1.0 -1.0 17.0 318.0 39.0
697 -1.0 -1.0 17.0 308.0 88.0
698 -1.0 -1.0 9.0 278.0 93.0
699 -1.0 -1.0 6.0 277.0 76.0
700 -1.0 -1.0 13.0 263.0 22.0
701 -1.0 -1.0 13.0 162.0 54.0
702 -1.0 -1.0 9.0 18.0 61.0
703 -1.0 -1.0 16.0 96.0 73.0
704 -1.0 -1.0 13.0 245.0 38.0
705 -1.0 -1.0 7.0 278.0 82.0
706 -1.0 -1.0 10.0 355.0 45.0
707 -1.0 -1.0 16.0 227.0 99.0
708 -1.0 -1.0 14.0 310.0 58.0
709 -1.0 -1.0 13.0 382.0 100.0
710 -1.0 -1.0 10.0 352.0 48.0
711 -1.0 -1.0 12.0 188.0 56.0
712 -1.0 -1.0 18.0 140.0 92.0
713 -1.0 -1.0 7.0 365.0 47.0
714 -1.0 -1.0 14.0 145.0 28.0
715 -1.0 -1.0 13.0 15.0 96.0
716 -1.0 -1.0 6.0 207.0 52.0
717 -1.0 -1.0 15.0 186.0 62.0
718 -1.0 -1.0 11.0 328.0 70.0
719 -1.0 -1.0 17.0 40.0 52.0
720 -1.0 -1.0 18.0 139.0 82.0
721 -1.0 -1.0 18.0 352.0 49.0
722 -1.0 -1.0 15.0 125.0 89.0
723 -1.0 -1.0 5.0 157.0 100.0
724 -1.0 -1.0 19.0 55.0 87.0
725 -1.0 -1.0 20.0 235.0 62.0
940
0 25 5
0 1 12
1 2 10
2 26 12
2 3 12
3 27 9
3 4 9
5 29 10
5 6 8
7 8 7
8 9 7
9 31 7
10 33 10
10 11 9
11 12 12
13 35 6
13 14 12
14 36 10
15 37 11
15 16 8
16 38 5
16 17 7
18 19 5
19 20 11
20 40 9
20 21 9
21 41 7
21 22 10
23 43 6
23 24 5
24 44 7
25 45 11
26 46 7
26 27 11
28 48 5
28 29 5
29 49 7
30 51 7
31 54 12
31 32 7
32 55 5
32 33 5
33 56 8
34 59 10
34 35 8
35 36 7
37 62 6
37 38 9
38 63 7
39 65 5
40 41 9
41 66 6
42 68 6
42 43 5
43 44 11
44 69 7
46 71 11
47 73 9
47 48 11
48 74 9
48 49 11
49 50 5
50 75 6
50 51 8
51 52 7
52 53 11
53 76 9
53 54 12
54 77 7
54 55 12
55 78 8
55 56 11
56 79 11
56 57 12
57 58 10
58 80 7
58 59 9
59 81 12
60 84 12
60 61 5
61 62 5
62 63 7
63 85 12
63 64 6
64 86 12
64 65 7
66 89 12
66 67 7
67 68 6
68 90 5
69 91 8
70 92 6
70 71 9
71 72 6
72 93 10
72 73 8
73 94 11
73 74 11
74 95 12
76 77 6
77 78 10
78 99 11
78 79 5
80 101 10
80 81 5
81 102 9
81 82 12
82 103 5
82 83 11
83 84 10
85 106 6
85 86 5
86 107 9
87 88 12
88 109 8
88 89 12
89 110 5
90 111 5
91 112 11
92 113 7
93 94 12
94 115 8
94 95 9
95 96 10
96 116 6
97 98 11
98 118 9
100 122 12
100 101 8
101 123 5
101 102 5
102 124 6
102 103 12
104 105 5
105 126 8
105 106 10
106 107 9
107 127 10
108 129 9
109 131 12
109 110 7
110 132 12
111 134 10
112 136 10
113 114 8
114 137 5
115 139 6
116 117 7
118 119 12
119 120 9
120 140 10
121 122 6
122 142 7
122 123 5
123 143 5
123 124 6
125 145 5
127 147 7
127 128 5
128 148 9
128 129 12
129 149 9
129 130 8
130 131 11
131 132 7
132 133 8
133 150 11
133 134 9
134 151 9
134 135 12
135 152 11
135 136 9
137 155 9
137 138 10
138 156 7
138 139 6
139 157 12
140 163 5
140 141 11
141 164 7
142 165 9
142 143 7
143 166 6
144 168 6
144 145 11
145 169 11
146 170 7
147 172 7
147 148 5
148 149 12
149 173 11
150 176 6
150 151 6
151 177 8
151 152 9
152 178 5
153 154 8
154 155 8
155 179 8
155 156 11
156 180 8
156 157 9
157 181 11
157 158 10
159 183 6
159 160 5
160 184 11
160 161 11
161 185 7
161 162 8
162 186 10
162 163 8
163 187 5
163 164 6
164 188 5
165 190 12
165 166 5
166 167 7
167 191 12
167 168 11
168 169 10
169 192 9
170 193 8
171 194 7
171 172 10
173 195 5
174 175 8
175 197 9
175 176 11
176 177 10
177 198 10
177 178 9
178 199 5
179 203 11
179 180 10
180 181 9
181 204 9
182 205 10
182 183 5
183 184 11
184 206 5
184 185 8
185 186 9
186 207 10
186 187 8
187 188 6
188 189 9
189 208 6
189 190 7
190 209 9
191 211 7
192 212 6
193 214 10
195 216 6
195 196 12
196 217 11
197 218 10
198 220 6
198 199 8
199 221 8
199 200 8
201 222 6
201 202 5
202 223 5
202 203 8
203 224 8
204 226 5
205 227 10
206 228 12
208 231 12
208 209 9
209 210 7
210 232 9
210 211 7
211 233 8
212 213 9
213 214 5
214 215 5
215 235 5
216 238 10
216 217 9
217 239 10
218 240 7
218 219 9
219 241 8
219 220 7
220 242 12
220 221 5
221 243 8
222 245 11
222 223 9
223 246 8
223 224 5
224 247 7
224 225 5
225 226 8
227 248 6
228 250 12
229 253 6
229 230 10
230 254 8
230 231 5
231 255 8
232 256 8
232 233 8
233 257 9
233 234 5
234 258 7
235 261 12
235 236 12
236 237 7
237 262 12
238 264 12
238 239 7
240 266 5
240 241 5
241 267 11
241 242 7
242 268 11
242 243 6
243 269 5
243 244 7
244 270 6
245 246 10
246 271 7
246 247 7
248 249 9
249 250 11
250 274 11
250 251 6
251 275 7
251 252 9
252 276 6
252 253 6
253 254 7
254 255 6
255 277 5
256 257 8
257 279 9
257 258 12
258 280 9
259 282 5
259 260 11
260 261 8
261 283 9
262 285 9
262 263 11
263 286 10
263 264 8
264 287 6
265 289 12
265 266 10
266 267 7
267 290 7
267 268 5
268 269 5
269 291 6
269 270 12
270 292 8
272 294 7
272 273 9
273 295 9
274 275 11
275 276 9
276 297 8
277 300 10
277 278 9
278 301 7
279 302 8
279 280 12
280 303 11
280 281 9
281 282 11
282 304 6
283 284 7
284 305 8
284 285 5
285 306 11
285 286 11
286 307 11
286 287 6
287 308 6
287 288 10
288 309 8
288 289 8
290 311 7
291 312 5
291 292 11
292 313 8
293 294 9
294 316 8
294 295 11
296 318 9
297 321 10
297 298 9
298 322 10
298 299 5
299 323 10
299 300 7
300 324 10
300 301 8
302 303 12
303 325 5
304 327 11
305 306 10
306 307 9
307 308 7
308 328 12
308 309 6
310 329 6
310 311 11
312 313 7
314 315 10
315 331 11
316 333 12
317 335 10
318 337 12
318 319 5
319 320 8
320 338 5
320 321 11
321 322 7
322 339 8
322 323 11
323 340 9
323 324 9
324 341 10
325 326 6
326 344 10
326 327 12
327 345 11
328 351 6
329 354 8
330 356 7
331 359 12
331 332 9
332 360 9
332 333 9
333 361 11
333 334 8
334 362 7
334 335 9
335 363 11
335 336 7
336 364 11
336 337 7
337 365 5
338 366 8
339 368 7
339 340 5
340 369 7
340 341 5
342 371 5
342 343 11
343 372 9
344 374 11
344 345 5
345 346 10
346 375 11
346 347 10
347 348 8
348 376 7
348 349 9
349 377 9
349 350 9
350 378 7
350 351 11
351 379 11
351 352 10
352 380 11
352 353 9
353 354 6
354 381 12
354 355 6
355 356 12
356 382 12
356 357 7
357 383 8
358 385 12
358 359 9
359 386 12
359 360 5
360 387 8
360 361 7
361 388 7
361 362 12
362 389 6
362 363 9
363 390 7
363 364 5
364 365 7
365 391 5
366 393 11
366 367 7
367 394 7
367 368 10
368 395 9
368 369 11
369 396 7
370 371 12
371 372 8
372 398 9
372 373 6
373 399 10
373 374 8
375 401 7
376 377 9
377 378 5
378 403 7
378 379 10
379 404 10
379 380 12
380 405 12
382 383 10
383 384 9
385 386 12
386 407 11
386 387 8
387 388 8
388 408 7
388 389 9
389 390 7
390 409 6
391 410 12
391 392 11
392 393 11
393 394 5
394 411 10
394 395 7
395 412 8
395 396 5
396 413 5
396 397 8
397 414 11
398 416 6
398 399 6
399 417 5
400 401 8
401 419 5
401 402 10
402 420 12
403 423 8
403 404 6
404 424 11
404 405 8
405 425 11
406 428 8
408 431 10
409 432 10
410 433 10
411 412 5
412 413 8
413 435 9
413 414 10
414 436 12
415 416 12
416 438 5
416 417 7
417 439 9
417 418 5
419 440 11
419 420 10
420 441 7
420 421 10
421 422 9
422 423 11
423 442 7
423 424 6
424 443 8
424 425 9
425 444 5
425 426 6
426 445 6
426 427 11
427 428 6
429 447 9
430 448 9
432 451 8
433 434 10
434 453 5
435 456 11
435 436 9
436 437 5
438 439 10
440 457 5
440 441 11
441 458 10
442 459 12
442 443 12
443 460 7
443 444 5
444 461 7
444 445 6
446 464 9
446 447 6
447 465 8
448 449 11
449 467 10
450 451 7
451 469 9
451 452 9
452 470 5
453 471 11
454 455 10
455 473 10
455 456 6
457 458 9
458 479 11
459 481 9
459 460 12
460 482 8
460 461 12
462 484 10
462 463 11
463 485 11
463 464 11
464 486 9
464 465 10
465 487 12
465 466 11
466 488 11
467 490 5
468 492 10
469 493 12
469 470 7
470 494 12
471 496 5
471 472 8
472 497 12
474 501 11
474 475 12
475 476 12
476 477 11
477 502 12
477 478 10
478 503 12
479 504 9
479 480 7
481 505 6
481 482 7
483 484 9
484 485 7
485 506 9
485 486 8
486 507 6
486 487 8
487 508 11
487 488 10
488 509 8
489 510 11
489 490 5
490 511 6
490 491 6
491 512 12
491 492 7
492 513 8
493 494 9
494 515 10
494 495 12
495 496 12
496 516 10
496 497 9
497 517 12
497 498 6
499 500 12
500 520 12
500 501 11
501 521 11
502 523 10
502 503 5
503 524 7
504 526 12
505 528 6
506 530 10
506 507 8
507 508 9
508 531 12
508 509 8
509 532 10
510 533 12
510 511 8
511 512 9
512 534 11
512 513 11
513 535 5
513 514 6
514 536 7
515 538 12
516 517 11
518 540 8
518 519 10
519 541 9
520 543 7
520 521 11
521 544 10
522 546 5
522 523 10
523 547 7
523 524 10
524 525 12
525 548 10
525 526 7
526 549 11
527 551 6
527 528 8
528 529 5
529 552 5
530 556 10
531 532 9
532 558 8
533 559 8
534 535 5
535 561 11
535 536 11
536 562 12
536 537 11
537 538 6
539 565 6
539 540 7
540 541 11
541 542 5
542 543 7
543 544 5
544 566 5
544 545 12
545 567 12
545 546 9
546 568 5
546 547 5
548 549 7
549 569 8
549 550 9
550 570 12
550 551 8
551 571 7
552 573 12
552 553 8
553 574 9
553 554 12
554 555 10
555 575 6
555 556 9
556 576 10
556 557 5
557 577 10
558 578 10
559 560 10
560 579 6
561 581 11
561 562 12
562 582 12
563 585 9
563 564 5
564 586 8
564 565 11
565 587 11
566 591 9
566 567 5
567 592 5
567 568 12
569 595 9
569 570 10
570 571 6
571 572 11
572 596 12
572 573 8
573 597 7
573 574 10
574 598 6
575 576 10
576 600 11
576 577 6
577 601 8
579 580 6
580 603 6
580 581 5
581 604 7
581 582 11
582 605 5
582 583 7
584 606 12
584 585 9
585 607 8
585 586 11
586 587 8
587 588 6
588 608 6
588 589 5
589 609 5
590 611 7
590 591 12
591 592 8
592 612 10
593 594 7
594 613 8
595 614 10
596 597 6
597 616 5
597 598 9
598 599 11
599 617 8
600 619 11
600 601 5
601 620 12
602 622 9
603 623 12
603 604 9
604 624 10
604 605 10
605 625 6
606 607 5
608 627 6
608 609 12
609 610 12
610 628 8
610 611 9
611 629 10
613 633 12
615 636 11
616 638 10
617 618 9
618 619 6
619 640 9
619 620 10
620 641 6
620 621 9
621 642 7
622 643 6
623 624 6
624 625 10
625 645 5
626 647 11
627 648 10
628 649 10
628 629 9
629 630 5
631 650 9
631 632 5
632 651 5
632 633 12
633 634 6
634 652 6
635 654 12
635 636 11
636 637 9
637 655 7
637 638 5
638 639 11
639 656 12
640 658 7
640 641 5
641 642 12
642 659 10
643 660 12
643 644 11
645 663 11
646 666 7
646 647 12
649 668 8
650 651 8
651 671 11
652 673 9
652 653 8
653 654 7
655 674 8
656 676 7
657 678 6
657 658 9
659 680 6
660 682 5
661 683 9
661 662 12
662 663 9
663 684 9
664 686 5
664 665 10
665 687 11
665 666 9
666 688 9
667 691 11
667 668 10
668 692 10
668 669 12
669 670 10
671 693 9
671 672 9
672 694 6
672 673 12
673 695 5
674 698 8
674 675 10
675 676 7
676 699 12
676 677 5
677 700 11
677 678 6
679 680 11
680 702 11
680 681 6
682 703 8
683 705 12
684 706 12
684 685 9
685 686 11
686 687 5
687 707 8
687 688 5
689 709 11
689 690 9
690 691 6
691 692 8
692 710 8
693 714 11
693 694 10
694 715 12
694 695 9
695 696 9
696 716 11
696 697 10
698 718 6
699 720 8
699 700 7
700 721 10
701 723 11
702 725 10
703 704 7
704 705 8
708 709 12
710 711 7
712 713 12
713 714 11
714 715 11
717 718 12
718 719 11
719 720 5
720 721 11
721 722 5
722 723 10
723 724 7
724 725 8
10 0.05 0.05 0.05
