600
0 -1.0 -1.0 9.0 354.0 19.0
1 -1.0 -1.0 5.0 309.0 27.0
2 -1.0 -1.0 5.0 362.0 97.0
3 -1.0 -1.0 16.0 45.0 23.0
4 -1.0 -1.0 19.0 315.0 94.0
5 -1.0 -1.0 16.0 123.0 59.0
6 -1.0 -1.0 19.0 181.0 80.0
7 -1.0 -1.0 7.0 46.0 98.0
8 -1.0 -1.0 18.0 138.0 79.0
9 -1.0 -1.0 17.0 168.0 88.0
10 -1.0 -1.0 7.0 254.0 42.0
11 -1.0 -1.0 8.0 171.0 62.0
12 -1.0 -1.0 20.0 137.0 30.0
13 -1.0 -1.0 4.0 147.0 73.0
14 -1.0 -1.0 11.0 15.0 36.0
15 -1.0 -1.0 12.0 302.0 74.0
16 -1.0 -1.0 5.0 238.0 37.0
17 -1.0 -1.0 10.0 235.0 73.0
18 -1.0 -1.0 5.0 395.0 50.0
19 -1.0 -1.0 10.0 277.0 66.0
20 -1.0 -1.0 12.0 27.0 88.0
21 -1.0 -1.0 19.0 349.0 29.0
22 -1.0 -1.0 6.0 209.0 32.0
23 -1.0 -1.0 16.0 390.0 34.0
24 -1.0 -1.0 5.0 311.0 88.0
25 -1.0 -1.0 15.0 186.0 33.0
26 -1.0 -1.0 20.0 162.0 77.0
27 -1.0 -1.0 7.0 387.0 83.0
28 -1.0 -1.0 17.0 23.0 15.0
29 -1.0 -1.0 15.0 35.0 87.0
30 -1.0 -1.0 5.0 161.0 54.0
31 -1.0 -1.0 20.0 284.0 42.0
32 -1.0 -1.0 19.0 304.0 61.0
33 -1.0 -1.0 11.0 114.0 94.0
34 -1.0 -1.0 10.0 95.0 63.0
35 -1.0 -1.0 15.0 223.0 74.0
36 -1.0 -1.0 8.0 190.0 92.0
37 -1.0 -1.0 8.0 115.0 32.0
38 -1.0 -1.0 13.0 378.0 76.0
39 -1.0 -1.0 15.0 16.0 29.0
40 -1.0 -1.0 8.0 65.0 91.0
41 -1.0 -1.0 7.0 152.0 48.0
42 -1.0 -1.0 14.0 234.0 42.0
43 -1.0 -1.0 20.0 271.0 71.0
44 -1.0 -1.0 8.0 222.0 93.0
45 -1.0 -1.0 5.0 313.0 51.0
46 -1.0 -1.0 19.0 87.0 37.0
47 -1.0 -1.0 5.0 54.0 63.0
48 -1.0 -1.0 12.0 358.0 100.0
49 -1.0 -1.0 11.0 306.0 82.0
50 -1.0 -1.0 20.0 257.0 78.0
51 -1.0 -1.0 6.0 380.0 74.0
52 -1.0 -1.0 9.0 396.0 47.0
53 -1.0 -1.0 8.0 137.0 42.0
54 -1.0 -1.0 7.0 333.0 81.0
55 -1.0 -1.0 10.0 205.0 51.0
56 -1.0 -1.0 4.0 256.0 29.0
57 -1.0 -1.0 9.0 82.0 70.0
58 -1.0 -1.0 5.0 209.0 78.0
59 -1.0 -1.0 14.0 21.0 48.0
60 -1.0 -1.0 17.0 349.0 31.0
61 -1.0 -1.0 17.0 233.0 42.0
62 -1.0 -1.0 17.0 362.0 39.0
63 -1.0 -1.0 16.0 373.0 67.0
64 -1.0 -1.0 9.0 17.0 61.0
65 -1.0 -1.0 18.0 311.0 73.0
66 -1.0 -1.0 11.0 239.0 36.0
67 -1.0 -1.0 17.0 397.0 53.0
68 -1.0 -1.0 19.0 129.0 15.0
69 -1.0 -1.0 14.0 361.0 39.0
70 -1.0 -1.0 13.0 341.0 57.0
71 -1.0 -1.0 12.0 86.0 16.0
72 -1.0 -1.0 13.0 222.0 24.0
73 -1.0 -1.0 8.0 61.0 87.0
74 -1.0 -1.0 18.0 347.0 98.0
75 -1.0 -1.0 18.0 174.0 31.0
76 -1.0 -1.0 19.0 225.0 92.0
77 -1.0 -1.0 7.0 83.0 61.0
78 -1.0 -1.0 19.0 186.0 32.0
79 -1.0 -1.0 10.0 323.0 58.0
80 -1.0 -1.0 9.0 275.0 66.0
81 -1.0 -1.0 4.0 239.0 70.0
82 -1.0 -1.0 13.0 356.0 42.0
83 -1.0 -1.0 20.0 343.0 68.0
84 -1.0 -1.0 9.0 147.0 77.0
85 -1.0 -1.0 4.0 277.0 52.0
86 -1.0 -1.0 7.0 307.0 61.0
87 -1.0 -1.0 13.0 235.0 32.0
88 -1.0 -1.0 10.0 311.0 22.0
89 -1.0 -1.0 18.0 191.0 42.0
90 -1.0 -1.0 16.0 121.0 55.0
91 -1.0 -1.0 4.0 255.0 70.0
92 -1.0 -1.0 16.0 113.0 39.0
93 -1.0 -1.0 4.0 223.0 20.0
94 -1.0 -1.0 9.0 370.0 70.0
95 -1.0 -1.0 7.0 93.0 16.0
96 -1.0 -1.0 20.0 398.0 21.0
97 -1.0 -1.0 6.0 384.0 24.0
98 -1.0 -1.0 13.0 24.0 22.0
99 -1.0 -1.0 16.0 318.0 86.0
100 -1.0 -1.0 16.0 204.0 17.0
101 -1.0 -1.0 12.0 338.0 84.0
102 -1.0 -1.0 13.0 121.0 95.0
103 -1.0 -1.0 12.0 55.0 86.0
104 -1.0 -1.0 19.0 336.0 83.0
105 -1.0 -1.0 7.0 263.0 69.0
106 -1.0 -1.0 16.0 385.0 58.0
107 -1.0 -1.0 11.0 398.0 96.0
108 -1.0 -1.0 12.0 391.0 47.0
109 -1.0 -1.0 10.0 220.0 92.0
110 -1.0 -1.0 20.0 349.0 80.0
111 -1.0 -1.0 10.0 351.0 94.0
112 -1.0 -1.0 17.0 111.0 24.0
113 -1.0 -1.0 18.0 378.0 100.0
114 -1.0 -1.0 19.0 21.0 27.0
115 -1.0 -1.0 4.0 189.0 83.0
116 -1.0 -1.0 17.0 104.0 17.0
117 -1.0 -1.0 5.0 77.0 36.0
118 -1.0 -1.0 9.0 41.0 59.0
119 -1.0 -1.0 15.0 258.0 96.0
120 -1.0 -1.0 7.0 165.0 52.0
121 -1.0 -1.0 4.0 228.0 87.0
122 -1.0 -1.0 9.0 285.0 89.0
123 -1.0 -1.0 18.0 79.0 81.0
124 -1.0 -1.0 4.0 166.0 55.0
125 -1.0 -1.0 14.0 354.0 46.0
126 -1.0 -1.0 15.0 300.0 70.0
127 -1.0 -1.0 10.0 133.0 91.0
128 -1.0 -1.0 5.0 183.0 53.0
129 -1.0 -1.0 10.0 153.0 85.0
130 -1.0 -1.0 18.0 18.0 31.0
131 -1.0 -1.0 16.0 397.0 78.0
132 -1.0 -1.0 4.0 159.0 100.0
133 -1.0 -1.0 15.0 218.0 56.0
134 -1.0 -1.0 6.0 153.0 96.0
135 -1.0 -1.0 5.0 42.0 49.0
136 -1.0 -1.0 14.0 316.0 75.0
137 -1.0 -1.0 4.0 106.0 61.0
138 -1.0 -1.0 10.0 238.0 23.0
139 -1.0 -1.0 8.0 390.0 65.0
140 -1.0 -1.0 4.0 30.0 27.0
141 -1.0 -1.0 4.0 37.0 72.0
142 -1.0 -1.0 7.0 256.0 56.0
143 -1.0 -1.0 12.0 197.0 45.0
144 -1.0 -1.0 15.0 173.0 56.0
145 -1.0 -1.0 17.0 272.0 33.0
146 -1.0 -1.0 18.0 263.0 78.0
147 -1.0 -1.0 10.0 238.0 67.0
148 -1.0 -1.0 20.0 163.0 84.0
149 -1.0 -1.0 11.0 120.0 70.0
150 -1.0 -1.0 13.0 207.0 30.0
151 -1.0 -1.0 14.0 88.0 49.0
152 -1.0 -1.0 8.0 129.0 83.0
153 -1.0 -1.0 4.0 327.0 22.0
154 -1.0 -1.0 19.0 262.0 93.0
155 -1.0 -1.0 13.0 345.0 68.0
156 -1.0 -1.0 15.0 364.0 75.0
157 -1.0 -1.0 9.0 392.0 97.0
158 -1.0 -1.0 10.0 117.0 86.0
159 -1.0 -1.0 10.0 220.0 74.0
160 -1.0 -1.0 14.0 99.0 83.0
161 -1.0 -1.0 4.0 75.0 96.0
162 -1.0 -1.0 16.0 154.0 43.0
163 -1.0 -1.0 16.0 197.0 67.0
164 -1.0 -1.0 5.0 53.0 80.0
165 -1.0 -1.0 10.0 292.0 53.0
166 -1.0 -1.0 7.0 196.0 32.0
167 -1.0 -1.0 13.0 268.0 59.0
168 -1.0 -1.0 5.0 141.0 47.0
169 -1.0 -1.0 20.0 301.0 99.0
170 -1.0 -1.0 4.0 273.0 43.0
171 -1.0 -1.0 13.0 95.0 42.0
172 -1.0 -1.0 19.0 335.0 84.0
173 -1.0 -1.0 17.0 222.0 62.0
174 -1.0 -1.0 16.0 383.0 60.0
175 -1.0 -1.0 13.0 89.0 44.0
176 -1.0 -1.0 18.0 46.0 73.0
177 -1.0 -1.0 17.0 307.0 98.0
178 -1.0 -1.0 7.0 165.0 91.0
179 -1.0 -1.0 10.0 100.0 68.0
180 -1.0 -1.0 18.0 198.0 76.0
181 -1.0 -1.0 19.0 397.0 94.0
182 -1.0 -1.0 15.0 173.0 26.0
183 -1.0 -1.0 16.0 44.0 63.0
184 -1.0 -1.0 17.0 147.0 46.0
185 -1.0 -1.0 5.0 36.0 95.0
186 -1.0 -1.0 13.0 123.0 68.0
187 -1.0 -1.0 14.0 140.0 20.0
188 -1.0 -1.0 4.0 219.0 70.0
189 -1.0 -1.0 17.0 129.0 28.0
190 -1.0 -1.0 6.0 229.0 67.0
191 -1.0 -1.0 14.0 281.0 22.0
192 -1.0 -1.0 18.0 95.0 48.0
193 -1.0 -1.0 19.0 340.0 15.0
194 -1.0 -1.0 14.0 59.0 65.0
195 -1.0 -1.0 13.0 155.0 73.0
196 -1.0 -1.0 4.0 163.0 16.0
197 -1.0 -1.0 11.0 331.0 57.0
198 -1.0 -1.0 19.0 134.0 48.0
199 -1.0 -1.0 17.0 138.0 53.0
200 -1.0 -1.0 15.0 257.0 58.0
201 -1.0 -1.0 4.0 325.0 36.0
202 -1.0 -1.0 8.0 183.0 86.0
203 -1.0 -1.0 9.0 242.0 41.0
204 -1.0 -1.0 13.0 129.0 16.0
205 -1.0 -1.0 17.0 26.0 62.0
206 -1.0 -1.0 10.0 400.0 98.0
207 -1.0 -1.0 9.0 212.0 24.0
208 -1.0 -1.0 11.0 278.0 40.0
209 -1.0 -1.0 17.0 231.0 33.0
210 -1.0 -1.0 7.0 27.0 53.0
211 -1.0 -1.0 15.0 325.0 63.0
212 -1.0 -1.0 13.0 314.0 49.0
213 -1.0 -1.0 11.0 220.0 98.0
214 -1.0 -1.0 10.0 124.0 94.0
215 -1.0 -1.0 17.0 297.0 30.0
216 -1.0 -1.0 8.0 323.0 95.0
217 -1.0 -1.0 8.0 261.0 72.0
218 -1.0 -1.0 7.0 335.0 39.0
219 -1.0 -1.0 12.0 316.0 26.0
220 -1.0 -1.0 20.0 237.0 97.0
221 -1.0 -1.0 9.0 259.0 41.0
222 -1.0 -1.0 12.0 293.0 50.0
223 -1.0 -1.0 12.0 35.0 16.0
224 -1.0 -1.0 12.0 57.0 25.0
225 -1.0 -1.0 19.0 212.0 51.0
226 -1.0 -1.0 6.0 331.0 24.0
227 -1.0 -1.0 4.0 41.0 92.0
228 -1.0 -1.0 9.0 45.0 59.0
229 -1.0 -1.0 16.0 25.0 52.0
230 -1.0 -1.0 6.0 393.0 91.0
231 -1.0 -1.0 19.0 356.0 95.0
232 -1.0 -1.0 12.0 258.0 82.0
233 -1.0 -1.0 13.0 320.0 62.0
234 -1.0 -1.0 13.0 107.0 79.0
235 -1.0 -1.0 15.0 135.0 63.0
236 -1.0 -1.0 17.0 25.0 97.0
237 -1.0 -1.0 8.0 254.0 33.0
238 -1.0 -1.0 20.0 130.0 28.0
239 -1.0 -1.0 12.0 319.0 25.0
240 -1.0 -1.0 18.0 253.0 73.0
241 -1.0 -1.0 6.0 64.0 91.0
242 -1.0 -1.0 11.0 90.0 31.0
243 -1.0 -1.0 6.0 135.0 72.0
244 -1.0 -1.0 19.0 108.0 84.0
245 -1.0 -1.0 19.0 230.0 35.0
246 -1.0 -1.0 10.0 382.0 52.0
247 -1.0 -1.0 18.0 366.0 73.0
248 -1.0 -1.0 13.0 353.0 41.0
249 -1.0 -1.0 10.0 316.0 81.0
250 -1.0 -1.0 13.0 51.0 54.0
251 -1.0 -1.0 12.0 214.0 24.0
252 -1.0 -1.0 10.0 215.0 78.0
253 -1.0 -1.0 9.0 76.0 84.0
254 -1.0 -1.0 14.0 172.0 82.0
255 -1.0 -1.0 19.0 116.0 89.0
256 -1.0 -1.0 18.0 285.0 53.0
257 -1.0 -1.0 12.0 20.0 97.0
258 -1.0 -1.0 18.0 205.0 67.0
259 -1.0 -1.0 16.0 43.0 75.0
260 -1.0 -1.0 13.0 249.0 24.0
261 -1.0 -1.0 8.0 49.0 95.0
262 -1.0 -1.0 13.0 97.0 90.0
263 -1.0 -1.0 9.0 51.0 45.0
264 -1.0 -1.0 19.0 157.0 95.0
265 -1.0 -1.0 5.0 305.0 24.0
266 -1.0 -1.0 10.0 228.0 36.0
267 -1.0 -1.0 15.0 149.0 19.0
268 -1.0 -1.0 18.0 315.0 78.0
269 -1.0 -1.0 5.0 207.0 23.0
270 -1.0 -1.0 20.0 156.0 48.0
271 -1.0 -1.0 7.0 215.0 50.0
272 -1.0 -1.0 6.0 281.0 73.0
273 -1.0 -1.0 9.0 156.0 90.0
274 -1.0 -1.0 8.0 336.0 71.0
275 -1.0 -1.0 17.0 244.0 100.0
276 -1.0 -1.0 6.0 319.0 90.0
277 -1.0 -1.0 20.0 95.0 71.0
278 -1.0 -1.0 15.0 265.0 32.0
279 -1.0 -1.0 10.0 267.0 75.0
280 -1.0 -1.0 13.0 383.0 33.0
281 -1.0 -1.0 14.0 69.0 57.0
282 -1.0 -1.0 16.0 100.0 58.0
283 -1.0 -1.0 10.0 206.0 38.0
284 -1.0 -1.0 7.0 267.0 37.0
285 -1.0 -1.0 19.0 272.0 33.0
286 -1.0 -1.0 16.0 172.0 80.0
287 -1.0 -1.0 16.0 350.0 72.0
288 -1.0 -1.0 10.0 95.0 84.0
289 -1.0 -1.0 18.0 339.0 96.0
290 -1.0 -1.0 12.0 269.0 87.0
291 -1.0 -1.0 16.0 318.0 78.0
292 -1.0 -1.0 15.0 199.0 61.0
293 -1.0 -1.0 6.0 254.0 27.0
294 -1.0 -1.0 5.0 99.0 54.0
295 -1.0 -1.0 12.0 69.0 52.0
296 -1.0 -1.0 18.0 163.0 35.0
297 -1.0 -1.0 13.0 245.0 16.0
298 -1.0 -1.0 18.0 223.0 44.0
299 -1.0 -1.0 14.0 147.0 21.0
300 -1.0 -1.0 17.0 318.0 42.0
301 -1.0 -1.0 8.0 227.0 62.0
302 -1.0 -1.0 8.0 150.0 29.0
303 -1.0 -1.0 16.0 246.0 46.0
304 -1.0 -1.0 5.0 45.0 67.0
305 -1.0 -1.0 7.0 341.0 73.0
306 -1.0 -1.0 19.0 293.0 15.0
307 -1.0 -1.0 17.0 54.0 39.0
308 -1.0 -1.0 10.0 291.0 19.0
309 -1.0 -1.0 11.0 325.0 82.0
310 -1.0 -1.0 7.0 198.0 16.0
311 -1.0 -1.0 8.0 114.0 27.0
312 -1.0 -1.0 5.0 110.0 43.0
313 -1.0 -1.0 5.0 398.0 62.0
314 -1.0 -1.0 10.0 355.0 67.0
315 -1.0 -1.0 13.0 23.0 25.0
316 -1.0 -1.0 8.0 66.0 68.0
317 -1.0 -1.0 20.0 16.0 29.0
318 -1.0 -1.0 15.0 168.0 89.0
319 -1.0 -1.0 14.0 37.0 58.0
320 -1.0 -1.0 4.0 281.0 24.0
321 -1.0 -1.0 6.0 259.0 62.0
322 -1.0 -1.0 15.0 189.0 80.0
323 -1.0 -1.0 4.0 359.0 36.0
324 -1.0 -1.0 6.0 233.0 18.0
325 -1.0 -1.0 8.0 117.0 94.0
326 -1.0 -1.0 7.0 82.0 86.0
327 -1.0 -1.0 12.0 200.0 71.0
328 -1.0 -1.0 14.0 209.0 99.0
329 -1.0 -1.0 4.0 159.0 38.0
330 -1.0 -1.0 13.0 388.0 92.0
331 -1.0 -1.0 16.0 236.0 95.0
332 -1.0 -1.0 20.0 180.0 16.0
333 -1.0 -1.0 19.0 144.0 43.0
334 -1.0 -1.0 13.0 182.0 59.0
335 -1.0 -1.0 11.0 159.0 40.0
336 -1.0 -1.0 19.0 72.0 68.0
337 -1.0 -1.0 17.0 58.0 37.0
338 -1.0 -1.0 9.0 24.0 17.0
339 -1.0 -1.0 13.0 306.0 63.0
340 -1.0 -1.0 8.0 365.0 23.0
341 -1.0 -1.0 4.0 381.0 83.0
342 -1.0 -1.0 7.0 313.0 90.0
343 -1.0 -1.0 10.0 388.0 95.0
344 -1.0 -1.0 19.0 145.0 56.0
345 -1.0 -1.0 19.0 88.0 74.0
346 -1.0 -1.0 14.0 210.0 88.0
347 -1.0 -1.0 9.0 278.0 90.0
348 -1.0 -1.0 12.0 48.0 87.0
349 -1.0 -1.0 13.0 370.0 87.0
350 -1.0 -1.0 20.0 41.0 15.0
351 -1.0 -1.0 9.0 297.0 55.0
352 -1.0 -1.0 7.0 231.0 97.0
353 -1.0 -1.0 20.0 60.0 16.0
354 -1.0 -1.0 16.0 44.0 91.0
355 -1.0 -1.0 10.0 252.0 42.0
356 -1.0 -1.0 17.0 224.0 94.0
357 -1.0 -1.0 17.0 327.0 66.0
358 -1.0 -1.0 15.0 387.0 38.0
359 -1.0 -1.0 6.0 389.0 70.0
360 -1.0 -1.0 17.0 38.0 62.0
361 -1.0 -1.0 12.0 244.0 99.0
362 -1.0 -1.0 4.0 372.0 28.0
363 -1.0 -1.0 18.0 228.0 47.0
364 -1.0 -1.0 9.0 256.0 69.0
365 -1.0 -1.0 18.0 161.0 98.0
366 -1.0 -1.0 5.0 121.0 57.0
367 -1.0 -1.0 11.0 51.0 81.0
368 -1.0 -1.0 12.0 206.0 93.0
369 -1.0 -1.0 5.0 222.0 96.0
370 -1.0 -1.0 9.0 399.0 82.0
371 -1.0 -1.0 16.0 273.0 52.0
372 -1.0 -1.0 9.0 219.0 27.0
373 -1.0 -1.0 19.0 371.0 50.0
374 -1.0 -1.0 11.0 58.0 85.0
375 -1.0 -1.0 18.0 85.0 17.0
376 -1.0 -1.0 14.0 69.0 35.0
377 -1.0 -1.0 17.0 375.0 22.0
378 -1.0 -1.0 5.0 265.0 61.0
379 -1.0 -1.0 5.0 391.0 51.0
380 -1.0 -1.0 11.0 324.0 40.0
381 -1.0 -1.0 5.0 215.0 40.0
382 -1.0 -1.0 16.0 375.0 67.0
383 -1.0 -1.0 9.0 113.0 40.0
384 -1.0 -1.0 4.0 361.0 93.0
385 -1.0 -1.0 5.0 132.0 48.0
386 -1.0 -1.0 20.0 305.0 45.0
387 -1.0 -1.0 8.0 277.0 92.0
388 -1.0 -1.0 13.0 214.0 70.0
389 -1.0 -1.0 20.0 100.0 22.0
390 -1.0 -1.0 5.0 199.0 16.0
391 -1.0 -1.0 17.0 61.0 46.0
392 -1.0 -1.0 12.0 26.0 90.0
393 -1.0 -1.0 14.0 91.0 54.0
394 -1.0 -1.0 18.0 386.0 47.0
395 -1.0 -1.0 16.0 88.0 82.0
396 -1.0 -1.0 8.0 329.0 69.0
397 -1.0 -1.0 11.0 17.0 61.0
398 -1.0 -1.0 11.0 227.0 82.0
399 -1.0 -1.0 11.0 154.0 91.0
400 -1.0 -1.0 5.0 388.0 93.0
401 -1.0 -1.0 17.0 301.0 89.0
402 -1.0 -1.0 9.0 162.0 78.0
403 -1.0 -1.0 13.0 29.0 92.0
404 -1.0 -1.0 19.0 32.0 15.0
405 -1.0 -1.0 20.0 186.0 82.0
406 -1.0 -1.0 11.0 228.0 81.0
407 -1.0 -1.0 14.0 60.0 53.0
408 -1.0 -1.0 10.0 283.0 62.0
409 -1.0 -1.0 13.0 254.0 19.0
410 -1.0 -1.0 16.0 394.0 46.0
411 -1.0 -1.0 19.0 77.0 87.0
412 -1.0 -1.0 9.0 234.0 95.0
413 -1.0 -1.0 5.0 360.0 21.0
414 -1.0 -1.0 6.0 220.0 46.0
415 -1.0 -1.0 18.0 79.0 96.0
416 -1.0 -1.0 17.0 193.0 66.0
417 -1.0 -1.0 12.0 393.0 43.0
418 -1.0 -1.0 6.0 40.0 46.0
419 -1.0 -1.0 17.0 50.0 41.0
420 -1.0 -1.0 14.0 339.0 94.0
421 -1.0 -1.0 18.0 212.0 85.0
422 -1.0 -1.0 5.0 311.0 41.0
423 -1.0 -1.0 8.0 172.0 43.0
424 -1.0 -1.0 9.0 380.0 45.0
425 -1.0 -1.0 9.0 265.0 41.0
426 -1.0 -1.0 7.0 200.0 18.0
427 -1.0 -1.0 13.0 210.0 15.0
428 -1.0 -1.0 11.0 116.0 29.0
429 -1.0 -1.0 6.0 190.0 52.0
430 -1.0 -1.0 4.0 242.0 62.0
431 -1.0 -1.0 6.0 321.0 49.0
432 -1.0 -1.0 4.0 316.0 81.0
433 -1.0 -1.0 18.0 173.0 86.0
434 -1.0 -1.0 14.0 195.0 81.0
435 -1.0 -1.0 13.0 305.0 51.0
436 -1.0 -1.0 13.0 339.0 45.0
437 -1.0 -1.0 13.0 186.0 27.0
438 -1.0 -1.0 12.0 212.0 64.0
439 -1.0 -1.0 4.0 259.0 66.0
440 -1.0 -1.0 12.0 322.0 21.0
441 -1.0 -1.0 10.0 302.0 31.0
442 -1.0 -1.0 7.0 76.0 16.0
443 -1.0 -1.0 19.0 333.0 22.0
444 -1.0 -1.0 16.0 369.0 88.0
445 -1.0 -1.0 10.0 129.0 87.0
446 -1.0 -1.0 17.0 258.0 65.0
447 -1.0 -1.0 20.0 220.0 22.0
448 -1.0 -1.0 10.0 268.0 17.0
449 -1.0 -1.0 13.0 166.0 30.0
450 -1.0 -1.0 18.0 374.0 75.0
451 -1.0 -1.0 6.0 43.0 43.0
452 -1.0 -1.0 4.0 253.0 95.0
453 -1.0 -1.0 18.0 15.0 97.0
454 -1.0 -1.0 17.0 151.0 49.0
455 -1.0 -1.0 7.0 149.0 49.0
456 -1.0 -1.0 8.0 182.0 31.0
457 -1.0 -1.0 5.0 131.0 48.0
458 -1.0 -1.0 9.0 43.0 19.0
459 -1.0 -1.0 9.0 346.0 67.0
460 -1.0 -1.0 19.0 339.0 30.0
461 -1.0 -1.0 19.0 121.0 92.0
462 -1.0 -1.0 9.0 351.0 33.0
463 -1.0 -1.0 15.0 344.0 55.0
464 -1.0 -1.0 19.0 213.0 22.0
465 -1.0 -1.0 18.0 388.0 72.0
466 -1.0 -1.0 14.0 252.0 79.0
467 -1.0 -1.0 13.0 72.0 85.0
468 -1.0 -1.0 11.0 218.0 31.0
469 -1.0 -1.0 16.0 170.0 30.0
470 -1.0 -1.0 12.0 48.0 100.0
471 -1.0 -1.0 10.0 119.0 75.0
472 -1.0 -1.0 6.0 199.0 89.0
473 -1.0 -1.0 16.0 153.0 74.0
474 -1.0 -1.0 7.0 229.0 37.0
475 -1.0 -1.0 4.0 63.0 44.0
476 -1.0 -1.0 14.0 258.0 100.0
477 -1.0 -1.0 8.0 267.0 56.0
478 -1.0 -1.0 5.0 33.0 38.0
479 -1.0 -1.0 18.0 333.0 88.0
480 -1.0 -1.0 20.0 62.0 45.0
481 -1.0 -1.0 6.0 267.0 58.0
482 -1.0 -1.0 10.0 223.0 37.0
483 -1.0 -1.0 4.0 17.0 89.0
484 -1.0 -1.0 4.0 228.0 92.0
485 -1.0 -1.0 12.0 72.0 28.0
486 -1.0 -1.0 17.0 73.0 99.0
487 -1.0 -1.0 7.0 331.0 78.0
488 -1.0 -1.0 20.0 144.0 20.0
489 -1.0 -1.0 15.0 330.0 89.0
490 -1.0 -1.0 12.0 312.0 93.0
491 -1.0 -1.0 13.0 123.0 78.0
492 -1.0 -1.0 5.0 238.0 33.0
493 -1.0 -1.0 9.0 292.0 42.0
494 -1.0 -1.0 10.0 307.0 66.0
495 -1.0 -1.0 19.0 334.0 78.0
496 -1.0 -1.0 4.0 274.0 70.0
497 -1.0 -1.0 20.0 392.0 36.0
498 -1.0 -1.0 5.0 98.0 46.0
499 -1.0 -1.0 17.0 49.0 79.0
500 -1.0 -1.0 12.0 367.0 30.0
501 -1.0 -1.0 16.0 115.0 90.0
502 -1.0 -1.0 6.0 184.0 57.0
503 -1.0 -1.0 4.0 178.0 98.0
504 -1.0 -1.0 15.0 387.0 22.0
505 -1.0 -1.0 12.0 326.0 73.0
506 -1.0 -1.0 10.0 140.0 25.0
507 -1.0 -1.0 6.0 306.0 71.0
508 -1.0 -1.0 11.0 82.0 85.0
509 -1.0 -1.0 17.0 400.0 66.0
510 -1.0 -1.0 10.0 100.0 90.0
511 -1.0 -1.0 14.0 338.0 54.0
512 -1.0 -1.0 14.0 70.0 37.0
513 -1.0 -1.0 19.0 288.0 67.0
514 -1.0 -1.0 6.0 171.0 74.0
515 -1.0 -1.0 12.0 316.0 78.0
516 -1.0 -1.0 7.0 370.0 49.0
517 -1.0 -1.0 20.0 316.0 71.0
518 -1.0 -1.0 17.0 321.0 53.0
519 -1.0 -1.0 12.0 207.0 59.0
520 -1.0 -1.0 17.0 309.0 18.0
521 -1.0 -1.0 18.0 306.0 15.0
522 -1.0 -1.0 6.0 33.0 32.0
523 -1.0 -1.0 8.0 294.0 76.0
524 -1.0 -1.0 12.0 61.0 34.0
525 -1.0 -1.0 11.0 389.0 100.0
526 -1.0 -1.0 5.0 366.0 15.0
527 -1.0 -1.0 9.0 273.0 81.0
528 -1.0 -1.0 20.0 233.0 46.0
529 -1.0 -1.0 10.0 61.0 38.0
530 -1.0 -1.0 7.0 50.0 34.0
531 -1.0 -1.0 5.0 174.0 69.0
532 -1.0 -1.0 15.0 262.0 28.0
533 -1.0 -1.0 6.0 370.0 59.0
534 -1.0 -1.0 7.0 273.0 22.0
535 -1.0 -1.0 12.0 83.0 65.0
536 -1.0 -1.0 6.0 349.0 59.0
537 -1.0 -1.0 4.0 187.0 85.0
538 -1.0 -1.0 18.0 236.0 76.0
539 -1.0 -1.0 9.0 83.0 88.0
540 -1.0 -1.0 13.0 125.0 39.0
541 -1.0 -1.0 17.0 237.0 23.0
542 -1.0 -1.0 19.0 323.0 92.0
543 -1.0 -1.0 10.0 82.0 72.0
544 -1.0 -1.0 14.0 349.0 22.0
545 -1.0 -1.0 10.0 90.0 24.0
546 -1.0 -1.0 5.0 262.0 29.0
547 -1.0 -1.0 11.0 277.0 75.0
548 -1.0 -1.0 18.0 64.0 86.0
549 -1.0 -1.0 9.0 392.0 76.0
550 -1.0 -1.0 7.0 211.0 35.0
551 -1.0 -1.0 9.0 226.0 19.0
552 -1.0 -1.0 16.0 181.0 18.0
553 -1.0 -1.0 4.0 107.0 30.0
554 -1.0 -1.0 5.0 260.0 35.0
555 -1.0 -1.0 7.0 341.0 47.0
556 -1.0 -1.0 20.0 294.0 80.0
557 -1.0 -1.0 9.0 96.0 77.0
558 -1.0 -1.0 5.0 124.0 32.0
559 -1.0 -1.0 12.0 98.0 43.0
560 -1.0 -1.0 19.0 240.0 44.0
561 -1.0 -1.0 13.0 258.0 58.0
562 -1.0 -1.0 15.0 197.0 77.0
563 -1.0 -1.0 18.0 189.0 38.0
564 -1.0 -1.0 4.0 164.0 21.0
565 -1.0 -1.0 15.0 56.0 98.0
566 -1.0 -1.0 5.0 153.0 53.0
567 -1.0 -1.0 12.0 150.0 17.0
568 -1.0 -1.0 17.0 95.0 99.0
569 -1.0 -1.0 8.0 25.0 91.0
570 -1.0 -1.0 17.0 71.0 49.0
571 -1.0 -1.0 12.0 108.0 69.0
572 -1.0 -1.0 11.0 66.0 61.0
573 -1.0 -1.0 4.0 47.0 68.0
574 -1.0 -1.0 15.0 277.0 18.0
575 -1.0 -1.0 11.0 113.0 57.0
576 -1.0 -1.0 14.0 61.0 88.0
577 -1.0 -1.0 7.0 227.0 50.0
578 -1.0 -1.0 20.0 18.0 65.0
579 -1.0 -1.0 11.0 186.0 30.0
580 -1.0 -1.0 5.0 281.0 24.0
581 -1.0 -1.0 16.0 286.0 39.0
582 -1.0 -1.0 7.0 233.0 67.0
583 -1.0 -1.0 19.0 361.0 34.0
584 -1.0 -1.0 15.0 210.0 94.0
585 -1.0 -1.0 17.0 143.0 26.0
586 -1.0 -1.0 5.0 211.0 60.0
587 -1.0 -1.0 6.0 314.0 72.0
588 -1.0 -1.0 9.0 397.0 19.0
589 -1.0 -1.0 14.0 368.0 76.0
590 -1.0 -1.0 8.0 317.0 78.0
591 -1.0 -1.0 6.0 221.0 48.0
592 -1.0 -1.0 15.0 206.0 58.0
593 -1.0 -1.0 14.0 298.0 30.0
594 -1.0 -1.0 20.0 97.0 40.0
595 -1.0 -1.0 17.0 140.0 43.0
596 -1.0 -1.0 17.0 340.0 69.0
597 -1.0 -1.0 7.0 96.0 28.0
598 -1.0 -1.0 13.0 385.0 79.0
599 -1.0 -1.0 5.0 58.0 83.0
760
0 20 10
1 22 7
2 24 7
2 3 5
3 4 8
5 25 11
6 27 5
6 7 7
7 28 10
7 8 12
8 29 5
9 10 9
10 31 8
10 11 9
11 32 9
11 12 8
12 13 5
13 33 12
14 15 8
15 16 6
16 17 5
17 35 7
18 37 6
18 19 5
19 38 7
20 39 9
20 21 9
21 40 6
21 22 10
22 23 12
23 41 10
23 24 7
25 44 10
26 46 8
26 27 8
27 28 11
28 29 9
30 48 11
31 50 11
31 32 9
32 51 7
33 34 10
35 53 11
35 36 11
36 37 11
37 38 6
38 54 12
39 55 11
39 40 10
41 56 9
42 43 10
43 59 10
43 44 11
44 60 8
44 45 9
45 61 11
45 46 7
47 48 5
48 65 8
48 49 11
49 50 9
50 51 5
52 69 12
53 71 9
54 73 7
55 74 12
56 57 11
57 58 8
58 76 6
59 78 6
59 60 12
60 79 7
60 61 5
61 80 10
62 81 8
62 63 6
63 82 10
63 64 5
64 83 11
65 84 12
66 88 7
66 67 11
68 90 11
68 69 8
69 91 10
69 70 8
71 93 7
71 72 7
73 95 6
75 96 7
76 99 6
76 77 6
77 100 7
77 78 10
78 101 11
78 79 8
79 102 8
79 80 6
80 103 6
81 82 9
82 105 10
82 83 7
83 106 6
84 107 7
84 85 6
85 86 7
86 108 8
86 87 10
87 109 12
87 88 10
89 111 11
89 90 12
90 112 7
90 91 7
91 113 11
92 115 12
92 93 11
93 116 7
94 117 8
94 95 5
95 118 9
96 97 12
97 98 12
98 99 10
99 120 5
99 100 7
100 101 9
101 121 6
101 102 6
102 122 11
102 103 5
103 123 12
103 104 8
105 106 6
106 125 6
107 127 7
108 109 11
109 129 7
110 131 8
110 111 6
111 132 12
111 112 6
112 133 5
112 113 6
113 134 10
113 114 9
114 115 9
115 116 11
116 135 6
117 118 8
118 136 5
119 138 6
120 142 9
121 143 6
121 122 6
122 144 7
122 123 7
124 146 6
125 148 12
125 126 11
126 149 12
126 127 5
127 150 12
127 128 10
128 151 7
129 153 7
129 130 6
130 154 10
130 131 6
131 155 10
131 132 7
132 156 6
132 133 9
133 157 6
133 134 12
134 158 8
135 161 7
136 163 10
137 164 5
137 138 12
138 165 11
138 139 12
139 166 12
139 140 5
140 167 9
140 141 11
141 168 8
141 142 12
142 169 8
143 170 12
143 144 12
144 171 7
145 173 10
145 146 12
146 174 11
146 147 11
147 148 11
148 175 8
148 149 6
149 176 12
149 150 7
150 177 12
150 151 5
151 152 9
152 153 8
153 178 9
153 154 10
154 155 7
155 179 12
155 156 6
156 180 9
156 157 6
157 158 7
158 181 7
158 159 7
159 182 8
159 160 10
160 161 6
161 183 6
162 163 12
163 184 11
164 165 10
165 166 8
166 185 9
166 167 9
167 186 10
167 168 11
168 187 12
168 169 6
170 189 8
170 171 8
171 190 5
171 172 10
172 191 10
172 173 5
173 174 8
174 192 6
175 176 12
176 177 8
178 195 7
179 197 8
179 180 11
180 198 8
181 199 9
181 182 8
183 201 5
184 204 10
185 206 10
185 186 12
186 187 7
188 208 8
188 189 11
189 209 12
189 190 12
190 191 12
192 211 5
192 193 12
193 212 9
194 195 7
195 216 7
195 196 10
196 197 11
197 217 12
197 198 10
198 218 10
200 221 11
200 201 11
201 222 8
201 202 10
202 223 7
202 203 9
203 204 7
205 224 8
206 226 5
207 228 11
207 208 8
208 229 6
208 209 5
210 232 12
210 211 11
211 212 10
212 233 7
213 234 9
213 214 10
214 235 10
214 215 12
215 236 11
216 238 10
217 239 10
217 218 8
218 219 9
220 241 11
220 221 9
221 242 8
221 222 11
222 223 7
223 243 9
224 246 11
224 225 12
225 247 5
225 226 12
226 248 8
227 228 5
228 250 10
228 229 7
230 252 10
230 231 9
231 253 5
231 232 8
232 254 7
233 256 12
234 258 8
234 235 6
235 236 9
236 259 7
236 237 9
237 260 7
237 238 9
238 261 10
239 263 8
240 266 7
240 241 6
241 242 6
242 267 7
243 244 6
244 269 7
244 245 7
245 270 5
246 271 9
246 247 8
247 272 8
247 248 10
248 273 5
248 249 7
249 274 6
250 275 9
251 252 6
252 277 5
252 253 12
253 254 7
254 278 12
254 255 10
255 279 5
255 256 12
256 280 6
256 257 9
257 281 8
257 258 6
259 283 12
259 260 6
260 261 8
261 284 12
261 262 11
262 285 7
262 263 10
263 264 10
264 286 11
264 265 9
265 287 5
265 266 11
267 289 10
267 268 5
269 270 7
271 291 7
271 272 9
272 273 6
273 292 10
273 274 5
275 293 8
275 276 8
276 294 5
277 295 9
278 296 12
278 279 11
279 280 10
280 281 11
281 297 11
282 299 11
282 283 6
283 300 7
284 285 7
285 301 7
286 287 9
287 303 8
288 289 6
290 305 6
291 308 11
293 310 5
293 294 11
295 312 11
297 314 7
297 298 8
298 299 6
299 315 11
299 300 11
300 316 5
301 302 12
302 318 8
303 304 12
305 322 5
305 306 5
306 323 10
306 307 6
308 309 5
310 327 11
311 312 8
312 329 10
312 313 7
314 330 8
315 332 6
315 316 7
317 333 9
318 335 7
318 319 10
320 337 6
320 321 6
321 338 5
322 323 12
323 340 7
324 325 12
325 326 11
326 344 8
326 327 7
327 328 8
330 331 10
331 350 8
331 332 9
332 351 5
333 334 6
334 354 7
334 335 12
336 356 9
337 357 9
337 338 11
338 339 7
339 358 5
340 359 5
340 341 6
341 360 7
342 343 11
343 361 11
345 366 9
346 367 7
346 347 8
347 368 8
347 348 12
348 369 9
348 349 7
350 371 5
350 351 7
351 372 5
351 352 5
352 373 9
352 353 6
354 374 9
355 376 7
355 356 9
358 378 8
359 360 5
360 380 8
361 381 7
361 362 9
362 382 12
362 363 5
364 383 7
364 365 6
365 384 11
365 366 11
366 385 5
367 387 5
367 368 7
368 388 5
368 369 8
369 389 9
370 391 6
370 371 9
371 392 8
371 372 6
372 373 5
373 393 6
374 396 9
374 375 5
375 397 6
375 376 12
377 399 9
378 401 10
378 379 9
380 402 7
381 403 9
381 382 7
382 404 11
383 384 8
384 385 8
385 406 8
385 386 6
386 387 5
387 407 5
387 388 9
388 389 7
389 390 11
390 391 10
391 408 9
391 392 8
392 409 12
393 394 8
394 395 11
395 396 7
396 410 7
396 397 9
397 411 7
398 413 6
398 399 6
400 401 9
401 414 10
402 417 5
403 419 10
403 404 6
404 420 11
404 405 12
405 421 7
407 423 10
408 425 8
408 409 10
409 426 12
410 430 8
410 411 12
411 412 9
412 413 7
413 431 7
414 434 12
414 415 8
415 435 5
415 416 12
416 417 10
418 436 11
418 419 6
419 437 8
419 420 8
420 438 7
420 421 6
421 439 8
422 442 11
424 445 11
424 425 11
425 446 5
425 426 6
426 447 11
426 427 8
427 448 7
428 449 12
428 429 5
429 450 8
429 430 11
430 451 10
431 452 5
431 432 6
432 453 6
432 433 5
433 454 10
434 435 8
435 456 8
436 459 11
436 437 9
437 460 11
437 438 12
438 439 7
439 440 7
440 461 9
440 441 8
441 462 9
441 442 9
442 463 9
442 443 9
444 445 7
445 467 9
445 446 9
446 468 8
446 447 7
447 469 11
447 448 9
448 470 7
449 450 5
450 472 12
450 451 11
451 473 10
452 453 12
453 476 10
453 454 7
454 455 12
455 477 8
456 479 9
456 457 6
457 458 8
459 480 9
459 460 5
461 483 9
461 462 9
462 484 6
462 463 8
464 465 7
465 466 12
466 486 6
467 468 7
468 469 6
469 470 12
470 488 12
470 471 5
472 490 5
472 473 7
473 474 7
474 491 8
474 475 7
475 492 8
476 494 9
477 495 9
477 478 5
478 496 9
478 479 12
479 497 9
480 500 5
481 502 12
481 482 12
482 503 12
482 483 10
483 484 5
484 504 10
485 506 6
486 509 8
486 487 7
487 510 5
489 515 7
489 490 6
490 516 10
491 492 11
492 517 8
492 493 7
493 518 10
493 494 7
494 519 7
495 521 9
495 496 6
496 522 9
496 497 11
497 498 10
498 499 9
500 501 8
501 523 5
501 502 12
502 524 10
502 503 9
504 526 11
504 505 8
505 527 5
505 506 5
506 507 5
507 508 5
508 509 9
509 510 8
510 511 7
511 528 7
511 512 5
512 529 5
512 513 6
513 530 7
514 532 11
514 515 8
515 516 7
517 534 11
517 518 12
518 535 10
518 519 9
519 536 6
519 520 8
520 521 9
521 537 7
521 522 5
522 538 7
523 542 6
523 524 10
524 543 11
525 526 5
526 545 10
526 527 9
527 546 10
528 529 11
529 551 6
529 530 9
530 531 8
531 532 6
533 554 5
534 556 8
534 535 10
535 557 7
535 536 11
537 559 11
537 538 6
538 560 10
538 539 7
539 561 12
540 563 9
541 564 10
541 542 11
542 565 11
542 543 7
543 566 5
543 544 9
545 568 8
545 546 7
546 547 9
547 569 10
547 548 12
548 570 12
549 550 10
550 571 5
551 573 6
552 553 5
553 575 8
553 554 7
554 555 6
555 576 5
555 556 10
556 557 11
558 578 7
558 559 8
559 560 12
560 561 5
561 579 10
561 562 11
562 580 10
562 563 9
564 565 5
565 566 6
566 581 8
567 568 5
568 583 10
569 570 8
571 587 9
571 572 9
572 573 8
573 588 11
573 574 10
575 591 12
576 593 12
577 578 8
579 598 9
579 580 11
580 599 10
581 582 6
583 584 9
585 586 8
586 587 9
589 590 11
590 591 5
591 592 10
592 593 8
593 594 9
594 595 7
596 597 6
597 598 8
598 599 9
10 0.05 0.05 0.05
