600
0 -1.0 -1.0 8.0 58.0 75.0
1 -1.0 -1.0 15.0 333.0 35.0
2 -1.0 -1.0 8.0 293.0 21.0
3 -1.0 -1.0 5.0 360.0 62.0
4 -1.0 -1.0 9.0 167.0 92.0
5 -1.0 -1.0 14.0 21.0 87.0
6 -1.0 -1.0 11.0 249.0 25.0
7 -1.0 -1.0 6.0 399.0 72.0
8 -1.0 -1.0 13.0 184.0 72.0
9 -1.0 -1.0 16.0 285.0 70.0
10 -1.0 -1.0 8.0 30.0 90.0
11 -1.0 -1.0 12.0 86.0 15.0
12 -1.0 -1.0 17.0 362.0 75.0
13 -1.0 -1.0 17.0 96.0 66.0
14 -1.0 -1.0 4.0 345.0 53.0
15 -1.0 -1.0 4.0 49.0 80.0
16 -1.0 -1.0 6.0 52.0 38.0
17 -1.0 -1.0 6.0 307.0 55.0
18 -1.0 -1.0 17.0 294.0 87.0
19 -1.0 -1.0 13.0 235.0 15.0
20 -1.0 -1.0 15.0 281.0 74.0
21 -1.0 -1.0 8.0 221.0 67.0
22 -1.0 -1.0 19.0 191.0 21.0
23 -1.0 -1.0 15.0 64.0 16.0
24 -1.0 -1.0 9.0 213.0 35.0
25 -1.0 -1.0 12.0 255.0 78.0
26 -1.0 -1.0 17.0 343.0 78.0
27 -1.0 -1.0 5.0 152.0 32.0
28 -1.0 -1.0 6.0 333.0 55.0
29 -1.0 -1.0 8.0 227.0 83.0
30 -1.0 -1.0 15.0 89.0 26.0
31 -1.0 -1.0 12.0 27.0 42.0
32 -1.0 -1.0 16.0 233.0 69.0
33 -1.0 -1.0 19.0 31.0 85.0
34 -1.0 -1.0 12.0 225.0 29.0
35 -1.0 -1.0 19.0 288.0 99.0
36 -1.0 -1.0 20.0 19.0 80.0
37 -1.0 -1.0 9.0 226.0 51.0
38 -1.0 -1.0 14.0 252.0 18.0
39 -1.0 -1.0 8.0 114.0 83.0
40 -1.0 -1.0 13.0 339.0 19.0
41 -1.0 -1.0 11.0 217.0 86.0
42 -1.0 -1.0 18.0 293.0 21.0
43 -1.0 -1.0 18.0 104.0 41.0
44 -1.0 -1.0 20.0 63.0 23.0
45 -1.0 -1.0 17.0 240.0 26.0
46 -1.0 -1.0 17.0 356.0 16.0
47 -1.0 -1.0 11.0 231.0 94.0
48 -1.0 -1.0 10.0 66.0 64.0
49 -1.0 -1.0 9.0 102.0 99.0
50 -1.0 -1.0 9.0 351.0 94.0
51 -1.0 -1.0 17.0 333.0 40.0
52 -1.0 -1.0 5.0 67.0 57.0
53 -1.0 -1.0 11.0 81.0 42.0
54 -1.0 -1.0 9.0 120.0 50.0
55 -1.0 -1.0 19.0 205.0 23.0
56 -1.0 -1.0 20.0 373.0 25.0
57 -1.0 -1.0 12.0 74.0 99.0
58 -1.0 -1.0 8.0 326.0 81.0
59 -1.0 -1.0 5.0 73.0 72.0
60 -1.0 -1.0 8.0 291.0 85.0
61 -1.0 -1.0 11.0 318.0 78.0
62 -1.0 -1.0 4.0 374.0 52.0
63 -1.0 -1.0 11.0 275.0 69.0
64 -1.0 -1.0 20.0 227.0 78.0
65 -1.0 -1.0 16.0 296.0 51.0
66 -1.0 -1.0 11.0 119.0 82.0
67 -1.0 -1.0 20.0 165.0 72.0
68 -1.0 -1.0 11.0 306.0 51.0
69 -1.0 -1.0 17.0 101.0 56.0
70 -1.0 -1.0 4.0 286.0 85.0
71 -1.0 -1.0 16.0 288.0 85.0
72 -1.0 -1.0 16.0 23.0 44.0
73 -1.0 -1.0 11.0 23.0 65.0
74 -1.0 -1.0 20.0 181.0 44.0
75 -1.0 -1.0 7.0 318.0 73.0
76 -1.0 -1.0 17.0 224.0 28.0
77 -1.0 -1.0 7.0 221.0 64.0
78 -1.0 -1.0 17.0 281.0 67.0
79 -1.0 -1.0 13.0 198.0 21.0
80 -1.0 -1.0 18.0 116.0 67.0
81 -1.0 -1.0 17.0 137.0 69.0
82 -1.0 -1.0 13.0 314.0 90.0
83 -1.0 -1.0 11.0 182.0 30.0
84 -1.0 -1.0 18.0 391.0 56.0
85 -1.0 -1.0 9.0 259.0 83.0
86 -1.0 -1.0 8.0 291.0 77.0
87 -1.0 -1.0 10.0 305.0 56.0
88 -1.0 -1.0 16.0 161.0 18.0
89 -1.0 -1.0 4.0 124.0 100.0
90 -1.0 -1.0 7.0 365.0 16.0
91 -1.0 -1.0 16.0 125.0 42.0
92 -1.0 -1.0 13.0 220.0 24.0
93 -1.0 -1.0 20.0 325.0 62.0
94 -1.0 -1.0 16.0 19.0 30.0
95 -1.0 -1.0 13.0 306.0 54.0
96 -1.0 -1.0 8.0 262.0 27.0
97 -1.0 -1.0 12.0 73.0 19.0
98 -1.0 -1.0 9.0 62.0 100.0
99 -1.0 -1.0 12.0 112.0 77.0
100 -1.0 -1.0 5.0 345.0 90.0
101 -1.0 -1.0 5.0 320.0 59.0
102 -1.0 -1.0 14.0 244.0 90.0
103 -1.0 -1.0 20.0 283.0 61.0
104 -1.0 -1.0 13.0 184.0 37.0
105 -1.0 -1.0 6.0 221.0 48.0
106 -1.0 -1.0 14.0 26.0 29.0
107 -1.0 -1.0 5.0 63.0 96.0
108 -1.0 -1.0 13.0 313.0 47.0
109 -1.0 -1.0 7.0 178.0 61.0
110 -1.0 -1.0 17.0 382.0 86.0
111 -1.0 -1.0 17.0 217.0 73.0
112 -1.0 -1.0 20.0 361.0 69.0
113 -1.0 -1.0 6.0 150.0 34.0
114 -1.0 -1.0 14.0 71.0 64.0
115 -1.0 -1.0 16.0 154.0 29.0
116 -1.0 -1.0 19.0 48.0 52.0
117 -1.0 -1.0 4.0 40.0 78.0
118 -1.0 -1.0 18.0 182.0 33.0
119 -1.0 -1.0 16.0 210.0 78.0
120 -1.0 -1.0 14.0 240.0 66.0
121 -1.0 -1.0 20.0 38.0 79.0
122 -1.0 -1.0 9.0 158.0 75.0
123 -1.0 -1.0 20.0 170.0 84.0
124 -1.0 -1.0 19.0 53.0 20.0
125 -1.0 -1.0 18.0 265.0 50.0
126 -1.0 -1.0 18.0 290.0 82.0
127 -1.0 -1.0 11.0 119.0 46.0
128 -1.0 -1.0 18.0 186.0 16.0
129 -1.0 -1.0 18.0 304.0 38.0
130 -1.0 -1.0 20.0 69.0 69.0
131 -1.0 -1.0 20.0 100.0 64.0
132 -1.0 -1.0 5.0 371.0 37.0
133 -1.0 -1.0 11.0 227.0 36.0
134 -1.0 -1.0 9.0 297.0 66.0
135 -1.0 -1.0 9.0 125.0 26.0
136 -1.0 -1.0 8.0 208.0 50.0
137 -1.0 -1.0 9.0 106.0 45.0
138 -1.0 -1.0 9.0 149.0 25.0
139 -1.0 -1.0 19.0 390.0 85.0
140 -1.0 -1.0 4.0 272.0 90.0
141 -1.0 -1.0 20.0 141.0 16.0
142 -1.0 -1.0 18.0 231.0 27.0
143 -1.0 -1.0 9.0 367.0 60.0
144 -1.0 -1.0 12.0 270.0 100.0
145 -1.0 -1.0 5.0 266.0 69.0
146 -1.0 -1.0 20.0 89.0 35.0
147 -1.0 -1.0 17.0 184.0 52.0
148 -1.0 -1.0 9.0 129.0 34.0
149 -1.0 -1.0 8.0 297.0 86.0
150 -1.0 -1.0 7.0 359.0 59.0
151 -1.0 -1.0 20.0 134.0 98.0
152 -1.0 -1.0 17.0 395.0 78.0
153 -1.0 -1.0 7.0 313.0 89.0
154 -1.0 -1.0 9.0 52.0 43.0
155 -1.0 -1.0 5.0 167.0 43.0
156 -1.0 -1.0 8.0 329.0 56.0
157 -1.0 -1.0 20.0 94.0 37.0
158 -1.0 -1.0 9.0 279.0 73.0
159 -1.0 -1.0 5.0 250.0 43.0
160 -1.0 -1.0 6.0 335.0 82.0
161 -1.0 -1.0 9.0 140.0 92.0
162 -1.0 -1.0 6.0 69.0 67.0
163 -1.0 -1.0 7.0 178.0 81.0
164 -1.0 -1.0 12.0 38.0 20.0
165 -1.0 -1.0 20.0 240.0 32.0
166 -1.0 -1.0 7.0 308.0 67.0
167 -1.0 -1.0 12.0 284.0 70.0
168 -1.0 -1.0 18.0 145.0 96.0
169 -1.0 -1.0 9.0 298.0 50.0
170 -1.0 -1.0 20.0 271.0 42.0
171 -1.0 -1.0 19.0 389.0 56.0
172 -1.0 -1.0 11.0 228.0 78.0
173 -1.0 -1.0 4.0 237.0 99.0
174 -1.0 -1.0 10.0 266.0 92.0
175 -1.0 -1.0 7.0 386.0 94.0
176 -1.0 -1.0 6.0 306.0 76.0
177 -1.0 -1.0 4.0 260.0 47.0
178 -1.0 -1.0 8.0 237.0 31.0
179 -1.0 -1.0 11.0 295.0 38.0
180 -1.0 -1.0 19.0 39.0 52.0
181 -1.0 -1.0 13.0 44.0 18.0
182 -1.0 -1.0 4.0 99.0 46.0
183 -1.0 -1.0 12.0 252.0 80.0
184 -1.0 -1.0 6.0 356.0 84.0
185 -1.0 -1.0 10.0 207.0 83.0
186 -1.0 -1.0 9.0 147.0 78.0
187 -1.0 -1.0 16.0 329.0 75.0
188 -1.0 -1.0 8.0 37.0 27.0
189 -1.0 -1.0 12.0 78.0 32.0
190 -1.0 -1.0 16.0 54.0 84.0
191 -1.0 -1.0 4.0 140.0 63.0
192 -1.0 -1.0 13.0 17.0 80.0
193 -1.0 -1.0 17.0 97.0 100.0
194 -1.0 -1.0 11.0 73.0 77.0
195 -1.0 -1.0 18.0 266.0 72.0
196 -1.0 -1.0 9.0 230.0 62.0
197 -1.0 -1.0 16.0 330.0 64.0
198 -1.0 -1.0 4.0 335.0 49.0
199 -1.0 -1.0 11.0 41.0 15.0
200 -1.0 -1.0 6.0 30.0 68.0
201 -1.0 -1.0 19.0 37.0 47.0
202 -1.0 -1.0 18.0 46.0 36.0
203 -1.0 -1.0 4.0 56.0 74.0
204 -1.0 -1.0 7.0 61.0 38.0
205 -1.0 -1.0 13.0 103.0 30.0
206 -1.0 -1.0 11.0 293.0 79.0
207 -1.0 -1.0 18.0 132.0 58.0
208 -1.0 -1.0 15.0 255.0 23.0
209 -1.0 -1.0 9.0 123.0 73.0
210 -1.0 -1.0 12.0 142.0 31.0
211 -1.0 -1.0 20.0 173.0 79.0
212 -1.0 -1.0 19.0 163.0 42.0
213 -1.0 -1.0 13.0 150.0 60.0
214 -1.0 -1.0 11.0 74.0 15.0
215 -1.0 -1.0 19.0 204.0 67.0
216 -1.0 -1.0 12.0 189.0 92.0
217 -1.0 -1.0 9.0 200.0 36.0
218 -1.0 -1.0 20.0 231.0 58.0
219 -1.0 -1.0 10.0 255.0 97.0
220 -1.0 -1.0 12.0 44.0 94.0
221 -1.0 -1.0 6.0 90.0 78.0
222 -1.0 -1.0 20.0 392.0 38.0
223 -1.0 -1.0 11.0 342.0 42.0
224 -1.0 -1.0 16.0 180.0 100.0
225 -1.0 -1.0 19.0 140.0 29.0
226 -1.0 -1.0 20.0 360.0 82.0
227 -1.0 -1.0 8.0 125.0 24.0
228 -1.0 -1.0 16.0 129.0 70.0
229 -1.0 -1.0 8.0 111.0 39.0
230 -1.0 -1.0 19.0 144.0 77.0
231 -1.0 -1.0 17.0 183.0 31.0
232 -1.0 -1.0 8.0 378.0 94.0
233 -1.0 -1.0 6.0 356.0 59.0
234 -1.0 -1.0 20.0 355.0 45.0
235 -1.0 -1.0 5.0 23.0 25.0
236 -1.0 -1.0 4.0 32.0 85.0
237 -1.0 -1.0 5.0 149.0 75.0
238 -1.0 -1.0 6.0 277.0 82.0
239 -1.0 -1.0 14.0 284.0 25.0
240 -1.0 -1.0 10.0 47.0 50.0
241 -1.0 -1.0 14.0 261.0 69.0
242 -1.0 -1.0 8.0 314.0 57.0
243 -1.0 -1.0 5.0 134.0 57.0
244 -1.0 -1.0 6.0 109.0 24.0
245 -1.0 -1.0 10.0 80.0 15.0
246 -1.0 -1.0 19.0 228.0 54.0
247 -1.0 -1.0 13.0 304.0 40.0
248 -1.0 -1.0 13.0 373.0 90.0
249 -1.0 -1.0 6.0 203.0 80.0
250 -1.0 -1.0 13.0 68.0 36.0
251 -1.0 -1.0 13.0 119.0 43.0
252 -1.0 -1.0 9.0 238.0 97.0
253 -1.0 -1.0 18.0 235.0 33.0
254 -1.0 -1.0 19.0 385.0 68.0
255 -1.0 -1.0 18.0 187.0 17.0
256 -1.0 -1.0 14.0 163.0 18.0
257 -1.0 -1.0 6.0 152.0 53.0
258 -1.0 -1.0 14.0 209.0 69.0
259 -1.0 -1.0 15.0 87.0 85.0
260 -1.0 -1.0 17.0 152.0 85.0
261 -1.0 -1.0 11.0 163.0 34.0
262 -1.0 -1.0 8.0 221.0 72.0
263 -1.0 -1.0 16.0 252.0 56.0
264 -1.0 -1.0 6.0 164.0 28.0
265 -1.0 -1.0 7.0 41.0 92.0
266 -1.0 -1.0 19.0 55.0 92.0
267 -1.0 -1.0 13.0 81.0 84.0
268 -1.0 -1.0 9.0 35.0 95.0
269 -1.0 -1.0 5.0 50.0 36.0
270 -1.0 -1.0 11.0 322.0 100.0
271 -1.0 -1.0 15.0 66.0 84.0
272 -1.0 -1.0 15.0 132.0 29.0
273 -1.0 -1.0 12.0 282.0 89.0
274 -1.0 -1.0 20.0 41.0 32.0
275 -1.0 -1.0 12.0 221.0 46.0
276 -1.0 -1.0 18.0 136.0 87.0
277 -1.0 -1.0 16.0 187.0 31.0
278 -1.0 -1.0 13.0 176.0 37.0
279 -1.0 -1.0 16.0 228.0 84.0
280 -1.0 -1.0 18.0 262.0 67.0
281 -1.0 -1.0 9.0 342.0 100.0
282 -1.0 -1.0 16.0 393.0 50.0
283 -1.0 -1.0 14.0 315.0 49.0
284 -1.0 -1.0 14.0 372.0 62.0
285 -1.0 -1.0 13.0 381.0 45.0
286 -1.0 -1.0 6.0 157.0 24.0
287 -1.0 -1.0 18.0 66.0 37.0
288 -1.0 -1.0 19.0 365.0 95.0
289 -1.0 -1.0 12.0 357.0 33.0
290 -1.0 -1.0 11.0 185.0 31.0
291 -1.0 -1.0 4.0 136.0 22.0
292 -1.0 -1.0 15.0 22.0 54.0
293 -1.0 -1.0 16.0 128.0 91.0
294 -1.0 -1.0 6.0 230.0 55.0
295 -1.0 -1.0 16.0 214.0 20.0
296 -1.0 -1.0 11.0 320.0 20.0
297 -1.0 -1.0 20.0 344.0 47.0
298 -1.0 -1.0 17.0 333.0 58.0
299 -1.0 -1.0 11.0 319.0 67.0
300 -1.0 -1.0 14.0 38.0 27.0
301 -1.0 -1.0 5.0 129.0 32.0
302 -1.0 -1.0 15.0 90.0 27.0
303 -1.0 -1.0 10.0 47.0 91.0
304 -1.0 -1.0 12.0 183.0 52.0
305 -1.0 -1.0 20.0 215.0 16.0
306 -1.0 -1.0 13.0 234.0 31.0
307 -1.0 -1.0 7.0 191.0 60.0
308 -1.0 -1.0 6.0 154.0 18.0
309 -1.0 -1.0 20.0 372.0 45.0
310 -1.0 -1.0 14.0 335.0 74.0
311 -1.0 -1.0 4.0 356.0 63.0
312 -1.0 -1.0 7.0 264.0 51.0
313 -1.0 -1.0 9.0 52.0 79.0
314 -1.0 -1.0 14.0 33.0 57.0
315 -1.0 -1.0 8.0 135.0 84.0
316 -1.0 -1.0 10.0 376.0 39.0
317 -1.0 -1.0 16.0 220.0 59.0
318 -1.0 -1.0 10.0 218.0 42.0
319 -1.0 -1.0 16.0 146.0 72.0
320 -1.0 -1.0 13.0 357.0 50.0
321 -1.0 -1.0 15.0 392.0 62.0
322 -1.0 -1.0 11.0 102.0 19.0
323 -1.0 -1.0 10.0 396.0 47.0
324 -1.0 -1.0 11.0 147.0 91.0
325 -1.0 -1.0 20.0 239.0 48.0
326 -1.0 -1.0 5.0 154.0 68.0
327 -1.0 -1.0 16.0 285.0 57.0
328 -1.0 -1.0 6.0 312.0 51.0
329 -1.0 -1.0 13.0 244.0 78.0
330 -1.0 -1.0 19.0 217.0 26.0
331 -1.0 -1.0 14.0 222.0 69.0
332 -1.0 -1.0 9.0 42.0 60.0
333 -1.0 -1.0 17.0 389.0 17.0
334 -1.0 -1.0 16.0 47.0 65.0
335 -1.0 -1.0 20.0 182.0 29.0
336 -1.0 -1.0 19.0 35.0 34.0
337 -1.0 -1.0 11.0 113.0 36.0
338 -1.0 -1.0 9.0 330.0 42.0
339 -1.0 -1.0 20.0 165.0 50.0
340 -1.0 -1.0 20.0 212.0 17.0
341 -1.0 -1.0 6.0 263.0 93.0
342 -1.0 -1.0 8.0 64.0 38.0
343 -1.0 -1.0 16.0 95.0 49.0
344 -1.0 -1.0 13.0 101.0 44.0
345 -1.0 -1.0 13.0 225.0 35.0
346 -1.0 -1.0 4.0 109.0 85.0
347 -1.0 -1.0 16.0 149.0 97.0
348 -1.0 -1.0 11.0 66.0 97.0
349 -1.0 -1.0 14.0 367.0 78.0
350 -1.0 -1.0 14.0 105.0 93.0
351 -1.0 -1.0 16.0 234.0 30.0
352 -1.0 -1.0 19.0 85.0 67.0
353 -1.0 -1.0 5.0 312.0 31.0
354 -1.0 -1.0 19.0 264.0 77.0
355 -1.0 -1.0 11.0 167.0 32.0
356 -1.0 -1.0 14.0 177.0 78.0
357 -1.0 -1.0 4.0 169.0 66.0
358 -1.0 -1.0 4.0 65.0 40.0
359 -1.0 -1.0 10.0 109.0 41.0
360 -1.0 -1.0 14.0 92.0 84.0
361 -1.0 -1.0 15.0 28.0 93.0
362 -1.0 -1.0 12.0 36.0 45.0
363 -1.0 -1.0 18.0 311.0 97.0
364 -1.0 -1.0 9.0 383.0 47.0
365 -1.0 -1.0 7.0 319.0 30.0
366 -1.0 -1.0 12.0 245.0 57.0
367 -1.0 -1.0 4.0 261.0 76.0
368 -1.0 -1.0 19.0 88.0 35.0
369 -1.0 -1.0 16.0 178.0 22.0
370 -1.0 -1.0 10.0 76.0 48.0
371 -1.0 -1.0 16.0 333.0 19.0
372 -1.0 -1.0 20.0 98.0 38.0
373 -1.0 -1.0 16.0 229.0 33.0
374 -1.0 -1.0 17.0 371.0 44.0
375 -1.0 -1.0 9.0 242.0 84.0
376 -1.0 -1.0 9.0 138.0 76.0
377 -1.0 -1.0 19.0 351.0 84.0
378 -1.0 -1.0 16.0 35.0 30.0
379 -1.0 -1.0 17.0 178.0 62.0
380 -1.0 -1.0 12.0 198.0 22.0
381 -1.0 -1.0 9.0 52.0 61.0
382 -1.0 -1.0 10.0 164.0 75.0
383 -1.0 -1.0 12.0 222.0 65.0
384 -1.0 -1.0 15.0 85.0 53.0
385 -1.0 -1.0 15.0 333.0 82.0
386 -1.0 -1.0 14.0 385.0 85.0
387 -1.0 -1.0 19.0 288.0 80.0
388 -1.0 -1.0 9.0 375.0 88.0
389 -1.0 -1.0 14.0 188.0 98.0
390 -1.0 -1.0 17.0 184.0 45.0
391 -1.0 -1.0 14.0 101.0 32.0
392 -1.0 -1.0 17.0 49.0 85.0
393 -1.0 -1.0 14.0 102.0 15.0
394 -1.0 -1.0 18.0 195.0 98.0
395 -1.0 -1.0 5.0 318.0 78.0
396 -1.0 -1.0 18.0 244.0 84.0
397 -1.0 -1.0 6.0 33.0 52.0
398 -1.0 -1.0 10.0 354.0 27.0
399 -1.0 -1.0 14.0 98.0 33.0
400 -1.0 -1.0 12.0 101.0 85.0
401 -1.0 -1.0 10.0 272.0 29.0
402 -1.0 -1.0 11.0 116.0 25.0
403 -1.0 -1.0 16.0 186.0 15.0
404 -1.0 -1.0 7.0 304.0 83.0
405 -1.0 -1.0 20.0 15.0 75.0
406 -1.0 -1.0 20.0 376.0 49.0
407 -1.0 -1.0 14.0 234.0 66.0
408 -1.0 -1.0 5.0 45.0 32.0
409 -1.0 -1.0 15.0 144.0 100.0
410 -1.0 -1.0 16.0 56.0 70.0
411 -1.0 -1.0 13.0 101.0 99.0
412 -1.0 -1.0 10.0 104.0 24.0
413 -1.0 -1.0 13.0 101.0 91.0
414 -1.0 -1.0 12.0 103.0 90.0
415 -1.0 -1.0 8.0 94.0 27.0
416 -1.0 -1.0 14.0 303.0 22.0
417 -1.0 -1.0 7.0 75.0 78.0
418 -1.0 -1.0 4.0 214.0 37.0
419 -1.0 -1.0 10.0 241.0 82.0
420 -1.0 -1.0 19.0 93.0 63.0
421 -1.0 -1.0 15.0 93.0 56.0
422 -1.0 -1.0 16.0 331.0 31.0
423 -1.0 -1.0 17.0 277.0 64.0
424 -1.0 -1.0 9.0 68.0 72.0
425 -1.0 -1.0 4.0 251.0 15.0
426 -1.0 -1.0 13.0 293.0 85.0
427 -1.0 -1.0 19.0 119.0 37.0
428 -1.0 -1.0 4.0 285.0 30.0
429 -1.0 -1.0 13.0 391.0 58.0
430 -1.0 -1.0 19.0 352.0 22.0
431 -1.0 -1.0 5.0 332.0 64.0
432 -1.0 -1.0 14.0 398.0 76.0
433 -1.0 -1.0 14.0 210.0 84.0
434 -1.0 -1.0 4.0 341.0 56.0
435 -1.0 -1.0 4.0 328.0 68.0
436 -1.0 -1.0 17.0 302.0 93.0
437 -1.0 -1.0 5.0 147.0 82.0
438 -1.0 -1.0 18.0 97.0 28.0
439 -1.0 -1.0 9.0 60.0 26.0
440 -1.0 -1.0 14.0 392.0 17.0
441 -1.0 -1.0 9.0 200.0 76.0
442 -1.0 -1.0 11.0 367.0 93.0
443 -1.0 -1.0 17.0 349.0 62.0
444 -1.0 -1.0 8.0 97.0 35.0
445 -1.0 -1.0 6.0 296.0 83.0
446 -1.0 -1.0 20.0 114.0 84.0
447 -1.0 -1.0 13.0 303.0 21.0
448 -1.0 -1.0 17.0 318.0 71.0
449 -1.0 -1.0 7.0 43.0 53.0
450 -1.0 -1.0 19.0 241.0 57.0
451 -1.0 -1.0 13.0 334.0 16.0
452 -1.0 -1.0 8.0 181.0 33.0
453 -1.0 -1.0 4.0 98.0 17.0
454 -1.0 -1.0 5.0 346.0 73.0
455 -1.0 -1.0 5.0 128.0 66.0
456 -1.0 -1.0 19.0 46.0 40.0
457 -1.0 -1.0 8.0 364.0 81.0
458 -1.0 -1.0 16.0 198.0 43.0
459 -1.0 -1.0 18.0 254.0 88.0
460 -1.0 -1.0 15.0 237.0 62.0
461 -1.0 -1.0 18.0 392.0 69.0
462 -1.0 -1.0 10.0 130.0 88.0
463 -1.0 -1.0 20.0 305.0 47.0
464 -1.0 -1.0 12.0 307.0 41.0
465 -1.0 -1.0 10.0 164.0 37.0
466 -1.0 -1.0 15.0 358.0 72.0
467 -1.0 -1.0 9.0 294.0 88.0
468 -1.0 -1.0 6.0 236.0 42.0
469 -1.0 -1.0 4.0 19.0 38.0
470 -1.0 -1.0 5.0 228.0 29.0
471 -1.0 -1.0 15.0 39.0 88.0
472 -1.0 -1.0 5.0 263.0 75.0
473 -1.0 -1.0 7.0 80.0 82.0
474 -1.0 -1.0 14.0 113.0 90.0
475 -1.0 -1.0 7.0 329.0 80.0
476 -1.0 -1.0 19.0 90.0 76.0
477 -1.0 -1.0 8.0 288.0 89.0
478 -1.0 -1.0 4.0 225.0 37.0
479 -1.0 -1.0 15.0 243.0 75.0
480 -1.0 -1.0 19.0 103.0 54.0
481 -1.0 -1.0 15.0 201.0 85.0
482 -1.0 -1.0 19.0 233.0 54.0
483 -1.0 -1.0 10.0 364.0 20.0
484 -1.0 -1.0 6.0 161.0 21.0
485 -1.0 -1.0 18.0 390.0 74.0
486 -1.0 -1.0 9.0 128.0 68.0
487 -1.0 -1.0 14.0 373.0 71.0
488 -1.0 -1.0 11.0 295.0 74.0
489 -1.0 -1.0 5.0 106.0 71.0
490 -1.0 -1.0 10.0 365.0 99.0
491 -1.0 -1.0 7.0 211.0 30.0
492 -1.0 -1.0 6.0 196.0 76.0
493 -1.0 -1.0 18.0 325.0 86.0
494 -1.0 -1.0 5.0 278.0 58.0
495 -1.0 -1.0 16.0 66.0 43.0
496 -1.0 -1.0 4.0 51.0 92.0
497 -1.0 -1.0 11.0 109.0 87.0
498 -1.0 -1.0 14.0 313.0 98.0
499 -1.0 -1.0 6.0 156.0 98.0
500 -1.0 -1.0 18.0 249.0 33.0
501 -1.0 -1.0 15.0 159.0 40.0
502 -1.0 -1.0 5.0 379.0 97.0
503 -1.0 -1.0 8.0 396.0 37.0
504 -1.0 -1.0 4.0 296.0 87.0
505 -1.0 -1.0 19.0 181.0 38.0
506 -1.0 -1.0 15.0 378.0 33.0
507 -1.0 -1.0 10.0 217.0 75.0
508 -1.0 -1.0 19.0 216.0 51.0
509 -1.0 -1.0 19.0 38.0 34.0
510 -1.0 -1.0 18.0 355.0 53.0
511 -1.0 -1.0 8.0 240.0 57.0
512 -1.0 -1.0 6.0 271.0 29.0
513 -1.0 -1.0 19.0 338.0 95.0
514 -1.0 -1.0 15.0 149.0 51.0
515 -1.0 -1.0 9.0 39.0 49.0
516 -1.0 -1.0 9.0 151.0 56.0
517 -1.0 -1.0 19.0 151.0 67.0
518 -1.0 -1.0 13.0 359.0 99.0
519 -1.0 -1.0 19.0 25.0 29.0
520 -1.0 -1.0 13.0 366.0 27.0
521 -1.0 -1.0 11.0 327.0 79.0
522 -1.0 -1.0 4.0 256.0 38.0
523 -1.0 -1.0 12.0 107.0 55.0
524 -1.0 -1.0 17.0 26.0 29.0
525 -1.0 -1.0 16.0 31.0 86.0
526 -1.0 -1.0 8.0 105.0 98.0
527 -1.0 -1.0 12.0 292.0 23.0
528 -1.0 -1.0 18.0 135.0 83.0
529 -1.0 -1.0 17.0 346.0 68.0
530 -1.0 -1.0 14.0 379.0 19.0
531 -1.0 -1.0 14.0 265.0 29.0
532 -1.0 -1.0 10.0 166.0 84.0
533 -1.0 -1.0 17.0 141.0 48.0
534 -1.0 -1.0 17.0 49.0 54.0
535 -1.0 -1.0 10.0 236.0 83.0
536 -1.0 -1.0 7.0 329.0 36.0
537 -1.0 -1.0 13.0 264.0 49.0
538 -1.0 -1.0 14.0 230.0 78.0
539 -1.0 -1.0 16.0 28.0 99.0
540 -1.0 -1.0 9.0 261.0 89.0
541 -1.0 -1.0 11.0 112.0 86.0
542 -1.0 -1.0 6.0 200.0 71.0
543 -1.0 -1.0 14.0 350.0 79.0
544 -1.0 -1.0 16.0 318.0 28.0
545 -1.0 -1.0 10.0 95.0 61.0
546 -1.0 -1.0 15.0 154.0 48.0
547 -1.0 -1.0 5.0 257.0 87.0
548 -1.0 -1.0 17.0 75.0 70.0
549 -1.0 -1.0 6.0 125.0 53.0
550 -1.0 -1.0 18.0 93.0 65.0
551 -1.0 -1.0 12.0 47.0 84.0
552 -1.0 -1.0 13.0 300.0 90.0
553 -1.0 -1.0 20.0 45.0 52.0
554 -1.0 -1.0 11.0 96.0 94.0
555 -1.0 -1.0 9.0 31.0 94.0
556 -1.0 -1.0 9.0 350.0 42.0
557 -1.0 -1.0 5.0 177.0 82.0
558 -1.0 -1.0 10.0 249.0 74.0
559 -1.0 -1.0 19.0 343.0 63.0
560 -1.0 -1.0 7.0 238.0 57.0
561 -1.0 -1.0 16.0 82.0 26.0
562 -1.0 -1.0 6.0 50.0 61.0
563 -1.0 -1.0 11.0 351.0 38.0
564 -1.0 -1.0 4.0 181.0 28.0
565 -1.0 -1.0 12.0 28.0 90.0
566 -1.0 -1.0 13.0 400.0 62.0
567 -1.0 -1.0 15.0 245.0 37.0
568 -1.0 -1.0 4.0 25.0 69.0
569 -1.0 -1.0 14.0 322.0 88.0
570 -1.0 -1.0 20.0 137.0 84.0
571 -1.0 -1.0 15.0 274.0 100.0
572 -1.0 -1.0 8.0 59.0 31.0
573 -1.0 -1.0 10.0 21.0 79.0
574 -1.0 -1.0 6.0 100.0 72.0
575 -1.0 -1.0 17.0 177.0 15.0
576 -1.0 -1.0 5.0 209.0 60.0
577 -1.0 -1.0 10.0 82.0 28.0
578 -1.0 -1.0 6.0 77.0 33.0
579 -1.0 -1.0 6.0 27.0 27.0
580 -1.0 -1.0 5.0 121.0 92.0
581 -1.0 -1.0 4.0 80.0 80.0
582 -1.0 -1.0 14.0 390.0 98.0
583 -1.0 -1.0 19.0 132.0 60.0
584 -1.0 -1.0 20.0 350.0 64.0
585 -1.0 -1.0 6.0 51.0 36.0
586 -1.0 -1.0 8.0 210.0 74.0
587 -1.0 -1.0 18.0 378.0 68.0
588 -1.0 -1.0 10.0 26.0 82.0
589 -1.0 -1.0 17.0 39.0 67.0
590 -1.0 -1.0 14.0 121.0 50.0
591 -1.0 -1.0 9.0 139.0 67.0
592 -1.0 -1.0 8.0 44.0 99.0
593 -1.0 -1.0 18.0 159.0 74.0
594 -1.0 -1.0 11.0 16.0 32.0
595 -1.0 -1.0 16.0 288.0 67.0
596 -1.0 -1.0 17.0 186.0 46.0
597 -1.0 -1.0 9.0 129.0 26.0
598 -1.0 -1.0 9.0 272.0 82.0
599 -1.0 -1.0 18.0 371.0 70.0
784
0 1 9
1 22 12
2 3 12
3 24 8
3 4 8
4 25 9
4 5 7
5 26 6
5 6 10
6 27 8
6 7 12
7 28 11
8 29 6
8 9 6
9 30 11
9 10 10
10 31 9
11 32 6
11 12 10
12 33 12
12 13 9
13 34 9
13 14 7
15 35 12
15 16 8
16 17 6
17 18 8
19 37 7
20 39 7
20 21 12
21 40 11
22 23 8
23 42 5
24 44 8
24 25 6
25 26 11
26 45 12
26 27 5
27 46 6
27 28 7
29 30 7
30 47 10
30 31 8
32 33 7
33 34 12
34 49 11
35 51 6
36 37 10
37 53 7
37 38 11
38 54 9
39 56 6
39 40 6
40 41 10
42 57 6
42 43 6
43 44 12
44 58 8
45 46 8
46 59 5
47 61 8
48 63 8
49 65 9
49 50 11
50 66 8
51 68 9
51 52 9
52 69 6
53 73 8
53 54 11
54 55 9
55 74 12
55 56 10
57 78 12
58 80 6
59 60 10
60 82 9
61 84 7
61 62 11
62 85 12
62 63 12
63 86 10
64 87 5
64 65 6
65 88 8
65 66 6
66 89 11
66 67 11
67 68 8
68 90 5
68 69 7
69 91 7
69 70 6
70 92 12
70 71 6
71 93 5
71 72 12
72 94 9
72 73 12
74 95 5
75 97 9
75 76 10
77 98 10
77 78 8
78 99 5
78 79 8
79 100 10
79 80 11
80 81 12
82 103 5
82 83 9
84 105 10
84 85 11
85 106 10
85 86 12
86 107 9
87 109 7
87 88 9
88 89 7
89 110 5
90 91 6
91 112 12
91 92 8
92 113 7
92 93 7
93 94 10
95 96 11
96 97 6
97 116 5
98 119 9
98 99 11
99 120 8
99 100 9
100 121 9
101 102 8
102 123 8
102 103 5
104 105 6
105 125 10
105 106 9
106 126 10
106 107 5
107 127 10
107 108 11
108 128 10
108 109 5
109 129 5
110 131 11
110 111 12
112 132 6
112 113 10
113 133 8
114 136 5
114 115 6
115 137 9
116 140 6
116 117 5
118 119 6
119 141 6
119 120 7
120 142 10
120 121 5
122 144 9
123 145 8
124 146 10
125 148 9
125 126 5
126 127 5
127 128 11
128 129 5
129 149 12
129 130 6
130 150 11
130 131 7
132 153 9
132 133 10
133 154 10
133 134 9
134 155 6
134 135 11
135 156 9
135 136 5
136 157 5
136 137 7
137 138 10
138 158 10
138 139 12
139 159 7
139 140 5
141 162 6
141 142 6
143 164 12
143 144 9
146 167 6
146 147 9
147 168 10
147 148 8
148 169 12
149 171 6
149 150 10
150 172 9
151 174 12
151 152 6
152 175 8
152 153 11
153 176 11
153 154 6
154 177 6
154 155 9
155 178 10
155 156 7
156 179 9
156 157 5
157 180 7
158 182 12
158 159 12
159 183 7
160 185 7
161 186 9
161 162 10
163 188 10
163 164 7
164 189 5
165 191 10
166 167 9
167 193 10
167 168 12
168 169 7
169 170 12
170 194 5
171 196 7
171 172 6
172 173 11
173 197 11
173 174 5
174 175 5
175 198 11
175 176 6
176 199 9
176 177 10
177 178 9
178 200 6
178 179 10
179 180 11
180 201 10
180 181 12
181 182 8
182 202 6
182 183 8
183 203 10
183 184 6
184 204 6
184 185 11
185 205 8
186 206 12
187 188 8
188 189 12
189 208 5
189 190 10
190 209 6
190 191 7
191 192 7
192 210 11
193 211 6
194 195 5
195 213 8
196 215 9
197 217 5
198 199 9
201 221 11
202 222 9
202 203 12
203 204 9
204 223 6
204 205 9
205 224 10
206 225 11
206 207 9
207 226 12
208 209 5
210 227 9
212 229 9
213 230 9
213 214 6
214 231 9
214 215 11
215 216 7
216 232 8
216 217 12
217 218 5
218 233 12
219 236 9
220 221 8
222 239 7
223 241 5
223 224 5
224 242 11
225 243 6
225 226 12
226 244 5
227 248 12
227 228 12
228 249 7
229 251 6
230 231 11
233 253 8
233 234 8
234 254 7
234 235 8
235 236 10
236 237 10
237 255 8
238 257 12
238 239 10
239 240 9
240 241 6
241 258 12
241 242 6
242 259 7
243 260 8
243 244 5
245 246 12
246 247 9
247 262 9
248 264 8
248 249 5
250 265 5
250 251 9
251 266 12
251 252 9
252 267 8
253 270 8
253 254 12
254 271 8
255 273 10
255 256 7
258 276 10
258 259 8
260 277 11
261 279 8
262 263 8
263 264 8
264 282 9
265 284 11
265 266 6
266 267 11
267 285 5
268 287 11
268 269 5
270 271 12
272 290 5
272 273 5
273 291 7
274 292 9
275 293 5
276 294 7
277 295 10
277 278 11
278 296 8
278 279 12
279 297 8
279 280 6
280 298 8
280 281 9
282 300 12
283 302 5
283 284 11
284 303 11
285 304 12
285 286 11
287 306 6
288 308 7
289 290 6
290 311 12
290 291 9
291 312 8
292 314 5
293 315 11
295 296 6
296 317 5
296 297 5
297 318 7
297 298 7
298 319 8
299 300 11
300 321 7
300 301 8
301 302 9
302 303 7
303 322 9
305 325 5
305 306 11
306 307 11
307 326 8
307 308 8
308 309 10
309 310 10
311 328 6
311 312 8
312 329 10
312 313 7
313 314 12
315 331 7
315 316 11
316 332 9
317 334 10
317 318 7
318 319 11
319 335 7
319 320 12
320 336 7
321 338 5
322 340 10
322 323 8
323 341 7
324 325 11
326 343 8
327 347 12
327 328 10
328 348 12
328 329 11
329 349 11
330 331 8
331 332 5
332 350 11
333 353 9
333 334 7
335 354 7
335 336 9
336 355 11
336 337 11
338 357 10
339 358 7
339 340 9
340 359 6
340 341 7
341 360 6
341 342 6
342 361 10
343 364 7
343 344 9
344 365 10
344 345 8
345 346 10
346 366 7
346 347 10
347 348 11
348 367 9
348 349 12
350 370 12
350 351 8
351 352 7
352 371 10
354 373 8
354 355 8
355 374 5
356 376 7
356 357 10
357 377 7
358 359 9
359 378 11
359 360 7
360 379 7
360 361 5
361 380 8
362 381 5
362 363 6
363 382 9
363 364 10
364 365 8
366 383 9
367 385 11
368 369 10
369 386 7
370 389 10
371 391 7
372 393 12
373 395 11
373 374 7
374 396 11
374 375 5
375 397 6
375 376 12
376 398 8
376 377 12
378 400 7
378 379 8
379 401 7
379 380 11
381 402 8
381 382 11
383 405 6
383 384 10
384 406 10
384 385 11
385 407 6
386 408 6
386 387 9
387 388 11
388 409 12
388 389 8
389 410 5
389 390 8
390 411 9
390 391 12
391 412 7
392 413 12
392 393 10
393 394 7
394 414 6
394 395 11
395 415 12
395 396 10
396 397 6
397 416 10
397 398 8
399 418 11
400 420 12
400 401 5
401 421 10
403 423 10
404 424 7
404 405 11
405 425 11
405 406 9
406 426 7
406 407 9
407 427 6
409 430 7
409 410 10
410 411 12
411 431 8
411 412 12
413 432 7
414 415 9
415 434 11
416 436 8
417 418 6
418 437 12
418 419 5
419 420 7
420 438 12
420 421 5
421 439 8
422 423 6
423 442 9
424 443 11
424 425 11
425 426 6
426 427 9
427 444 6
428 445 5
429 430 10
430 447 11
431 448 10
432 433 7
433 450 5
434 452 11
434 435 12
435 453 5
435 436 7
436 454 6
438 458 8
438 439 7
439 440 11
440 459 8
440 441 8
441 460 9
442 463 8
444 466 10
445 467 12
445 446 6
446 468 11
448 471 9
448 449 5
450 472 9
450 451 8
451 473 8
451 452 10
452 474 5
452 453 11
453 475 8
453 454 9
454 455 9
455 476 11
455 456 8
456 477 5
457 478 9
457 458 7
459 479 6
459 460 7
460 461 6
461 462 12
462 480 6
462 463 9
463 481 12
463 464 9
464 482 11
465 484 7
466 486 7
467 488 7
467 468 5
468 489 11
468 469 11
469 490 11
470 491 7
470 471 10
471 492 8
472 494 5
472 473 10
473 495 9
473 474 8
474 496 9
474 475 9
475 497 7
476 499 11
476 477 6
477 500 6
479 502 12
480 504 12
480 481 5
481 505 9
481 482 11
482 483 6
483 506 12
483 484 9
484 507 12
484 485 11
485 508 11
485 486 7
486 509 5
486 487 8
487 510 9
487 488 9
488 511 9
488 489 8
489 490 9
491 513 9
491 492 12
493 514 6
493 494 12
494 515 8
494 495 7
495 516 5
495 496 8
496 517 7
496 497 12
497 498 7
498 518 6
498 499 5
499 519 12
499 500 7
500 520 6
501 523 6
501 502 5
503 525 5
503 504 9
504 526 5
504 505 10
506 528 7
506 507 7
507 529 5
507 508 8
508 530 5
508 509 11
509 531 11
509 510 6
510 532 7
510 511 5
511 533 7
512 536 7
512 513 11
513 537 9
514 540 8
514 515 6
515 541 9
515 516 12
516 517 11
517 542 10
518 544 9
518 519 7
519 545 6
519 520 12
520 546 7
521 522 7
522 547 10
522 523 7
523 548 9
524 549 9
524 525 10
525 550 9
525 526 8
526 551 10
527 528 10
528 552 12
528 529 8
529 553 5
529 530 11
530 554 12
530 531 11
531 555 11
531 532 9
532 533 11
533 534 9
534 535 8
535 556 8
535 536 11
536 557 9
536 537 8
537 558 5
537 538 8
538 539 6
539 559 12
540 560 11
540 541 8
541 561 9
542 562 5
542 543 7
543 563 10
543 544 8
544 564 11
544 545 12
545 565 8
545 546 10
546 566 10
547 548 5
548 569 8
549 550 11
550 570 10
550 551 8
551 571 7
552 574 9
552 553 8
553 575 11
553 554 10
554 555 6
555 576 10
556 579 10
556 557 6
557 580 5
557 558 10
558 581 11
560 561 7
562 582 10
562 563 5
563 564 6
564 583 8
564 565 11
565 584 7
565 566 9
566 585 10
566 567 10
567 568 12
568 586 5
570 588 6
570 571 9
571 572 10
572 589 5
572 573 5
573 590 9
573 574 8
574 591 7
574 575 6
575 592 9
576 594 7
577 595 7
577 578 9
578 596 12
578 579 5
579 597 5
579 580 6
580 581 10
581 598 6
583 584 9
584 585 11
587 588 11
589 590 8
590 591 6
591 592 7
592 593 7
593 594 7
595 596 5
596 597 7
598 599 12
10 0.05 0.05 0.05
