600
0 -1.0 -1.0 10.0 19.0 35.0
1 -1.0 -1.0 18.0 366.0 99.0
2 -1.0 -1.0 4.0 201.0 48.0
3 -1.0 -1.0 8.0 378.0 91.0
4 -1.0 -1.0 17.0 88.0 87.0
5 -1.0 -1.0 15.0 393.0 81.0
6 -1.0 -1.0 12.0 374.0 82.0
7 -1.0 -1.0 12.0 69.0 84.0
8 -1.0 -1.0 8.0 398.0 67.0
9 -1.0 -1.0 14.0 334.0 20.0
10 -1.0 -1.0 4.0 93.0 61.0
11 -1.0 -1.0 17.0 81.0 45.0
12 -1.0 -1.0 7.0 308.0 29.0
13 -1.0 -1.0 9.0 353.0 83.0
14 -1.0 -1.0 11.0 104.0 48.0
15 -1.0 -1.0 10.0 120.0 30.0
16 -1.0 -1.0 13.0 369.0 22.0
17 -1.0 -1.0 13.0 50.0 36.0
18 -1.0 -1.0 14.0 318.0 59.0
19 -1.0 -1.0 10.0 180.0 88.0
20 -1.0 -1.0 15.0 164.0 38.0
21 -1.0 -1.0 13.0 264.0 80.0
22 -1.0 -1.0 17.0 136.0 99.0
23 -1.0 -1.0 8.0 372.0 17.0
24 -1.0 -1.0 10.0 246.0 21.0
25 -1.0 -1.0 10.0 272.0 81.0
26 -1.0 -1.0 15.0 183.0 46.0
27 -1.0 -1.0 6.0 278.0 74.0
28 -1.0 -1.0 4.0 358.0 41.0
29 -1.0 -1.0 16.0 340.0 40.0
30 -1.0 -1.0 4.0 196.0 71.0
31 -1.0 -1.0 8.0 248.0 66.0
32 -1.0 -1.0 9.0 105.0 34.0
33 -1.0 -1.0 14.0 16.0 46.0
34 -1.0 -1.0 8.0 205.0 77.0
35 -1.0 -1.0 9.0 149.0 79.0
36 -1.0 -1.0 17.0 351.0 98.0
37 -1.0 -1.0 4.0 199.0 62.0
38 -1.0 -1.0 9.0 47.0 97.0
39 -1.0 -1.0 14.0 366.0 100.0
40 -1.0 -1.0 17.0 210.0 20.0
41 -1.0 -1.0 8.0 105.0 56.0
42 -1.0 -1.0 19.0 180.0 92.0
43 -1.0 -1.0 17.0 173.0 66.0
44 -1.0 -1.0 13.0 335.0 65.0
45 -1.0 -1.0 16.0 239.0 57.0
46 -1.0 -1.0 5.0 51.0 48.0
47 -1.0 -1.0 20.0 74.0 89.0
48 -1.0 -1.0 14.0 60.0 41.0
49 -1.0 -1.0 17.0 218.0 41.0
50 -1.0 -1.0 18.0 68.0 52.0
51 -1.0 -1.0 9.0 154.0 35.0
52 -1.0 -1.0 8.0 214.0 34.0
53 -1.0 -1.0 10.0 293.0 27.0
54 -1.0 -1.0 20.0 389.0 18.0
55 -1.0 -1.0 11.0 140.0 53.0
56 -1.0 -1.0 20.0 310.0 65.0
57 -1.0 -1.0 20.0 169.0 99.0
58 -1.0 -1.0 9.0 68.0 34.0
59 -1.0 -1.0 14.0 295.0 77.0
60 -1.0 -1.0 7.0 258.0 69.0
61 -1.0 -1.0 18.0 358.0 18.0
62 -1.0 -1.0 18.0 367.0 26.0
63 -1.0 -1.0 10.0 235.0 58.0
64 -1.0 -1.0 14.0 79.0 40.0
65 -1.0 -1.0 17.0 99.0 86.0
66 -1.0 -1.0 7.0 271.0 22.0
67 -1.0 -1.0 7.0 231.0 80.0
68 -1.0 -1.0 12.0 111.0 43.0
69 -1.0 -1.0 13.0 115.0 80.0
70 -1.0 -1.0 20.0 137.0 49.0
71 -1.0 -1.0 19.0 297.0 62.0
72 -1.0 -1.0 8.0 267.0 20.0
73 -1.0 -1.0 7.0 386.0 90.0
74 -1.0 -1.0 6.0 244.0 36.0
75 -1.0 -1.0 19.0 239.0 83.0
76 -1.0 -1.0 9.0 206.0 67.0
77 -1.0 -1.0 13.0 201.0 83.0
78 -1.0 -1.0 18.0 201.0 17.0
79 -1.0 -1.0 10.0 296.0 44.0
80 -1.0 -1.0 10.0 77.0 60.0
81 -1.0 -1.0 19.0 259.0 51.0
82 -1.0 -1.0 8.0 293.0 68.0
83 -1.0 -1.0 8.0 351.0 43.0
84 -1.0 -1.0 10.0 60.0 56.0
85 -1.0 -1.0 19.0 35.0 27.0
86 -1.0 -1.0 14.0 355.0 81.0
87 -1.0 -1.0 4.0 347.0 92.0
88 -1.0 -1.0 17.0 220.0 36.0
89 -1.0 -1.0 15.0 224.0 31.0
90 -1.0 -1.0 19.0 326.0 77.0
91 -1.0 -1.0 11.0 132.0 75.0
92 -1.0 -1.0 10.0 172.0 22.0
93 -1.0 -1.0 19.0 79.0 19.0
94 -1.0 -1.0 13.0 250.0 86.0
95 -1.0 -1.0 12.0 227.0 66.0
96 -1.0 -1.0 16.0 302.0 81.0
97 -1.0 -1.0 15.0 253.0 25.0
98 -1.0 -1.0 13.0 392.0 48.0
99 -1.0 -1.0 9.0 160.0 64.0
100 -1.0 -1.0 15.0 106.0 85.0
101 -1.0 -1.0 6.0 265.0 41.0
102 -1.0 -1.0 5.0 300.0 22.0
103 -1.0 -1.0 13.0 201.0 91.0
104 -1.0 -1.0 18.0 376.0 68.0
105 -1.0 -1.0 4.0 296.0 82.0
106 -1.0 -1.0 4.0 194.0 38.0
107 -1.0 -1.0 16.0 269.0 35.0
108 -1.0 -1.0 12.0 332.0 79.0
109 -1.0 -1.0 8.0 355.0 34.0
110 -1.0 -1.0 14.0 384.0 45.0
111 -1.0 -1.0 12.0 206.0 47.0
112 -1.0 -1.0 4.0 61.0 60.0
113 -1.0 -1.0 16.0 36.0 23.0
114 -1.0 -1.0 8.0 290.0 44.0
115 -1.0 -1.0 13.0 82.0 53.0
116 -1.0 -1.0 14.0 173.0 37.0
117 -1.0 -1.0 12.0 243.0 66.0
118 -1.0 -1.0 5.0 279.0 16.0
119 -1.0 -1.0 7.0 58.0 45.0
120 -1.0 -1.0 9.0 151.0 23.0
121 -1.0 -1.0 12.0 334.0 88.0
122 -1.0 -1.0 14.0 94.0 22.0
123 -1.0 -1.0 4.0 36.0 72.0
124 -1.0 -1.0 4.0 70.0 78.0
125 -1.0 -1.0 11.0 50.0 42.0
126 -1.0 -1.0 14.0 310.0 98.0
127 -1.0 -1.0 12.0 368.0 57.0
128 -1.0 -1.0 15.0 151.0 40.0
129 -1.0 -1.0 19.0 105.0 95.0
130 -1.0 -1.0 17.0 325.0 25.0
131 -1.0 -1.0 15.0 363.0 54.0
132 -1.0 -1.0 19.0 368.0 90.0
133 -1.0 -1.0 18.0 234.0 99.0
134 -1.0 -1.0 20.0 208.0 98.0
135 -1.0 -1.0 10.0 292.0 63.0
136 -1.0 -1.0 12.0 372.0 79.0
137 -1.0 -1.0 4.0 399.0 100.0
138 -1.0 -1.0 13.0 295.0 85.0
139 -1.0 -1.0 14.0 223.0 28.0
140 -1.0 -1.0 7.0 399.0 53.0
141 -1.0 -1.0 10.0 197.0 55.0
142 -1.0 -1.0 8.0 332.0 28.0
143 -1.0 -1.0 11.0 385.0 55.0
144 -1.0 -1.0 12.0 388.0 23.0
145 -1.0 -1.0 9.0 153.0 85.0
146 -1.0 -1.0 10.0 68.0 71.0
147 -1.0 -1.0 20.0 25.0 58.0
148 -1.0 -1.0 18.0 301.0 31.0
149 -1.0 -1.0 16.0 75.0 79.0
150 -1.0 -1.0 12.0 393.0 52.0
151 -1.0 -1.0 14.0 152.0 59.0
152 -1.0 -1.0 9.0 388.0 85.0
153 -1.0 -1.0 8.0 317.0 69.0
154 -1.0 -1.0 18.0 295.0 21.0
155 -1.0 -1.0 7.0 287.0 80.0
156 -1.0 -1.0 11.0 67.0 67.0
157 -1.0 -1.0 19.0 234.0 25.0
158 -1.0 -1.0 14.0 135.0 77.0
159 -1.0 -1.0 7.0 177.0 43.0
160 -1.0 -1.0 5.0 119.0 62.0
161 -1.0 -1.0 19.0 341.0 72.0
162 -1.0 -1.0 6.0 337.0 70.0
163 -1.0 -1.0 15.0 353.0 35.0
164 -1.0 -1.0 13.0 349.0 31.0
165 -1.0 -1.0 6.0 390.0 32.0
166 -1.0 -1.0 9.0 46.0 20.0
167 -1.0 -1.0 20.0 368.0 52.0
168 -1.0 -1.0 4.0 319.0 83.0
169 -1.0 -1.0 16.0 342.0 75.0
170 -1.0 -1.0 10.0 380.0 77.0
171 -1.0 -1.0 15.0 327.0 56.0
172 -1.0 -1.0 9.0 329.0 16.0
173 -1.0 -1.0 20.0 166.0 100.0
174 -1.0 -1.0 4.0 43.0 97.0
175 -1.0 -1.0 11.0 213.0 91.0
176 -1.0 -1.0 17.0 254.0 20.0
177 -1.0 -1.0 17.0 201.0 72.0
178 -1.0 -1.0 4.0 256.0 95.0
179 -1.0 -1.0 4.0 73.0 63.0
180 -1.0 -1.0 15.0 114.0 64.0
181 -1.0 -1.0 4.0 224.0 37.0
182 -1.0 -1.0 11.0 124.0 87.0
183 -1.0 -1.0 15.0 330.0 20.0
184 -1.0 -1.0 6.0 330.0 17.0
185 -1.0 -1.0 7.0 324.0 97.0
186 -1.0 -1.0 8.0 393.0 48.0
187 -1.0 -1.0 13.0 231.0 52.0
188 -1.0 -1.0 4.0 87.0 65.0
189 -1.0 -1.0 9.0 246.0 15.0
190 -1.0 -1.0 11.0 279.0 92.0
191 -1.0 -1.0 7.0 105.0 19.0
192 -1.0 -1.0 10.0 332.0 58.0
193 -1.0 -1.0 12.0 229.0 86.0
194 -1.0 -1.0 9.0 386.0 67.0
195 -1.0 -1.0 5.0 225.0 99.0
196 -1.0 -1.0 8.0 229.0 20.0
197 -1.0 -1.0 6.0 392.0 18.0
198 -1.0 -1.0 9.0 206.0 96.0
199 -1.0 -1.0 12.0 277.0 17.0
200 -1.0 -1.0 18.0 118.0 65.0
201 -1.0 -1.0 19.0 54.0 64.0
202 -1.0 -1.0 5.0 358.0 77.0
203 -1.0 -1.0 16.0 193.0 52.0
204 -1.0 -1.0 14.0 74.0 76.0
205 -1.0 -1.0 7.0 300.0 15.0
206 -1.0 -1.0 4.0 247.0 85.0
207 -1.0 -1.0 16.0 32.0 33.0
208 -1.0 -1.0 18.0 159.0 50.0
209 -1.0 -1.0 5.0 133.0 58.0
210 -1.0 -1.0 10.0 222.0 21.0
211 -1.0 -1.0 12.0 394.0 100.0
212 -1.0 -1.0 19.0 311.0 72.0
213 -1.0 -1.0 14.0 377.0 34.0
214 -1.0 -1.0 15.0 42.0 18.0
215 -1.0 -1.0 6.0 315.0 54.0
216 -1.0 -1.0 12.0 139.0 23.0
217 -1.0 -1.0 11.0 351.0 98.0
218 -1.0 -1.0 5.0 269.0 93.0
219 -1.0 -1.0 6.0 67.0 23.0
220 -1.0 -1.0 20.0 94.0 19.0
221 -1.0 -1.0 9.0 116.0 76.0
222 -1.0 -1.0 10.0 99.0 94.0
223 -1.0 -1.0 15.0 94.0 27.0
224 -1.0 -1.0 6.0 316.0 93.0
225 -1.0 -1.0 7.0 392.0 58.0
226 -1.0 -1.0 7.0 247.0 35.0
227 -1.0 -1.0 5.0 208.0 75.0
228 -1.0 -1.0 12.0 251.0 26.0
229 -1.0 -1.0 14.0 261.0 95.0
230 -1.0 -1.0 17.0 74.0 91.0
231 -1.0 -1.0 7.0 203.0 16.0
232 -1.0 -1.0 9.0 344.0 15.0
233 -1.0 -1.0 12.0 265.0 93.0
234 -1.0 -1.0 15.0 357.0 38.0
235 -1.0 -1.0 16.0 375.0 86.0
236 -1.0 -1.0 11.0 60.0 73.0
237 -1.0 -1.0 9.0 233.0 65.0
238 -1.0 -1.0 15.0 263.0 73.0
239 -1.0 -1.0 19.0 183.0 42.0
240 -1.0 -1.0 14.0 262.0 48.0
241 -1.0 -1.0 16.0 62.0 87.0
242 -1.0 -1.0 12.0 315.0 84.0
243 -1.0 -1.0 12.0 35.0 28.0
244 -1.0 -1.0 12.0 64.0 23.0
245 -1.0 -1.0 13.0 120.0 55.0
246 -1.0 -1.0 10.0 191.0 17.0
247 -1.0 -1.0 14.0 177.0 64.0
248 -1.0 -1.0 20.0 358.0 79.0
249 -1.0 -1.0 5.0 206.0 94.0
250 -1.0 -1.0 11.0 159.0 76.0
251 -1.0 -1.0 5.0 85.0 82.0
252 -1.0 -1.0 17.0 102.0 64.0
253 -1.0 -1.0 8.0 161.0 63.0
254 -1.0 -1.0 19.0 76.0 54.0
255 -1.0 -1.0 8.0 212.0 50.0
256 -1.0 -1.0 4.0 179.0 69.0
257 -1.0 -1.0 7.0 354.0 93.0
258 -1.0 -1.0 20.0 360.0 99.0
259 -1.0 -1.0 20.0 313.0 31.0
260 -1.0 -1.0 18.0 232.0 39.0
261 -1.0 -1.0 7.0 187.0 89.0
262 -1.0 -1.0 13.0 117.0 47.0
263 -1.0 -1.0 4.0 153.0 71.0
264 -1.0 -1.0 13.0 164.0 26.0
265 -1.0 -1.0 18.0 373.0 65.0
266 -1.0 -1.0 6.0 213.0 28.0
267 -1.0 -1.0 15.0 280.0 40.0
268 -1.0 -1.0 16.0 332.0 37.0
269 -1.0 -1.0 12.0 42.0 53.0
270 -1.0 -1.0 14.0 146.0 68.0
271 -1.0 -1.0 8.0 161.0 26.0
272 -1.0 -1.0 9.0 246.0 38.0
273 -1.0 -1.0 7.0 121.0 67.0
274 -1.0 -1.0 15.0 175.0 51.0
275 -1.0 -1.0 14.0 55.0 40.0
276 -1.0 -1.0 15.0 326.0 25.0
277 -1.0 -1.0 12.0 246.0 23.0
278 -1.0 -1.0 17.0 140.0 64.0
279 -1.0 -1.0 10.0 247.0 43.0
280 -1.0 -1.0 16.0 207.0 40.0
281 -1.0 -1.0 19.0 59.0 20.0
282 -1.0 -1.0 12.0 151.0 44.0
283 -1.0 -1.0 10.0 306.0 38.0
284 -1.0 -1.0 10.0 201.0 77.0
285 -1.0 -1.0 9.0 269.0 53.0
286 -1.0 -1.0 20.0 239.0 81.0
287 -1.0 -1.0 8.0 300.0 83.0
288 -1.0 -1.0 5.0 31.0 66.0
289 -1.0 -1.0 18.0 138.0 20.0
290 -1.0 -1.0 14.0 161.0 52.0
291 -1.0 -1.0 8.0 293.0 93.0
292 -1.0 -1.0 13.0 399.0 69.0
293 -1.0 -1.0 9.0 190.0 40.0
294 -1.0 -1.0 11.0 290.0 42.0
295 -1.0 -1.0 15.0 378.0 98.0
296 -1.0 -1.0 14.0 214.0 97.0
297 -1.0 -1.0 16.0 101.0 15.0
298 -1.0 -1.0 20.0 131.0 95.0
299 -1.0 -1.0 18.0 116.0 33.0
300 -1.0 -1.0 6.0 176.0 78.0
301 -1.0 -1.0 10.0 77.0 92.0
302 -1.0 -1.0 10.0 321.0 23.0
303 -1.0 -1.0 10.0 89.0 30.0
304 -1.0 -1.0 5.0 200.0 56.0
305 -1.0 -1.0 18.0 205.0 86.0
306 -1.0 -1.0 20.0 190.0 54.0
307 -1.0 -1.0 4.0 95.0 61.0
308 -1.0 -1.0 20.0 147.0 18.0
309 -1.0 -1.0 12.0 120.0 92.0
310 -1.0 -1.0 6.0 74.0 52.0
311 -1.0 -1.0 4.0 206.0 67.0
312 -1.0 -1.0 8.0 338.0 77.0
313 -1.0 -1.0 11.0 15.0 57.0
314 -1.0 -1.0 13.0 145.0 80.0
315 -1.0 -1.0 14.0 369.0 26.0
316 -1.0 -1.0 5.0 309.0 33.0
317 -1.0 -1.0 16.0 62.0 24.0
318 -1.0 -1.0 15.0 354.0 30.0
319 -1.0 -1.0 13.0 328.0 97.0
320 -1.0 -1.0 20.0 232.0 99.0
321 -1.0 -1.0 18.0 17.0 40.0
322 -1.0 -1.0 16.0 190.0 70.0
323 -1.0 -1.0 10.0 263.0 43.0
324 -1.0 -1.0 9.0 311.0 17.0
325 -1.0 -1.0 20.0 177.0 69.0
326 -1.0 -1.0 5.0 97.0 74.0
327 -1.0 -1.0 15.0 69.0 40.0
328 -1.0 -1.0 5.0 286.0 18.0
329 -1.0 -1.0 18.0 44.0 40.0
330 -1.0 -1.0 5.0 66.0 42.0
331 -1.0 -1.0 20.0 63.0 22.0
332 -1.0 -1.0 11.0 127.0 50.0
333 -1.0 -1.0 8.0 67.0 32.0
334 -1.0 -1.0 6.0 341.0 94.0
335 -1.0 -1.0 9.0 133.0 51.0
336 -1.0 -1.0 19.0 210.0 29.0
337 -1.0 -1.0 13.0 91.0 60.0
338 -1.0 -1.0 9.0 294.0 61.0
339 -1.0 -1.0 17.0 43.0 31.0
340 -1.0 -1.0 18.0 163.0 27.0
341 -1.0 -1.0 8.0 47.0 77.0
342 -1.0 -1.0 4.0 215.0 80.0
343 -1.0 -1.0 11.0 170.0 47.0
344 -1.0 -1.0 19.0 148.0 40.0
345 -1.0 -1.0 5.0 371.0 19.0
346 -1.0 -1.0 19.0 355.0 92.0
347 -1.0 -1.0 19.0 213.0 75.0
348 -1.0 -1.0 13.0 53.0 82.0
349 -1.0 -1.0 18.0 252.0 89.0
350 -1.0 -1.0 8.0 68.0 85.0
351 -1.0 -1.0 19.0 78.0 24.0
352 -1.0 -1.0 4.0 115.0 66.0
353 -1.0 -1.0 11.0 307.0 37.0
354 -1.0 -1.0 4.0 189.0 83.0
355 -1.0 -1.0 19.0 398.0 91.0
356 -1.0 -1.0 16.0 123.0 93.0
357 -1.0 -1.0 18.0 36.0 27.0
358 -1.0 -1.0 13.0 366.0 61.0
359 -1.0 -1.0 4.0 358.0 65.0
360 -1.0 -1.0 16.0 132.0 25.0
361 -1.0 -1.0 6.0 269.0 88.0
362 -1.0 -1.0 8.0 188.0 99.0
363 -1.0 -1.0 17.0 174.0 49.0
364 -1.0 -1.0 18.0 34.0 63.0
365 -1.0 -1.0 5.0 136.0 16.0
366 -1.0 -1.0 6.0 279.0 17.0
367 -1.0 -1.0 9.0 175.0 62.0
368 -1.0 -1.0 14.0 327.0 49.0
369 -1.0 -1.0 20.0 85.0 36.0
370 -1.0 -1.0 13.0 377.0 80.0
371 -1.0 -1.0 18.0 169.0 97.0
372 -1.0 -1.0 17.0 169.0 18.0
373 -1.0 -1.0 10.0 169.0 55.0
374 -1.0 -1.0 19.0 116.0 29.0
375 -1.0 -1.0 15.0 266.0 87.0
376 -1.0 -1.0 8.0 65.0 56.0
377 -1.0 -1.0 13.0 344.0 32.0
378 -1.0 -1.0 16.0 226.0 70.0
379 -1.0 -1.0 12.0 253.0 21.0
380 -1.0 -1.0 11.0 350.0 16.0
381 -1.0 -1.0 5.0 382.0 60.0
382 -1.0 -1.0 18.0 164.0 67.0
383 -1.0 -1.0 7.0 283.0 41.0
384 -1.0 -1.0 9.0 84.0 87.0
385 -1.0 -1.0 8.0 89.0 20.0
386 -1.0 -1.0 16.0 310.0 41.0
387 -1.0 -1.0 20.0 361.0 80.0
388 -1.0 -1.0 17.0 397.0 99.0
389 -1.0 -1.0 18.0 21.0 50.0
390 -1.0 -1.0 10.0 361.0 61.0
391 -1.0 -1.0 8.0 88.0 17.0
392 -1.0 -1.0 14.0 294.0 38.0
393 -1.0 -1.0 4.0 76.0 27.0
394 -1.0 -1.0 17.0 75.0 54.0
395 -1.0 -1.0 12.0 43.0 91.0
396 -1.0 -1.0 5.0 113.0 82.0
397 -1.0 -1.0 11.0 224.0 82.0
398 -1.0 -1.0 16.0 132.0 66.0
399 -1.0 -1.0 5.0 250.0 47.0
400 -1.0 -1.0 19.0 32.0 32.0
401 -1.0 -1.0 11.0 98.0 67.0
402 -1.0 -1.0 11.0 249.0 43.0
403 -1.0 -1.0 12.0 26.0 99.0
404 -1.0 -1.0 20.0 100.0 54.0
405 -1.0 -1.0 19.0 280.0 29.0
406 -1.0 -1.0 20.0 45.0 93.0
407 -1.0 -1.0 7.0 276.0 56.0
408 -1.0 -1.0 8.0 66.0 56.0
409 -1.0 -1.0 12.0 189.0 99.0
410 -1.0 -1.0 15.0 164.0 75.0
411 -1.0 -1.0 17.0 344.0 69.0
412 -1.0 -1.0 20.0 400.0 72.0
413 -1.0 -1.0 5.0 357.0 73.0
414 -1.0 -1.0 18.0 252.0 66.0
415 -1.0 -1.0 4.0 171.0 40.0
416 -1.0 -1.0 19.0 279.0 80.0
417 -1.0 -1.0 14.0 106.0 38.0
418 -1.0 -1.0 20.0 334.0 47.0
419 -1.0 -1.0 20.0 265.0 24.0
420 -1.0 -1.0 18.0 47.0 29.0
421 -1.0 -1.0 4.0 15.0 66.0
422 -1.0 -1.0 9.0 127.0 81.0
423 -1.0 -1.0 12.0 61.0 51.0
424 -1.0 -1.0 20.0 309.0 36.0
425 -1.0 -1.0 14.0 273.0 30.0
426 -1.0 -1.0 6.0 216.0 100.0
427 -1.0 -1.0 14.0 282.0 84.0
428 -1.0 -1.0 20.0 38.0 80.0
429 -1.0 -1.0 14.0 380.0 62.0
430 -1.0 -1.0 7.0 228.0 87.0
431 -1.0 -1.0 18.0 45.0 17.0
432 -1.0 -1.0 11.0 29.0 65.0
433 -1.0 -1.0 10.0 295.0 71.0
434 -1.0 -1.0 4.0 182.0 56.0
435 -1.0 -1.0 5.0 367.0 61.0
436 -1.0 -1.0 4.0 349.0 18.0
437 -1.0 -1.0 6.0 60.0 43.0
438 -1.0 -1.0 13.0 247.0 89.0
439 -1.0 -1.0 10.0 306.0 85.0
440 -1.0 -1.0 8.0 392.0 66.0
441 -1.0 -1.0 9.0 249.0 61.0
442 -1.0 -1.0 4.0 271.0 42.0
443 -1.0 -1.0 6.0 295.0 24.0
444 -1.0 -1.0 5.0 55.0 96.0
445 -1.0 -1.0 8.0 321.0 71.0
446 -1.0 -1.0 15.0 353.0 37.0
447 -1.0 -1.0 17.0 399.0 24.0
448 -1.0 -1.0 12.0 104.0 79.0
449 -1.0 -1.0 12.0 322.0 95.0
450 -1.0 -1.0 18.0 45.0 96.0
451 -1.0 -1.0 17.0 317.0 80.0
452 -1.0 -1.0 7.0 337.0 36.0
453 -1.0 -1.0 7.0 118.0 41.0
454 -1.0 -1.0 16.0 267.0 30.0
455 -1.0 -1.0 9.0 149.0 60.0
456 -1.0 -1.0 18.0 18.0 91.0
457 -1.0 -1.0 9.0 296.0 90.0
458 -1.0 -1.0 5.0 92.0 65.0
459 -1.0 -1.0 9.0 247.0 16.0
460 -1.0 -1.0 18.0 329.0 28.0
461 -1.0 -1.0 17.0 282.0 43.0
462 -1.0 -1.0 9.0 112.0 58.0
463 -1.0 -1.0 6.0 210.0 70.0
464 -1.0 -1.0 14.0 27.0 89.0
465 -1.0 -1.0 8.0 282.0 21.0
466 -1.0 -1.0 6.0 302.0 67.0
467 -1.0 -1.0 13.0 174.0 59.0
468 -1.0 -1.0 11.0 173.0 61.0
469 -1.0 -1.0 9.0 362.0 77.0
470 -1.0 -1.0 20.0 389.0 23.0
471 -1.0 -1.0 9.0 37.0 82.0
472 -1.0 -1.0 16.0 246.0 57.0
473 -1.0 -1.0 11.0 291.0 98.0
474 -1.0 -1.0 18.0 269.0 23.0
475 -1.0 -1.0 9.0 146.0 51.0
476 -1.0 -1.0 10.0 377.0 81.0
477 -1.0 -1.0 12.0 278.0 100.0
478 -1.0 -1.0 15.0 246.0 57.0
479 -1.0 -1.0 9.0 72.0 70.0
480 -1.0 -1.0 8.0 50.0 65.0
481 -1.0 -1.0 9.0 77.0 76.0
482 -1.0 -1.0 18.0 249.0 58.0
483 -1.0 -1.0 4.0 287.0 23.0
484 -1.0 -1.0 16.0 330.0 81.0
485 -1.0 -1.0 6.0 381.0 91.0
486 -1.0 -1.0 16.0 161.0 29.0
487 -1.0 -1.0 11.0 188.0 72.0
488 -1.0 -1.0 19.0 365.0 82.0
489 -1.0 -1.0 7.0 265.0 73.0
490 -1.0 -1.0 8.0 186.0 34.0
491 -1.0 -1.0 6.0 84.0 50.0
492 -1.0 -1.0 4.0 322.0 36.0
493 -1.0 -1.0 18.0 102.0 100.0
494 -1.0 -1.0 20.0 368.0 36.0
495 -1.0 -1.0 18.0 343.0 58.0
496 -1.0 -1.0 5.0 21.0 73.0
497 -1.0 -1.0 5.0 33.0 27.0
498 -1.0 -1.0 11.0 284.0 18.0
499 -1.0 -1.0 15.0 306.0 29.0
500 -1.0 -1.0 4.0 324.0 50.0
501 -1.0 -1.0 7.0 283.0 70.0
502 -1.0 -1.0 9.0 41.0 36.0
503 -1.0 -1.0 16.0 359.0 49.0
504 -1.0 -1.0 10.0 389.0 69.0
505 -1.0 -1.0 16.0 333.0 48.0
506 -1.0 -1.0 5.0 346.0 41.0
507 -1.0 -1.0 18.0 128.0 60.0
508 -1.0 -1.0 13.0 29.0 33.0
509 -1.0 -1.0 17.0 83.0 89.0
510 -1.0 -1.0 15.0 285.0 66.0
511 -1.0 -1.0 16.0 354.0 24.0
512 -1.0 -1.0 6.0 188.0 27.0
513 -1.0 -1.0 10.0 87.0 97.0
514 -1.0 -1.0 19.0 184.0 44.0
515 -1.0 -1.0 8.0 392.0 42.0
516 -1.0 -1.0 7.0 386.0 92.0
517 -1.0 -1.0 9.0 302.0 99.0
518 -1.0 -1.0 8.0 294.0 75.0
519 -1.0 -1.0 10.0 185.0 49.0
520 -1.0 -1.0 7.0 225.0 30.0
521 -1.0 -1.0 12.0 66.0 63.0
522 -1.0 -1.0 4.0 132.0 40.0
523 -1.0 -1.0 18.0 69.0 50.0
524 -1.0 -1.0 18.0 369.0 41.0
525 -1.0 -1.0 9.0 291.0 35.0
526 -1.0 -1.0 6.0 233.0 61.0
527 -1.0 -1.0 16.0 170.0 60.0
528 -1.0 -1.0 12.0 106.0 91.0
529 -1.0 -1.0 4.0 19.0 32.0
530 -1.0 -1.0 12.0 308.0 25.0
531 -1.0 -1.0 13.0 112.0 91.0
532 -1.0 -1.0 6.0 75.0 83.0
533 -1.0 -1.0 6.0 248.0 51.0
534 -1.0 -1.0 18.0 200.0 33.0
535 -1.0 -1.0 13.0 337.0 21.0
536 -1.0 -1.0 15.0 84.0 58.0
537 -1.0 -1.0 10.0 57.0 97.0
538 -1.0 -1.0 18.0 346.0 74.0
539 -1.0 -1.0 20.0 347.0 47.0
540 -1.0 -1.0 11.0 165.0 43.0
541 -1.0 -1.0 13.0 136.0 35.0
542 -1.0 -1.0 9.0 141.0 82.0
543 -1.0 -1.0 16.0 130.0 23.0
544 -1.0 -1.0 16.0 201.0 32.0
545 -1.0 -1.0 5.0 75.0 28.0
546 -1.0 -1.0 17.0 133.0 26.0
547 -1.0 -1.0 17.0 191.0 55.0
548 -1.0 -1.0 11.0 235.0 91.0
549 -1.0 -1.0 16.0 200.0 76.0
550 -1.0 -1.0 4.0 95.0 51.0
551 -1.0 -1.0 19.0 227.0 96.0
552 -1.0 -1.0 15.0 27.0 39.0
553 -1.0 -1.0 6.0 109.0 17.0
554 -1.0 -1.0 19.0 268.0 44.0
555 -1.0 -1.0 19.0 230.0 97.0
556 -1.0 -1.0 16.0 74.0 41.0
557 -1.0 -1.0 6.0 88.0 18.0
558 -1.0 -1.0 10.0 263.0 62.0
559 -1.0 -1.0 11.0 371.0 74.0
560 -1.0 -1.0 11.0 148.0 37.0
561 -1.0 -1.0 7.0 191.0 92.0
562 -1.0 -1.0 14.0 366.0 23.0
563 -1.0 -1.0 17.0 78.0 29.0
564 -1.0 -1.0 4.0 127.0 62.0
565 -1.0 -1.0 9.0 127.0 48.0
566 -1.0 -1.0 8.0 184.0 68.0
567 -1.0 -1.0 14.0 107.0 89.0
568 -1.0 -1.0 6.0 372.0 64.0
569 -1.0 -1.0 7.0 289.0 30.0
570 -1.0 -1.0 8.0 86.0 42.0
571 -1.0 -1.0 5.0 398.0 96.0
572 -1.0 -1.0 12.0 142.0 41.0
573 -1.0 -1.0 16.0 147.0 83.0
574 -1.0 -1.0 9.0 97.0 15.0
575 -1.0 -1.0 9.0 50.0 73.0
576 -1.0 -1.0 6.0 279.0 18.0
577 -1.0 -1.0 20.0 173.0 70.0
578 -1.0 -1.0 7.0 65.0 95.0
579 -1.0 -1.0 17.0 176.0 61.0
580 -1.0 -1.0 13.0 368.0 79.0
581 -1.0 -1.0 8.0 232.0 38.0
582 -1.0 -1.0 5.0 51.0 85.0
583 -1.0 -1.0 12.0 309.0 98.0
584 -1.0 -1.0 19.0 245.0 81.0
585 -1.0 -1.0 9.0 135.0 62.0
586 -1.0 -1.0 16.0 301.0 55.0
587 -1.0 -1.0 4.0 298.0 43.0
588 -1.0 -1.0 5.0 225.0 35.0
589 -1.0 -1.0 20.0 234.0 79.0
590 -1.0 -1.0 12.0 291.0 59.0
591 -1.0 -1.0 5.0 136.0 87.0
592 -1.0 -1.0 14.0 113.0 95.0
593 -1.0 -1.0 9.0 121.0 84.0
594 -1.0 -1.0 6.0 116.0 70.0
595 -1.0 -1.0 18.0 82.0 65.0
596 -1.0 -1.0 6.0 320.0 76.0
597 -1.0 -1.0 4.0 232.0 51.0
598 -1.0 -1.0 10.0 228.0 76.0
599 -1.0 -1.0 9.0 161.0 79.0
772
0 22 12
0 1 9
1 23 12
1 2 10
3 25 8
3 4 10
4 26 7
4 5 12
5 27 7
5 6 8
6 28 5
7 30 10
8 32 9
9 34 5
9 10 11
10 35 8
10 11 7
11 36 12
11 12 11
12 13 9
13 14 5
14 15 11
15 37 8
16 38 10
16 17 8
17 39 6
17 18 9
18 40 8
18 19 10
20 41 9
21 43 12
22 23 8
23 44 8
24 46 11
24 25 12
25 47 9
25 26 8
26 48 12
26 27 9
27 49 11
27 28 11
28 50 7
28 29 10
29 51 10
29 30 9
30 52 7
30 31 5
31 32 10
32 53 9
32 33 6
33 34 11
34 54 11
34 35 8
35 55 6
35 36 10
36 56 10
37 58 6
38 60 7
38 39 6
39 40 8
41 62 12
41 42 9
42 43 6
43 63 11
44 45 7
45 46 7
46 65 11
46 47 12
47 48 5
48 66 5
48 49 10
49 67 7
49 50 8
50 68 9
50 51 6
51 69 11
51 52 6
52 70 6
54 55 9
55 56 7
57 73 11
58 75 6
58 59 6
59 76 9
59 60 12
60 77 11
61 62 6
62 79 6
63 81 9
64 83 9
66 67 12
67 68 9
68 69 7
69 87 10
69 70 11
70 88 5
70 71 5
71 89 7
72 73 10
73 74 7
74 75 9
75 93 11
75 76 7
76 94 9
76 77 7
78 96 8
79 98 7
79 80 6
80 99 8
80 81 5
81 100 8
81 82 9
83 101 7
83 84 9
84 102 10
84 85 8
85 103 10
86 105 8
87 88 5
88 89 8
89 109 11
90 111 8
90 91 5
91 112 9
91 92 7
92 113 11
93 94 10
94 116 11
95 118 8
95 96 11
96 119 6
96 97 12
97 120 12
97 98 7
98 121 12
98 99 11
99 122 9
99 100 6
100 123 6
101 124 6
101 102 6
102 125 12
102 103 7
103 126 6
103 104 7
104 127 11
104 105 8
105 128 7
105 106 11
106 107 10
107 108 11
108 129 5
109 131 5
110 133 12
110 111 10
111 112 6
112 113 7
113 134 11
113 114 6
115 136 5
116 117 7
118 138 9
118 119 11
119 139 7
119 120 11
120 140 9
120 121 11
121 141 11
121 122 10
122 142 5
122 123 8
123 143 12
124 125 8
125 126 8
126 145 11
126 127 10
127 146 6
127 128 5
130 131 7
131 150 11
131 132 8
132 151 12
132 133 11
133 152 12
134 154 5
135 156 5
135 136 7
136 157 10
136 137 7
137 158 11
138 160 12
138 139 11
139 140 12
140 141 6
141 161 9
141 142 12
142 162 9
142 143 5
143 144 6
144 163 6
145 165 10
145 146 6
146 166 12
147 168 5
147 148 10
148 169 11
149 171 8
150 151 6
151 152 10
152 173 5
153 174 6
153 154 5
154 175 10
154 155 10
155 176 11
155 156 8
156 157 10
157 177 8
157 158 9
158 178 10
159 180 8
159 160 6
161 183 5
161 162 11
162 184 10
164 186 8
164 165 5
165 187 5
165 166 7
166 188 9
166 167 5
167 168 9
168 169 8
169 189 7
169 170 10
170 171 8
171 190 8
171 172 5
172 191 6
174 194 12
174 175 7
175 195 12
175 176 12
177 197 8
177 178 7
178 198 10
179 200 10
179 180 11
181 201 9
181 182 10
182 202 8
182 183 8
183 184 6
185 186 6
186 204 11
186 187 5
187 205 7
187 188 12
188 206 11
190 209 6
190 191 7
191 192 10
192 210 12
193 194 6
194 213 5
194 195 7
195 214 7
196 215 9
196 197 8
197 198 7
198 199 6
199 216 9
199 200 9
200 217 12
201 202 6
202 218 10
203 219 6
204 222 9
204 205 7
205 206 8
206 207 6
208 224 8
208 209 7
209 225 5
210 211 10
211 227 9
211 212 11
212 228 5
213 214 8
216 232 8
216 217 5
217 233 11
219 238 9
219 220 5
220 239 6
221 240 7
221 222 9
222 241 7
223 243 11
223 224 12
224 225 5
225 244 10
225 226 11
226 245 12
227 228 7
229 250 10
230 252 10
230 231 11
231 253 5
231 232 9
232 233 12
233 234 8
234 254 8
234 235 5
235 255 7
236 258 9
236 237 8
237 259 11
237 238 7
238 260 7
238 239 5
240 261 8
240 241 11
241 262 12
242 263 8
243 264 10
244 245 5
245 246 5
246 266 6
247 269 10
247 248 10
248 270 12
248 249 8
249 271 6
249 250 12
250 251 6
251 252 6
252 272 10
252 253 9
253 273 12
254 274 7
254 255 11
255 275 6
255 256 9
256 276 11
256 257 7
257 277 8
257 258 12
258 278 11
258 259 11
259 279 11
259 260 8
260 280 8
261 282 6
261 262 5
263 284 9
264 265 6
265 286 12
266 288 8
266 267 12
267 268 12
268 269 6
269 289 10
269 270 5
270 290 6
270 271 12
271 291 6
272 273 11
273 293 10
274 275 10
275 276 7
276 295 9
276 277 10
277 278 11
278 279 7
279 296 11
279 280 5
280 297 9
280 281 6
281 298 6
282 299 6
283 301 12
283 284 9
284 302 6
285 303 6
286 305 6
287 288 11
288 307 5
289 290 11
290 291 9
291 309 8
292 311 8
293 294 9
294 313 11
295 316 5
296 318 8
296 297 5
297 319 5
297 298 5
299 300 10
300 320 7
300 301 8
301 321 12
301 302 12
303 323 12
303 304 10
304 305 11
305 324 10
305 306 11
306 325 8
307 308 6
308 327 9
309 331 6
309 310 12
310 311 8
311 312 10
313 333 7
313 314 10
314 334 8
315 335 8
315 316 6
316 317 9
318 337 11
318 319 11
319 338 12
320 341 6
320 321 11
321 342 12
322 344 6
322 323 8
323 345 11
324 347 7
324 325 9
325 348 6
325 326 12
326 349 11
327 350 5
327 328 6
328 351 5
328 329 8
329 352 6
329 330 12
330 353 12
330 331 9
332 333 9
333 357 10
333 334 9
334 358 10
336 361 7
336 337 7
337 338 7
338 339 8
340 362 6
340 341 9
341 342 6
342 363 8
342 343 11
343 344 9
344 345 7
345 364 12
345 346 12
346 365 8
346 347 8
347 366 7
347 348 10
348 349 6
350 351 5
351 368 7
351 352 7
352 369 8
352 353 9
353 370 7
354 371 8
354 355 8
355 356 11
356 372 9
357 358 8
358 373 9
358 359 12
360 376 10
360 361 9
361 377 10
363 379 11
364 381 11
364 365 8
365 382 8
365 366 7
366 383 6
367 385 9
368 387 10
368 369 9
369 370 11
370 388 12
371 390 7
373 394 7
374 375 6
375 396 12
375 376 8
376 377 6
378 400 10
378 379 11
379 401 8
379 380 12
380 402 9
381 403 8
381 382 10
382 404 11
382 383 7
383 405 10
383 384 9
384 406 7
385 408 11
385 386 12
386 387 11
387 409 5
388 411 6
388 389 7
389 390 9
390 391 9
392 412 11
392 393 7
393 394 7
394 413 11
394 395 10
396 415 9
397 417 12
397 398 12
399 400 10
400 418 5
400 401 8
401 402 9
402 419 10
403 404 11
404 405 8
405 421 9
405 406 5
406 422 8
406 407 8
407 423 11
407 408 12
409 425 8
409 410 6
410 426 9
410 411 9
413 431 7
414 432 9
414 415 6
415 433 11
415 416 12
416 434 10
417 436 9
419 440 5
419 420 12
420 441 11
421 444 11
421 422 12
422 423 7
423 445 5
424 447 8
424 425 10
425 448 6
425 426 5
426 449 9
427 450 6
427 428 9
428 451 10
429 453 8
430 455 5
430 431 7
431 456 8
432 458 7
432 433 12
433 434 12
434 435 9
435 459 7
436 437 10
437 461 10
438 462 9
439 464 8
439 440 5
440 465 9
440 441 11
441 442 5
442 443 6
443 466 8
443 444 7
444 467 6
445 469 12
445 446 9
446 447 12
447 470 8
447 448 7
448 449 5
449 471 6
450 451 8
451 473 10
451 452 8
452 453 12
453 474 5
453 454 10
454 475 8
454 455 6
455 476 6
455 456 11
456 457 12
457 477 9
457 458 11
458 478 5
459 460 10
460 481 10
461 482 5
462 483 11
462 463 9
463 484 12
463 464 10
464 485 11
464 465 8
465 486 8
466 488 10
466 467 9
467 468 8
468 469 5
469 489 8
470 491 12
471 493 12
471 472 6
472 494 5
474 475 12
475 476 11
476 496 12
477 498 8
477 478 12
478 499 8
478 479 12
479 480 5
480 500 9
481 501 6
482 503 12
483 504 5
483 484 11
484 485 8
485 505 5
485 486 9
486 506 12
487 488 11
488 508 10
489 490 5
490 511 12
490 491 12
491 512 12
491 492 9
492 513 11
492 493 10
493 514 6
493 494 9
494 495 6
495 515 6
496 497 12
497 518 9
497 498 5
498 499 8
499 519 12
501 521 11
501 502 6
502 503 9
503 522 11
504 523 11
505 525 12
505 506 12
506 526 8
506 507 5
508 509 6
509 510 12
511 528 5
511 512 9
512 513 11
513 529 10
513 514 12
515 530 5
515 516 7
517 532 6
519 534 5
519 520 9
521 535 6
523 537 8
523 524 5
524 538 9
524 525 7
525 526 6
526 539 9
527 540 7
528 543 12
529 545 6
530 547 12
531 549 11
531 532 5
532 550 9
533 534 7
534 553 12
535 536 7
537 538 8
538 557 7
539 558 12
540 559 8
540 541 11
541 560 12
541 542 12
542 561 12
543 564 10
543 544 5
544 545 7
545 565 8
545 546 5
546 566 10
547 568 9
547 548 5
548 569 10
548 549 10
549 570 11
549 550 12
550 551 8
551 571 8
551 552 6
552 572 9
553 554 9
555 575 6
556 578 7
557 580 8
558 582 7
559 584 11
559 560 10
560 561 11
561 562 10
562 563 7
563 585 5
563 564 7
564 586 10
565 566 7
566 567 6
567 588 7
567 568 7
568 569 8
569 570 8
570 589 9
571 591 10
571 572 5
572 592 10
572 573 11
573 593 10
574 597 5
574 575 12
575 576 9
576 598 11
576 577 8
577 599 6
577 578 5
579 580 11
580 581 12
581 582 8
582 583 9
583 584 11
585 586 7
586 587 10
589 590 7
590 591 11
591 592 8
592 593 11
593 594 12
594 595 6
595 596 5
596 597 8
598 599 10
10 0.05 0.05 0.05
