726
0 -1.0 -1.0 13.0 252.0 57.0
1 -1.0 -1.0 8.0 273.0 71.0
2 -1.0 -1.0 20.0 251.0 34.0
3 -1.0 -1.0 16.0 164.0 90.0
4 -1.0 -1.0 5.0 337.0 32.0
5 -1.0 -1.0 19.0 367.0 33.0
6 -1.0 -1.0 13.0 40.0 19.0
7 -1.0 -1.0 11.0 394.0 64.0
8 -1.0 -1.0 14.0 248.0 67.0
9 -1.0 -1.0 10.0 394.0 82.0
10 -1.0 -1.0 17.0 394.0 46.0
11 -1.0 -1.0 11.0 235.0 65.0
12 -1.0 -1.0 15.0 56.0 60.0
13 -1.0 -1.0 15.0 213.0 83.0
14 -1.0 -1.0 19.0 386.0 56.0
15 -1.0 -1.0 19.0 68.0 75.0
16 -1.0 -1.0 13.0 390.0 93.0
17 -1.0 -1.0 16.0 197.0 91.0
18 -1.0 -1.0 11.0 210.0 32.0
19 -1.0 -1.0 14.0 198.0 87.0
20 -1.0 -1.0 12.0 360.0 69.0
21 -1.0 -1.0 12.0 223.0 51.0
22 -1.0 -1.0 12.0 199.0 36.0
23 -1.0 -1.0 5.0 299.0 63.0
24 -1.0 -1.0 19.0 28.0 28.0
25 -1.0 -1.0 5.0 64.0 20.0
26 -1.0 -1.0 5.0 269.0 40.0
27 -1.0 -1.0 8.0 385.0 93.0
28 -1.0 -1.0 16.0 152.0 54.0
29 -1.0 -1.0 10.0 62.0 77.0
30 -1.0 -1.0 19.0 343.0 28.0
31 -1.0 -1.0 11.0 66.0 92.0
32 -1.0 -1.0 16.0 215.0 93.0
33 -1.0 -1.0 17.0 214.0 37.0
34 -1.0 -1.0 19.0 244.0 41.0
35 -1.0 -1.0 18.0 33.0 63.0
36 -1.0 -1.0 17.0 369.0 100.0
37 -1.0 -1.0 10.0 350.0 96.0
38 -1.0 -1.0 13.0 365.0 63.0
39 -1.0 -1.0 14.0 391.0 15.0
40 -1.0 -1.0 14.0 181.0 51.0
41 -1.0 -1.0 13.0 376.0 17.0
42 -1.0 -1.0 9.0 75.0 95.0
43 -1.0 -1.0 14.0 227.0 50.0
44 -1.0 -1.0 15.0 95.0 15.0
45 -1.0 -1.0 6.0 62.0 97.0
46 -1.0 -1.0 20.0 99.0 79.0
47 -1.0 -1.0 14.0 175.0 71.0
48 -1.0 -1.0 13.0 348.0 81.0
49 -1.0 -1.0 8.0 249.0 26.0
50 -1.0 -1.0 20.0 153.0 78.0
51 -1.0 -1.0 4.0 288.0 47.0
52 -1.0 -1.0 8.0 323.0 35.0
53 -1.0 -1.0 10.0 90.0 26.0
54 -1.0 -1.0 16.0 125.0 95.0
55 -1.0 -1.0 19.0 376.0 28.0
56 -1.0 -1.0 11.0 198.0 51.0
57 -1.0 -1.0 11.0 150.0 97.0
58 -1.0 -1.0 13.0 267.0 81.0
59 -1.0 -1.0 12.0 133.0 36.0
60 -1.0 -1.0 15.0 371.0 37.0
61 -1.0 -1.0 19.0 355.0 43.0
62 -1.0 -1.0 17.0 311.0 58.0
63 -1.0 -1.0 16.0 337.0 68.0
64 -1.0 -1.0 12.0 288.0 54.0
65 -1.0 -1.0 17.0 260.0 51.0
66 -1.0 -1.0 12.0 236.0 25.0
67 -1.0 -1.0 8.0 117.0 42.0
68 -1.0 -1.0 4.0 52.0 64.0
69 -1.0 -1.0 16.0 285.0 78.0
70 -1.0 -1.0 20.0 33.0 94.0
71 -1.0 -1.0 11.0 70.0 77.0
72 -1.0 -1.0 15.0 317.0 15.0
73 -1.0 -1.0 5.0 196.0 88.0
74 -1.0 -1.0 8.0 269.0 58.0
75 -1.0 -1.0 5.0 117.0 31.0
76 -1.0 -1.0 15.0 385.0 66.0
77 -1.0 -1.0 9.0 88.0 19.0
78 -1.0 -1.0 19.0 174.0 84.0
79 -1.0 -1.0 13.0 17.0 66.0
80 -1.0 -1.0 19.0 285.0 17.0
81 -1.0 -1.0 8.0 189.0 35.0
82 -1.0 -1.0 18.0 381.0 56.0
83 -1.0 -1.0 8.0 52.0 88.0
84 -1.0 -1.0 7.0 353.0 80.0
85 -1.0 -1.0 10.0 154.0 54.0
86 -1.0 -1.0 7.0 107.0 58.0
87 -1.0 -1.0 18.0 244.0 90.0
88 -1.0 -1.0 8.0 163.0 59.0
89 -1.0 -1.0 4.0 157.0 94.0
90 -1.0 -1.0 7.0 202.0 40.0
91 -1.0 -1.0 10.0 36.0 44.0
92 -1.0 -1.0 5.0 245.0 48.0
93 -1.0 -1.0 17.0 127.0 76.0
94 -1.0 -1.0 7.0 102.0 28.0
95 -1.0 -1.0 9.0 70.0 50.0
96 -1.0 -1.0 13.0 180.0 100.0
97 -1.0 -1.0 19.0 233.0 51.0
98 -1.0 -1.0 8.0 308.0 100.0
99 -1.0 -1.0 18.0 71.0 86.0
100 -1.0 -1.0 13.0 91.0 83.0
101 -1.0 -1.0 5.0 322.0 22.0
102 -1.0 -1.0 6.0 310.0 53.0
103 -1.0 -1.0 10.0 353.0 40.0
104 -1.0 -1.0 15.0 199.0 30.0
105 -1.0 -1.0 14.0 342.0 26.0
106 -1.0 -1.0 12.0 71.0 15.0
107 -1.0 -1.0 10.0 362.0 51.0
108 -1.0 -1.0 9.0 350.0 21.0
109 -1.0 -1.0 8.0 52.0 68.0
110 -1.0 -1.0 7.0 371.0 49.0
111 -1.0 -1.0 11.0 383.0 69.0
112 -1.0 -1.0 7.0 83.0 88.0
113 -1.0 -1.0 19.0 146.0 86.0
114 -1.0 -1.0 11.0 56.0 69.0
115 -1.0 -1.0 9.0 15.0 44.0
116 -1.0 -1.0 10.0 381.0 42.0
117 -1.0 -1.0 16.0 212.0 23.0
118 -1.0 -1.0 11.0 238.0 30.0
119 -1.0 -1.0 9.0 222.0 39.0
120 -1.0 -1.0 15.0 94.0 29.0
121 -1.0 -1.0 10.0 388.0 66.0
122 -1.0 -1.0 15.0 354.0 33.0
123 -1.0 -1.0 12.0 115.0 50.0
124 -1.0 -1.0 16.0 110.0 56.0
125 -1.0 -1.0 11.0 153.0 82.0
126 -1.0 -1.0 4.0 44.0 21.0
127 -1.0 -1.0 12.0 323.0 79.0
128 -1.0 -1.0 6.0 314.0 46.0
129 -1.0 -1.0 9.0 279.0 94.0
130 -1.0 -1.0 4.0 293.0 65.0
131 -1.0 -1.0 17.0 38.0 55.0
132 -1.0 -1.0 8.0 276.0 23.0
133 -1.0 -1.0 16.0 356.0 51.0
134 -1.0 -1.0 12.0 379.0 17.0
135 -1.0 -1.0 16.0 323.0 39.0
136 -1.0 -1.0 5.0 188.0 29.0
137 -1.0 -1.0 18.0 387.0 53.0
138 -1.0 -1.0 6.0 146.0 26.0
139 -1.0 -1.0 13.0 190.0 96.0
140 -1.0 -1.0 4.0 249.0 75.0
141 -1.0 -1.0 19.0 225.0 85.0
142 -1.0 -1.0 19.0 286.0 23.0
143 -1.0 -1.0 15.0 86.0 86.0
144 -1.0 -1.0 16.0 328.0 16.0
145 -1.0 -1.0 16.0 82.0 84.0
146 -1.0 -1.0 16.0 334.0 59.0
147 -1.0 -1.0 5.0 342.0 20.0
148 -1.0 -1.0 8.0 219.0 86.0
149 -1.0 -1.0 20.0 399.0 87.0
150 -1.0 -1.0 13.0 372.0 23.0
151 -1.0 -1.0 19.0 275.0 63.0
152 -1.0 -1.0 15.0 123.0 19.0
153 -1.0 -1.0 4.0 278.0 50.0
154 -1.0 -1.0 15.0 305.0 40.0
155 -1.0 -1.0 8.0 152.0 37.0
156 -1.0 -1.0 16.0 277.0 58.0
157 -1.0 -1.0 11.0 194.0 77.0
158 -1.0 -1.0 4.0 140.0 66.0
159 -1.0 -1.0 8.0 85.0 59.0
160 -1.0 -1.0 20.0 90.0 89.0
161 -1.0 -1.0 14.0 358.0 34.0
162 -1.0 -1.0 8.0 161.0 33.0
163 -1.0 -1.0 10.0 154.0 69.0
164 -1.0 -1.0 5.0 250.0 83.0
165 -1.0 -1.0 18.0 393.0 81.0
166 -1.0 -1.0 10.0 124.0 46.0
167 -1.0 -1.0 20.0 346.0 51.0
168 -1.0 -1.0 12.0 293.0 63.0
169 -1.0 -1.0 18.0 292.0 28.0
170 -1.0 -1.0 14.0 65.0 51.0
171 -1.0 -1.0 20.0 298.0 48.0
172 -1.0 -1.0 18.0 210.0 23.0
173 -1.0 -1.0 10.0 166.0 64.0
174 -1.0 -1.0 15.0 279.0 63.0
175 -1.0 -1.0 6.0 337.0 60.0
176 -1.0 -1.0 7.0 399.0 87.0
177 -1.0 -1.0 6.0 148.0 43.0
178 -1.0 -1.0 9.0 348.0 70.0
179 -1.0 -1.0 9.0 257.0 66.0
180 -1.0 -1.0 19.0 91.0 35.0
181 -1.0 -1.0 15.0 24.0 63.0
182 -1.0 -1.0 11.0 228.0 54.0
183 -1.0 -1.0 5.0 264.0 43.0
184 -1.0 -1.0 6.0 270.0 86.0
185 -1.0 -1.0 16.0 285.0 57.0
186 -1.0 -1.0 12.0 269.0 93.0
187 -1.0 -1.0 12.0 277.0 73.0
188 -1.0 -1.0 19.0 237.0 59.0
189 -1.0 -1.0 9.0 140.0 98.0
190 -1.0 -1.0 12.0 64.0 62.0
191 -1.0 -1.0 16.0 265.0 38.0
192 -1.0 -1.0 14.0 284.0 63.0
193 -1.0 -1.0 16.0 357.0 66.0
194 -1.0 -1.0 15.0 332.0 21.0
195 -1.0 -1.0 6.0 241.0 31.0
196 -1.0 -1.0 12.0 253.0 25.0
197 -1.0 -1.0 12.0 399.0 34.0
198 -1.0 -1.0 16.0 40.0 60.0
199 -1.0 -1.0 10.0 367.0 18.0
200 -1.0 -1.0 7.0 341.0 100.0
201 -1.0 -1.0 15.0 271.0 52.0
202 -1.0 -1.0 20.0 156.0 94.0
203 -1.0 -1.0 17.0 279.0 38.0
204 -1.0 -1.0 19.0 282.0 70.0
205 -1.0 -1.0 17.0 80.0 56.0
206 -1.0 -1.0 17.0 231.0 88.0
207 -1.0 -1.0 4.0 181.0 78.0
208 -1.0 -1.0 4.0 355.0 90.0
209 -1.0 -1.0 12.0 96.0 70.0
210 -1.0 -1.0 20.0 296.0 56.0
211 -1.0 -1.0 9.0 306.0 19.0
212 -1.0 -1.0 12.0 346.0 56.0
213 -1.0 -1.0 5.0 79.0 48.0
214 -1.0 -1.0 4.0 242.0 51.0
215 -1.0 -1.0 17.0 40.0 33.0
216 -1.0 -1.0 4.0 322.0 73.0
217 -1.0 -1.0 7.0 222.0 78.0
218 -1.0 -1.0 12.0 94.0 46.0
219 -1.0 -1.0 6.0 285.0 41.0
220 -1.0 -1.0 9.0 183.0 22.0
221 -1.0 -1.0 4.0 322.0 40.0
222 -1.0 -1.0 17.0 64.0 60.0
223 -1.0 -1.0 16.0 255.0 71.0
224 -1.0 -1.0 13.0 207.0 40.0
225 -1.0 -1.0 11.0 391.0 24.0
226 -1.0 -1.0 15.0 20.0 64.0
227 -1.0 -1.0 13.0 36.0 73.0
228 -1.0 -1.0 15.0 215.0 35.0
229 -1.0 -1.0 20.0 276.0 17.0
230 -1.0 -1.0 12.0 136.0 91.0
231 -1.0 -1.0 20.0 110.0 33.0
232 -1.0 -1.0 15.0 90.0 31.0
233 -1.0 -1.0 7.0 265.0 45.0
234 -1.0 -1.0 10.0 330.0 65.0
235 -1.0 -1.0 16.0 151.0 98.0
236 -1.0 -1.0 4.0 93.0 52.0
237 -1.0 -1.0 8.0 80.0 44.0
238 -1.0 -1.0 6.0 263.0 77.0
239 -1.0 -1.0 18.0 214.0 78.0
240 -1.0 -1.0 12.0 26.0 31.0
241 -1.0 -1.0 14.0 329.0 39.0
242 -1.0 -1.0 18.0 144.0 95.0
243 -1.0 -1.0 4.0 203.0 96.0
244 -1.0 -1.0 5.0 400.0 37.0
245 -1.0 -1.0 7.0 47.0 58.0
246 -1.0 -1.0 6.0 73.0 36.0
247 -1.0 -1.0 20.0 338.0 42.0
248 -1.0 -1.0 20.0 328.0 39.0
249 -1.0 -1.0 17.0 384.0 20.0
250 -1.0 -1.0 6.0 157.0 35.0
251 -1.0 -1.0 15.0 15.0 35.0
252 -1.0 -1.0 18.0 247.0 73.0
253 -1.0 -1.0 18.0 210.0 38.0
254 -1.0 -1.0 15.0 316.0 79.0
255 -1.0 -1.0 5.0 245.0 17.0
256 -1.0 -1.0 18.0 121.0 57.0
257 -1.0 -1.0 17.0 374.0 18.0
258 -1.0 -1.0 8.0 140.0 27.0
259 -1.0 -1.0 7.0 265.0 20.0
260 -1.0 -1.0 16.0 60.0 27.0
261 -1.0 -1.0 4.0 126.0 51.0
262 -1.0 -1.0 20.0 221.0 85.0
263 -1.0 -1.0 6.0 235.0 54.0
264 -1.0 -1.0 10.0 306.0 51.0
265 -1.0 -1.0 15.0 46.0 45.0
266 -1.0 -1.0 14.0 51.0 66.0
267 -1.0 -1.0 19.0 72.0 39.0
268 -1.0 -1.0 7.0 274.0 22.0
269 -1.0 -1.0 16.0 51.0 57.0
270 -1.0 -1.0 16.0 335.0 27.0
271 -1.0 -1.0 9.0 329.0 28.0
272 -1.0 -1.0 16.0 366.0 48.0
273 -1.0 -1.0 11.0 272.0 27.0
274 -1.0 -1.0 7.0 305.0 77.0
275 -1.0 -1.0 15.0 104.0 50.0
276 -1.0 -1.0 4.0 44.0 100.0
277 -1.0 -1.0 9.0 82.0 69.0
278 -1.0 -1.0 18.0 307.0 39.0
279 -1.0 -1.0 6.0 151.0 41.0
280 -1.0 -1.0 14.0 52.0 63.0
281 -1.0 -1.0 8.0 244.0 31.0
282 -1.0 -1.0 15.0 66.0 91.0
283 -1.0 -1.0 18.0 294.0 99.0
284 -1.0 -1.0 5.0 322.0 61.0
285 -1.0 -1.0 13.0 67.0 33.0
286 -1.0 -1.0 19.0 60.0 96.0
287 -1.0 -1.0 10.0 28.0 96.0
288 -1.0 -1.0 15.0 44.0 83.0
289 -1.0 -1.0 13.0 308.0 48.0
290 -1.0 -1.0 6.0 177.0 21.0
291 -1.0 -1.0 5.0 203.0 91.0
292 -1.0 -1.0 7.0 237.0 64.0
293 -1.0 -1.0 20.0 55.0 17.0
294 -1.0 -1.0 10.0 133.0 86.0
295 -1.0 -1.0 10.0 157.0 76.0
296 -1.0 -1.0 5.0 85.0 64.0
297 -1.0 -1.0 17.0 294.0 92.0
298 -1.0 -1.0 7.0 34.0 49.0
299 -1.0 -1.0 10.0 248.0 91.0
300 -1.0 -1.0 12.0 19.0 17.0
301 -1.0 -1.0 14.0 132.0 20.0
302 -1.0 -1.0 13.0 67.0 37.0
303 -1.0 -1.0 14.0 38.0 31.0
304 -1.0 -1.0 5.0 277.0 36.0
305 -1.0 -1.0 14.0 388.0 96.0
306 -1.0 -1.0 17.0 87.0 100.0
307 -1.0 -1.0 5.0 35.0 55.0
308 -1.0 -1.0 15.0 81.0 85.0
309 -1.0 -1.0 14.0 175.0 32.0
310 -1.0 -1.0 5.0 198.0 96.0
311 -1.0 -1.0 14.0 26.0 39.0
312 -1.0 -1.0 16.0 293.0 39.0
313 -1.0 -1.0 12.0 23.0 73.0
314 -1.0 -1.0 13.0 396.0 89.0
315 -1.0 -1.0 20.0 146.0 87.0
316 -1.0 -1.0 17.0 134.0 18.0
317 -1.0 -1.0 10.0 57.0 64.0
318 -1.0 -1.0 14.0 79.0 93.0
319 -1.0 -1.0 7.0 41.0 51.0
320 -1.0 -1.0 13.0 153.0 58.0
321 -1.0 -1.0 20.0 129.0 29.0
322 -1.0 -1.0 20.0 266.0 79.0
323 -1.0 -1.0 19.0 102.0 35.0
324 -1.0 -1.0 13.0 197.0 78.0
325 -1.0 -1.0 15.0 248.0 49.0
326 -1.0 -1.0 18.0 177.0 59.0
327 -1.0 -1.0 8.0 396.0 65.0
328 -1.0 -1.0 11.0 392.0 89.0
329 -1.0 -1.0 12.0 18.0 75.0
330 -1.0 -1.0 10.0 76.0 43.0
331 -1.0 -1.0 11.0 318.0 38.0
332 -1.0 -1.0 9.0 108.0 57.0
333 -1.0 -1.0 17.0 356.0 45.0
334 -1.0 -1.0 9.0 277.0 97.0
335 -1.0 -1.0 12.0 259.0 66.0
336 -1.0 -1.0 14.0 41.0 16.0
337 -1.0 -1.0 7.0 351.0 60.0
338 -1.0 -1.0 6.0 46.0 94.0
339 -1.0 -1.0 18.0 268.0 28.0
340 -1.0 -1.0 7.0 34.0 66.0
341 -1.0 -1.0 17.0 192.0 92.0
342 -1.0 -1.0 14.0 339.0 28.0
343 -1.0 -1.0 16.0 147.0 40.0
344 -1.0 -1.0 11.0 167.0 89.0
345 -1.0 -1.0 11.0 43.0 19.0
346 -1.0 -1.0 12.0 377.0 34.0
347 -1.0 -1.0 8.0 305.0 26.0
348 -1.0 -1.0 20.0 269.0 88.0
349 -1.0 -1.0 18.0 73.0 88.0
350 -1.0 -1.0 17.0 39.0 32.0
351 -1.0 -1.0 20.0 107.0 41.0
352 -1.0 -1.0 9.0 185.0 65.0
353 -1.0 -1.0 19.0 273.0 73.0
354 -1.0 -1.0 13.0 232.0 75.0
355 -1.0 -1.0 18.0 274.0 67.0
356 -1.0 -1.0 19.0 262.0 59.0
357 -1.0 -1.0 7.0 105.0 32.0
358 -1.0 -1.0 11.0 329.0 75.0
359 -1.0 -1.0 9.0 230.0 53.0
360 -1.0 -1.0 18.0 111.0 57.0
361 -1.0 -1.0 10.0 24.0 83.0
362 -1.0 -1.0 15.0 267.0 73.0
363 -1.0 -1.0 9.0 209.0 85.0
364 -1.0 -1.0 17.0 111.0 23.0
365 -1.0 -1.0 12.0 61.0 28.0
366 -1.0 -1.0 5.0 69.0 24.0
367 -1.0 -1.0 6.0 106.0 43.0
368 -1.0 -1.0 9.0 313.0 21.0
369 -1.0 -1.0 18.0 215.0 79.0
370 -1.0 -1.0 13.0 231.0 25.0
371 -1.0 -1.0 8.0 34.0 22.0
372 -1.0 -1.0 20.0 140.0 46.0
373 -1.0 -1.0 11.0 350.0 67.0
374 -1.0 -1.0 18.0 104.0 54.0
375 -1.0 -1.0 16.0 394.0 61.0
376 -1.0 -1.0 19.0 91.0 92.0
377 -1.0 -1.0 17.0 116.0 45.0
378 -1.0 -1.0 6.0 377.0 42.0
379 -1.0 -1.0 15.0 394.0 99.0
380 -1.0 -1.0 15.0 75.0 69.0
381 -1.0 -1.0 17.0 310.0 30.0
382 -1.0 -1.0 19.0 232.0 60.0
383 -1.0 -1.0 13.0 196.0 51.0
384 -1.0 -1.0 19.0 88.0 29.0
385 -1.0 -1.0 4.0 325.0 84.0
386 -1.0 -1.0 4.0 39.0 66.0
387 -1.0 -1.0 19.0 254.0 58.0
388 -1.0 -1.0 4.0 195.0 85.0
389 -1.0 -1.0 20.0 88.0 53.0
390 -1.0 -1.0 15.0 27.0 39.0
391 -1.0 -1.0 16.0 360.0 49.0
392 -1.0 -1.0 4.0 357.0 94.0
393 -1.0 -1.0 11.0 234.0 44.0
394 -1.0 -1.0 11.0 195.0 22.0
395 -1.0 -1.0 20.0 136.0 25.0
396 -1.0 -1.0 18.0 297.0 73.0
397 -1.0 -1.0 9.0 251.0 42.0
398 -1.0 -1.0 9.0 75.0 78.0
399 -1.0 -1.0 16.0 141.0 80.0
400 -1.0 -1.0 19.0 223.0 85.0
401 -1.0 -1.0 15.0 43.0 41.0
402 -1.0 -1.0 11.0 260.0 96.0
403 -1.0 -1.0 9.0 51.0 42.0
404 -1.0 -1.0 17.0 52.0 90.0
405 -1.0 -1.0 18.0 322.0 63.0
406 -1.0 -1.0 11.0 194.0 63.0
407 -1.0 -1.0 7.0 247.0 76.0
408 -1.0 -1.0 10.0 336.0 21.0
409 -1.0 -1.0 15.0 76.0 60.0
410 -1.0 -1.0 20.0 94.0 50.0
411 -1.0 -1.0 17.0 199.0 21.0
412 -1.0 -1.0 13.0 157.0 45.0
413 -1.0 -1.0 4.0 256.0 27.0
414 -1.0 -1.0 16.0 187.0 66.0
415 -1.0 -1.0 18.0 286.0 77.0
416 -1.0 -1.0 8.0 72.0 18.0
417 -1.0 -1.0 16.0 168.0 36.0
418 -1.0 -1.0 5.0 369.0 66.0
419 -1.0 -1.0 16.0 34.0 60.0
420 -1.0 -1.0 20.0 355.0 96.0
421 -1.0 -1.0 14.0 355.0 25.0
422 -1.0 -1.0 15.0 338.0 73.0
423 -1.0 -1.0 16.0 392.0 58.0
424 -1.0 -1.0 10.0 25.0 55.0
425 -1.0 -1.0 17.0 333.0 17.0
426 -1.0 -1.0 17.0 79.0 93.0
427 -1.0 -1.0 16.0 199.0 24.0
428 -1.0 -1.0 17.0 383.0 37.0
429 -1.0 -1.0 9.0 79.0 35.0
430 -1.0 -1.0 16.0 322.0 93.0
431 -1.0 -1.0 10.0 196.0 84.0
432 -1.0 -1.0 16.0 398.0 90.0
433 -1.0 -1.0 19.0 204.0 99.0
434 -1.0 -1.0 18.0 39.0 93.0
435 -1.0 -1.0 9.0 42.0 62.0
436 -1.0 -1.0 12.0 32.0 23.0
437 -1.0 -1.0 7.0 135.0 55.0
438 -1.0 -1.0 5.0 251.0 72.0
439 -1.0 -1.0 19.0 203.0 93.0
440 -1.0 -1.0 18.0 96.0 39.0
441 -1.0 -1.0 8.0 302.0 73.0
442 -1.0 -1.0 15.0 259.0 76.0
443 -1.0 -1.0 8.0 25.0 39.0
444 -1.0 -1.0 6.0 265.0 31.0
445 -1.0 -1.0 11.0 250.0 32.0
446 -1.0 -1.0 8.0 399.0 95.0
447 -1.0 -1.0 17.0 68.0 17.0
448 -1.0 -1.0 14.0 312.0 25.0
449 -1.0 -1.0 19.0 16.0 43.0
450 -1.0 -1.0 19.0 273.0 34.0
451 -1.0 -1.0 12.0 150.0 44.0
452 -1.0 -1.0 13.0 47.0 61.0
453 -1.0 -1.0 6.0 121.0 22.0
454 -1.0 -1.0 16.0 243.0 42.0
455 -1.0 -1.0 5.0 219.0 16.0
456 -1.0 -1.0 13.0 44.0 68.0
457 -1.0 -1.0 16.0 217.0 33.0
458 -1.0 -1.0 4.0 326.0 91.0
459 -1.0 -1.0 18.0 305.0 51.0
460 -1.0 -1.0 5.0 208.0 42.0
461 -1.0 -1.0 11.0 393.0 36.0
462 -1.0 -1.0 18.0 338.0 45.0
463 -1.0 -1.0 6.0 383.0 68.0
464 -1.0 -1.0 15.0 332.0 55.0
465 -1.0 -1.0 16.0 113.0 46.0
466 -1.0 -1.0 6.0 197.0 34.0
467 -1.0 -1.0 17.0 188.0 67.0
468 -1.0 -1.0 9.0 179.0 18.0
469 -1.0 -1.0 20.0 359.0 44.0
470 -1.0 -1.0 6.0 90.0 38.0
471 -1.0 -1.0 4.0 72.0 24.0
472 -1.0 -1.0 19.0 24.0 48.0
473 -1.0 -1.0 7.0 141.0 59.0
474 -1.0 -1.0 18.0 243.0 44.0
475 -1.0 -1.0 16.0 122.0 76.0
476 -1.0 -1.0 20.0 90.0 30.0
477 -1.0 -1.0 6.0 141.0 87.0
478 -1.0 -1.0 11.0 56.0 94.0
479 -1.0 -1.0 17.0 78.0 24.0
480 -1.0 -1.0 8.0 348.0 72.0
481 -1.0 -1.0 17.0 315.0 62.0
482 -1.0 -1.0 12.0 78.0 61.0
483 -1.0 -1.0 17.0 59.0 98.0
484 -1.0 -1.0 7.0 394.0 39.0
485 -1.0 -1.0 7.0 113.0 30.0
486 -1.0 -1.0 20.0 287.0 31.0
487 -1.0 -1.0 8.0 217.0 33.0
488 -1.0 -1.0 15.0 392.0 19.0
489 -1.0 -1.0 17.0 272.0 58.0
490 -1.0 -1.0 10.0 260.0 68.0
491 -1.0 -1.0 13.0 290.0 27.0
492 -1.0 -1.0 19.0 266.0 91.0
493 -1.0 -1.0 14.0 274.0 90.0
494 -1.0 -1.0 15.0 282.0 80.0
495 -1.0 -1.0 11.0 197.0 16.0
496 -1.0 -1.0 8.0 322.0 20.0
497 -1.0 -1.0 7.0 268.0 53.0
498 -1.0 -1.0 4.0 24.0 61.0
499 -1.0 -1.0 19.0 114.0 51.0
500 -1.0 -1.0 5.0 124.0 77.0
501 -1.0 -1.0 19.0 98.0 24.0
502 -1.0 -1.0 17.0 73.0 54.0
503 -1.0 -1.0 13.0 110.0 48.0
504 -1.0 -1.0 18.0 297.0 16.0
505 -1.0 -1.0 14.0 68.0 71.0
506 -1.0 -1.0 20.0 282.0 61.0
507 -1.0 -1.0 13.0 310.0 61.0
508 -1.0 -1.0 19.0 182.0 53.0
509 -1.0 -1.0 20.0 283.0 49.0
510 -1.0 -1.0 10.0 129.0 83.0
511 -1.0 -1.0 20.0 113.0 91.0
512 -1.0 -1.0 15.0 175.0 38.0
513 -1.0 -1.0 19.0 390.0 53.0
514 -1.0 -1.0 20.0 103.0 53.0
515 -1.0 -1.0 14.0 145.0 37.0
516 -1.0 -1.0 8.0 215.0 42.0
517 -1.0 -1.0 16.0 63.0 68.0
518 -1.0 -1.0 7.0 211.0 93.0
519 -1.0 -1.0 17.0 124.0 80.0
520 -1.0 -1.0 7.0 327.0 27.0
521 -1.0 -1.0 5.0 108.0 26.0
522 -1.0 -1.0 11.0 348.0 40.0
523 -1.0 -1.0 17.0 259.0 26.0
524 -1.0 -1.0 8.0 290.0 71.0
525 -1.0 -1.0 4.0 111.0 27.0
526 -1.0 -1.0 9.0 83.0 63.0
527 -1.0 -1.0 12.0 61.0 63.0
528 -1.0 -1.0 11.0 108.0 35.0
529 -1.0 -1.0 20.0 400.0 53.0
530 -1.0 -1.0 14.0 33.0 19.0
531 -1.0 -1.0 19.0 21.0 75.0
532 -1.0 -1.0 12.0 371.0 83.0
533 -1.0 -1.0 6.0 262.0 44.0
534 -1.0 -1.0 10.0 365.0 37.0
535 -1.0 -1.0 10.0 111.0 91.0
536 -1.0 -1.0 20.0 288.0 16.0
537 -1.0 -1.0 7.0 48.0 86.0
538 -1.0 -1.0 19.0 85.0 49.0
539 -1.0 -1.0 18.0 230.0 32.0
540 -1.0 -1.0 4.0 331.0 53.0
541 -1.0 -1.0 12.0 398.0 100.0
542 -1.0 -1.0 8.0 141.0 24.0
543 -1.0 -1.0 9.0 128.0 59.0
544 -1.0 -1.0 14.0 389.0 83.0
545 -1.0 -1.0 9.0 122.0 66.0
546 -1.0 -1.0 12.0 78.0 39.0
547 -1.0 -1.0 7.0 382.0 84.0
548 -1.0 -1.0 13.0 326.0 76.0
549 -1.0 -1.0 19.0 42.0 47.0
550 -1.0 -1.0 10.0 368.0 15.0
551 -1.0 -1.0 11.0 92.0 20.0
552 -1.0 -1.0 11.0 61.0 96.0
553 -1.0 -1.0 13.0 287.0 77.0
554 -1.0 -1.0 10.0 51.0 57.0
555 -1.0 -1.0 11.0 364.0 89.0
556 -1.0 -1.0 4.0 35.0 57.0
557 -1.0 -1.0 7.0 78.0 65.0
558 -1.0 -1.0 7.0 136.0 41.0
559 -1.0 -1.0 20.0 203.0 92.0
560 -1.0 -1.0 11.0 28.0 77.0
561 -1.0 -1.0 14.0 59.0 97.0
562 -1.0 -1.0 7.0 172.0 78.0
563 -1.0 -1.0 12.0 137.0 72.0
564 -1.0 -1.0 17.0 63.0 55.0
565 -1.0 -1.0 5.0 51.0 44.0
566 -1.0 -1.0 9.0 96.0 82.0
567 -1.0 -1.0 11.0 400.0 64.0
568 -1.0 -1.0 19.0 374.0 71.0
569 -1.0 -1.0 6.0 306.0 52.0
570 -1.0 -1.0 19.0 67.0 52.0
571 -1.0 -1.0 6.0 399.0 33.0
572 -1.0 -1.0 13.0 41.0 22.0
573 -1.0 -1.0 17.0 303.0 70.0
574 -1.0 -1.0 5.0 140.0 31.0
575 -1.0 -1.0 16.0 86.0 100.0
576 -1.0 -1.0 9.0 195.0 16.0
577 -1.0 -1.0 6.0 317.0 74.0
578 -1.0 -1.0 10.0 205.0 24.0
579 -1.0 -1.0 7.0 23.0 53.0
580 -1.0 -1.0 18.0 348.0 53.0
581 -1.0 -1.0 14.0 205.0 42.0
582 -1.0 -1.0 14.0 328.0 42.0
583 -1.0 -1.0 15.0 53.0 21.0
584 -1.0 -1.0 9.0 198.0 58.0
585 -1.0 -1.0 18.0 137.0 51.0
586 -1.0 -1.0 17.0 123.0 91.0
587 -1.0 -1.0 20.0 393.0 37.0
588 -1.0 -1.0 9.0 135.0 15.0
589 -1.0 -1.0 11.0 141.0 84.0
590 -1.0 -1.0 20.0 328.0 20.0
591 -1.0 -1.0 7.0 254.0 52.0
592 -1.0 -1.0 16.0 228.0 66.0
593 -1.0 -1.0 16.0 275.0 33.0
594 -1.0 -1.0 4.0 157.0 98.0
595 -1.0 -1.0 13.0 298.0 66.0
596 -1.0 -1.0 14.0 168.0 65.0
597 -1.0 -1.0 12.0 99.0 81.0
598 -1.0 -1.0 15.0 181.0 98.0
599 -1.0 -1.0 13.0 194.0 45.0
600 -1.0 -1.0 12.0 181.0 15.0
601 -1.0 -1.0 7.0 196.0 77.0
602 -1.0 -1.0 5.0 69.0 45.0
603 -1.0 -1.0 9.0 295.0 53.0
604 -1.0 -1.0 16.0 68.0 81.0
605 -1.0 -1.0 6.0 103.0 21.0
606 -1.0 -1.0 7.0 299.0 72.0
607 -1.0 -1.0 13.0 182.0 58.0
608 -1.0 -1.0 12.0 358.0 85.0
609 -1.0 -1.0 18.0 323.0 98.0
610 -1.0 -1.0 14.0 349.0 39.0
611 -1.0 -1.0 13.0 86.0 72.0
612 -1.0 -1.0 16.0 322.0 83.0
613 -1.0 -1.0 8.0 197.0 95.0
614 -1.0 -1.0 7.0 127.0 61.0
615 -1.0 -1.0 8.0 390.0 78.0
616 -1.0 -1.0 9.0 397.0 34.0
617 -1.0 -1.0 8.0 297.0 77.0
618 -1.0 -1.0 9.0 379.0 53.0
619 -1.0 -1.0 13.0 302.0 56.0
620 -1.0 -1.0 12.0 207.0 74.0
621 -1.0 -1.0 7.0 167.0 93.0
622 -1.0 -1.0 14.0 267.0 31.0
623 -1.0 -1.0 16.0 199.0 64.0
624 -1.0 -1.0 12.0 228.0 80.0
625 -1.0 -1.0 18.0 24.0 70.0
626 -1.0 -1.0 18.0 123.0 19.0
627 -1.0 -1.0 20.0 56.0 30.0
628 -1.0 -1.0 10.0 70.0 55.0
629 -1.0 -1.0 17.0 178.0 66.0
630 -1.0 -1.0 11.0 27.0 70.0
631 -1.0 -1.0 15.0 103.0 65.0
632 -1.0 -1.0 13.0 324.0 17.0
633 -1.0 -1.0 10.0 128.0 34.0
634 -1.0 -1.0 14.0 162.0 85.0
635 -1.0 -1.0 12.0 30.0 46.0
636 -1.0 -1.0 13.0 47.0 30.0
637 -1.0 -1.0 5.0 193.0 60.0
638 -1.0 -1.0 4.0 65.0 92.0
639 -1.0 -1.0 6.0 397.0 19.0
640 -1.0 -1.0 7.0 369.0 77.0
641 -1.0 -1.0 16.0 97.0 41.0
642 -1.0 -1.0 9.0 220.0 85.0
643 -1.0 -1.0 11.0 259.0 50.0
644 -1.0 -1.0 16.0 259.0 61.0
645 -1.0 -1.0 9.0 287.0 55.0
646 -1.0 -1.0 16.0 254.0 81.0
647 -1.0 -1.0 13.0 314.0 99.0
648 -1.0 -1.0 13.0 105.0 64.0
649 -1.0 -1.0 10.0 137.0 98.0
650 -1.0 -1.0 13.0 183.0 50.0
651 -1.0 -1.0 11.0 103.0 78.0
652 -1.0 -1.0 10.0 219.0 91.0
653 -1.0 -1.0 15.0 279.0 81.0
654 -1.0 -1.0 20.0 130.0 68.0
655 -1.0 -1.0 17.0 221.0 59.0
656 -1.0 -1.0 16.0 258.0 97.0
657 -1.0 -1.0 14.0 83.0 78.0
658 -1.0 -1.0 14.0 214.0 27.0
659 -1.0 -1.0 4.0 244.0 58.0
660 -1.0 -1.0 13.0 127.0 51.0
661 -1.0 -1.0 4.0 393.0 29.0
662 -1.0 -1.0 20.0 133.0 25.0
663 -1.0 -1.0 4.0 236.0 54.0
664 -1.0 -1.0 4.0 258.0 77.0
665 -1.0 -1.0 17.0 31.0 67.0
666 -1.0 -1.0 20.0 161.0 48.0
667 -1.0 -1.0 5.0 114.0 39.0
668 -1.0 -1.0 16.0 260.0 62.0
669 -1.0 -1.0 19.0 76.0 66.0
670 -1.0 -1.0 14.0 370.0 63.0
671 -1.0 -1.0 15.0 51.0 31.0
672 -1.0 -1.0 16.0 352.0 92.0
673 -1.0 -1.0 9.0 166.0 16.0
674 -1.0 -1.0 10.0 255.0 99.0
675 -1.0 -1.0 18.0 97.0 54.0
676 -1.0 -1.0 5.0 390.0 59.0
677 -1.0 -1.0 17.0 381.0 20.0
678 -1.0 -1.0 15.0 232.0 33.0
679 -1.0 -1.0 15.0 240.0 99.0
680 -1.0 -1.0 5.0 125.0 42.0
681 -1.0 -1.0 15.0 278.0 66.0
682 -1.0 -1.0 13.0 157.0 87.0
683 -1.0 -1.0 15.0 138.0 47.0
684 -1.0 -1.0 8.0 231.0 36.0
685 -1.0 -1.0 15.0 69.0 90.0
686 -1.0 -1.0 11.0 138.0 39.0
687 -1.0 -1.0 14.0 300.0 76.0
688 -1.0 -1.0 15.0 391.0 73.0
689 -1.0 -1.0 12.0 198.0 20.0
690 -1.0 -1.0 6.0 90.0 80.0
691 -1.0 -1.0 14.0 203.0 45.0
692 -1.0 -1.0 20.0 359.0 22.0
693 -1.0 -1.0 5.0 126.0 78.0
694 -1.0 -1.0 12.0 120.0 54.0
695 -1.0 -1.0 5.0 156.0 62.0
696 -1.0 -1.0 16.0 280.0 16.0
697 -1.0 -1.0 8.0 273.0 54.0
698 -1.0 -1.0 4.0 247.0 55.0
699 -1.0 -1.0 5.0 389.0 32.0
700 -1.0 -1.0 6.0 194.0 75.0
701 -1.0 -1.0 20.0 181.0 19.0
702 -1.0 -1.0 16.0 160.0 75.0
703 -1.0 -1.0 15.0 331.0 17.0
704 -1.0 -1.0 18.0 125.0 64.0
705 -1.0 -1.0 10.0 299.0 86.0
706 -1.0 -1.0 19.0 48.0 41.0
707 -1.0 -1.0 16.0 101.0 71.0
708 -1.0 -1.0 6.0 46.0 72.0
709 -1.0 -1.0 8.0 265.0 29.0
710 -1.0 -1.0 17.0 301.0 51.0
711 -1.0 -1.0 8.0 331.0 42.0
712 -1.0 -1.0 17.0 200.0 86.0
713 -1.0 -1.0 9.0 236.0 58.0
714 -1.0 -1.0 12.0 382.0 42.0
715 -1.0 -1.0 18.0 182.0 55.0
716 -1.0 -1.0 19.0 271.0 71.0
717 -1.0 -1.0 17.0 221.0 69.0
718 -1.0 -1.0 8.0 183.0 37.0
719 -1.0 -1.0 6.0 322.0 95.0
720 -1.0 -1.0 17.0 326.0 43.0
721 -1.0 -1.0 8.0 337.0 82.0
722 -1.0 -1.0 16.0 389.0 100.0
723 -1.0 -1.0 18.0 150.0 38.0
724 -1.0 -1.0 13.0 173.0 88.0
725 -1.0 -1.0 15.0 288.0 74.0
948
0 25 11
1 26 9
1 2 8
2 27 12
3 29 12
4 31 11
4 5 5
5 32 9
5 6 10
6 7 7
7 33 6
7 8 8
8 34 7
8 9 10
10 35 5
10 11 10
11 36 9
11 12 7
12 37 11
12 13 7
13 38 9
13 14 6
14 39 12
14 15 11
15 16 10
16 40 10
16 17 9
17 41 5
17 18 5
18 42 10
19 20 6
20 44 12
21 46 10
22 23 7
23 48 9
24 50 11
24 25 5
25 51 11
26 52 9
26 27 7
27 28 7
28 29 10
29 53 6
29 30 8
30 31 9
31 54 11
31 32 11
32 55 8
33 34 6
35 36 11
36 37 10
37 38 8
38 57 10
38 39 7
39 58 12
40 41 10
41 42 6
42 59 5
42 43 5
43 60 11
44 45 7
45 62 11
45 46 7
46 63 9
46 47 9
47 64 12
48 49 12
49 66 5
50 51 7
51 67 7
52 69 6
53 70 5
54 72 12
54 55 8
55 73 9
56 77 6
57 80 11
57 58 8
58 81 11
59 82 6
59 60 6
60 83 9
60 61 12
62 85 6
62 63 5
63 64 11
64 86 6
64 65 11
65 87 6
66 89 11
67 91 8
67 68 10
68 69 10
69 92 11
70 71 7
71 95 12
71 72 12
72 73 10
73 74 8
74 75 12
75 96 8
76 98 12
76 77 10
77 99 7
77 78 12
78 100 10
78 79 9
80 81 5
81 101 7
82 83 12
84 104 10
84 85 12
86 105 6
86 87 11
87 106 7
87 88 11
88 107 11
88 89 12
90 108 12
90 91 11
91 109 8
92 111 12
92 93 9
93 94 12
94 112 11
95 113 6
96 97 7
97 116 5
97 98 5
98 117 7
98 99 8
99 118 5
99 100 6
100 119 10
101 123 8
101 102 10
103 127 7
103 104 6
104 128 8
105 106 11
106 107 7
107 131 5
108 132 9
108 109 8
109 133 7
109 110 6
110 134 8
110 111 12
111 135 12
112 137 6
113 138 10
113 114 12
114 139 6
114 115 10
116 117 8
117 141 10
117 118 9
118 142 8
118 119 9
119 143 6
119 120 8
120 144 10
120 121 11
121 145 5
121 122 12
122 146 10
122 123 5
123 147 9
124 125 5
125 126 12
126 127 12
127 149 10
127 128 5
128 129 7
129 130 7
130 150 9
131 152 5
132 133 5
133 134 9
134 135 11
135 136 5
136 154 9
136 137 10
138 139 6
139 155 6
140 157 7
141 142 9
142 159 6
142 143 7
143 144 12
144 145 5
145 146 12
146 160 5
146 147 9
147 161 9
148 163 5
149 165 6
150 166 5
151 167 5
151 152 12
152 168 9
152 153 9
153 169 9
154 174 11
155 156 12
156 176 12
156 157 10
157 158 6
158 177 9
159 178 8
160 161 7
161 179 6
161 162 6
162 180 6
162 163 8
163 181 9
164 183 10
166 186 12
167 168 8
168 169 11
170 171 7
171 188 9
171 172 12
172 173 5
173 174 11
175 190 6
178 195 6
179 198 10
179 180 11
180 181 7
181 182 9
182 183 12
183 199 5
184 202 9
184 185 10
185 186 9
186 187 10
187 203 12
188 207 11
189 210 11
189 190 6
190 211 11
190 191 11
191 192 8
193 194 10
194 195 11
196 215 10
197 198 10
198 217 8
199 200 9
200 201 11
201 219 8
201 202 9
202 220 9
203 223 6
203 204 11
204 224 11
205 226 11
206 227 8
206 207 12
208 209 9
209 229 6
209 210 10
210 211 6
211 230 12
212 213 9
213 232 5
214 236 10
214 215 9
215 216 7
217 238 10
218 240 12
219 242 6
219 220 5
220 221 12
221 222 5
222 223 5
223 243 9
223 224 5
224 225 12
225 244 9
225 226 12
228 246 9
229 248 12
230 250 8
231 253 11
232 255 5
232 233 7
233 256 8
233 234 7
234 257 8
234 235 9
235 236 6
236 258 5
237 238 8
238 261 10
238 239 10
239 262 7
239 240 8
241 264 12
242 265 6
244 267 9
245 268 12
245 246 8
246 269 5
246 247 5
247 270 8
247 248 12
248 271 7
248 249 9
249 272 6
249 250 10
250 273 7
250 251 8
251 252 8
252 274 6
252 253 5
253 275 6
253 254 9
254 276 7
254 255 9
255 277 7
255 256 8
256 278 12
256 257 7
258 279 11
258 259 8
259 280 5
259 260 9
260 281 11
261 262 6
262 283 7
263 285 8
263 264 5
265 266 6
268 291 5
268 269 9
269 270 6
270 292 12
270 271 5
271 272 5
272 273 8
274 275 5
275 293 9
275 276 6
276 294 12
276 277 11
277 295 9
277 278 6
278 296 8
279 298 6
279 280 6
280 299 7
280 281 5
281 300 9
281 282 9
282 301 8
283 284 5
284 303 9
284 285 12
285 304 8
286 305 7
287 288 10
288 308 7
288 289 5
289 309 7
290 311 12
291 313 12
293 316 7
293 294 7
294 317 9
294 295 6
295 318 5
295 296 7
297 320 8
297 298 12
298 299 9
299 321 11
299 300 9
300 322 9
300 301 9
301 323 10
301 302 12
303 325 12
303 304 10
304 326 6
305 328 6
305 306 7
306 329 12
307 330 9
308 332 11
308 309 9
309 310 8
310 333 7
310 311 6
312 334 12
312 313 5
313 335 12
313 314 9
315 339 9
316 341 10
316 317 11
317 342 7
317 318 7
318 343 5
319 345 11
319 320 6
320 346 12
321 348 10
321 322 9
322 349 8
322 323 9
323 350 11
324 352 12
324 325 8
325 353 12
325 326 8
326 354 8
326 327 9
327 355 8
327 328 8
328 356 9
328 329 7
330 331 5
331 358 5
331 332 8
333 359 9
334 335 10
336 362 7
337 363 12
337 338 10
338 364 8
338 339 6
339 340 6
340 365 11
340 341 12
341 366 10
341 342 7
342 343 10
343 344 10
344 367 7
344 345 9
345 346 8
346 368 11
346 347 6
347 348 8
348 349 7
349 369 10
349 350 8
350 370 7
350 351 6
351 371 9
351 352 8
352 372 5
352 353 5
353 354 6
354 373 12
354 355 9
355 356 5
356 374 8
357 376 9
358 377 10
359 379 12
359 360 6
360 380 12
361 383 7
361 362 8
362 384 7
363 385 9
363 364 12
365 386 10
365 366 8
367 389 7
368 391 8
369 393 6
369 370 8
370 394 6
370 371 7
371 395 6
371 372 8
372 396 5
373 398 8
374 400 10
374 375 12
375 401 11
375 376 6
378 403 6
378 379 12
379 404 11
379 380 5
381 405 10
381 382 6
382 406 9
382 383 6
383 407 11
383 384 8
384 408 10
387 412 5
387 388 6
388 413 10
388 389 6
389 414 9
389 390 5
390 415 11
390 391 8
391 416 5
391 392 12
392 417 6
393 419 11
393 394 10
394 420 10
394 395 11
395 396 9
396 421 5
396 397 10
397 398 10
398 422 12
398 399 11
399 423 9
399 400 11
400 424 6
400 401 11
401 425 11
402 426 7
403 429 10
403 404 5
404 430 6
405 432 5
405 406 10
406 433 12
406 407 5
407 408 10
408 434 8
408 409 11
410 437 7
411 439 5
411 412 10
412 440 11
412 413 8
413 414 8
414 441 5
414 415 7
415 442 12
415 416 8
416 417 10
417 443 11
417 418 10
418 419 12
419 444 11
419 420 11
420 445 9
421 447 9
422 423 11
423 449 6
423 424 7
424 450 6
424 425 9
425 451 5
426 427 10
427 453 8
427 428 5
428 429 12
429 430 6
430 431 12
431 454 11
432 455 6
432 433 10
433 456 11
435 458 6
435 436 10
436 437 12
437 459 8
437 438 12
438 460 6
438 439 5
439 461 9
439 440 8
440 462 9
441 442 7
442 463 6
444 466 9
444 445 10
445 446 6
446 447 9
447 448 11
449 450 5
450 467 12
450 451 8
451 452 11
452 468 8
454 472 7
455 473 5
455 456 6
456 474 7
456 457 7
457 475 8
458 476 12
459 477 12
459 460 11
460 478 7
460 461 11
461 462 10
463 481 6
463 464 10
464 482 11
465 466 11
466 484 11
467 489 9
468 490 11
468 469 12
469 491 8
470 493 9
470 471 11
471 494 7
472 496 11
473 497 9
473 474 5
474 498 11
474 475 10
475 499 7
476 502 5
477 503 9
477 478 7
478 504 9
479 506 12
479 480 12
480 507 5
480 481 5
481 508 12
481 482 6
482 509 9
482 483 5
484 510 8
484 485 5
485 486 11
487 488 9
488 512 9
490 515 9
490 491 7
491 516 8
491 492 5
492 493 10
493 517 6
493 494 10
494 518 6
494 495 11
495 519 12
495 496 5
496 520 6
497 521 7
497 498 6
498 522 11
498 499 10
499 523 5
499 500 5
500 524 8
500 501 5
501 525 5
501 502 12
502 526 9
503 527 10
503 504 10
504 528 7
504 505 10
505 529 6
506 531 7
506 507 10
507 532 10
507 508 6
508 533 5
508 509 6
509 534 10
511 538 5
512 539 9
512 513 12
513 540 5
514 542 7
514 515 9
515 543 5
515 516 6
517 545 8
517 518 11
518 546 6
518 519 6
519 547 9
519 520 11
520 548 7
521 549 8
521 522 5
522 550 8
522 523 8
523 551 12
523 524 7
524 552 5
524 525 5
525 526 11
527 553 6
527 528 8
528 554 9
528 529 6
529 555 11
529 530 7
530 531 8
531 532 12
532 533 11
533 556 12
533 534 11
534 535 5
535 557 8
535 536 6
536 558 6
537 560 5
537 538 5
538 561 5
539 562 7
539 540 12
540 563 5
540 541 7
541 564 5
541 542 12
542 565 5
542 543 9
543 566 5
544 545 12
545 568 5
545 546 10
546 569 11
546 547 10
547 570 10
547 548 11
548 571 7
549 572 8
549 550 12
550 573 8
550 551 11
551 574 9
551 552 6
552 575 8
553 578 7
553 554 11
554 555 10
555 579 8
557 558 6
558 583 6
559 585 10
559 560 5
560 561 9
561 586 11
562 563 12
563 588 7
563 564 12
564 565 11
565 589 12
565 566 11
566 567 9
568 590 6
568 569 11
569 591 9
569 570 10
570 592 7
570 571 8
572 573 6
573 574 9
574 575 5
575 593 6
576 595 11
576 577 11
577 596 8
577 578 5
578 597 8
579 580 10
580 598 7
580 581 9
581 599 12
582 600 7
583 584 7
584 585 12
585 601 11
586 603 11
586 587 9
587 604 12
588 606 10
589 608 7
590 611 10
590 591 9
591 592 7
592 612 11
593 616 10
593 594 6
594 617 11
594 595 7
595 596 8
596 618 11
596 597 7
597 619 9
598 599 6
599 622 6
600 625 11
601 627 10
601 602 7
602 603 12
603 604 8
604 628 6
604 605 12
605 606 7
606 629 11
606 607 9
607 608 6
608 630 7
609 610 12
610 631 11
610 611 5
611 632 10
612 634 11
612 613 11
613 635 8
614 636 6
615 616 12
616 638 11
616 617 9
617 639 6
618 619 9
619 641 9
619 620 6
620 621 7
621 642 12
622 623 8
623 644 8
623 624 9
624 625 8
625 645 7
626 647 10
627 649 11
629 653 6
631 657 9
631 632 5
632 658 11
632 633 7
633 659 9
633 634 12
634 660 9
634 635 11
636 661 5
636 637 10
637 662 5
638 664 6
638 639 7
639 640 12
641 665 9
642 667 5
642 643 9
644 668 10
645 669 6
645 646 7
646 670 12
646 647 9
647 671 8
647 648 8
648 672 10
648 649 9
649 673 12
649 650 6
650 674 8
650 651 10
651 675 9
652 653 7
653 654 7
654 676 12
655 677 9
655 656 12
656 657 7
657 658 5
658 678 5
658 659 9
659 660 8
660 679 9
661 681 8
661 662 6
662 663 11
663 682 11
663 664 10
665 685 9
665 666 12
666 686 5
666 667 6
667 687 9
668 690 8
669 691 8
669 670 12
670 692 12
670 671 6
671 672 5
672 673 12
673 674 8
674 693 9
674 675 12
676 694 8
677 695 12
678 698 8
679 700 6
679 680 10
680 701 12
683 703 9
684 705 7
684 685 7
685 706 9
685 686 11
686 707 12
686 687 7
687 708 9
687 688 8
688 709 6
688 689 5
689 710 6
689 690 6
691 711 8
691 692 11
693 715 8
694 720 9
695 721 5
695 696 9
696 697 6
697 722 10
697 698 7
698 723 7
698 699 5
699 700 5
700 724 7
700 701 12
701 725 5
702 703 8
703 704 11
704 705 11
705 706 10
706 707 11
707 708 6
708 709 10
709 710 8
712 713 5
713 714 12
714 715 9
715 716 6
716 717 8
717 718 9
718 719 12
719 720 10
722 723 7
724 725 10
10 0.05 0.05 0.05
