726
0 -1.0 -1.0 20.0 213.0 100.0
1 -1.0 -1.0 19.0 205.0 28.0
2 -1.0 -1.0 9.0 148.0 41.0
3 -1.0 -1.0 17.0 105.0 55.0
4 -1.0 -1.0 18.0 223.0 96.0
5 -1.0 -1.0 4.0 187.0 67.0
6 -1.0 -1.0 4.0 265.0 81.0
7 -1.0 -1.0 11.0 338.0 35.0
8 -1.0 -1.0 17.0 278.0 88.0
9 -1.0 -1.0 14.0 247.0 60.0
10 -1.0 -1.0 14.0 160.0 27.0
11 -1.0 -1.0 19.0 397.0 85.0
12 -1.0 -1.0 17.0 311.0 34.0
13 -1.0 -1.0 4.0 386.0 89.0
14 -1.0 -1.0 12.0 132.0 56.0
15 -1.0 -1.0 4.0 341.0 94.0
16 -1.0 -1.0 12.0 94.0 24.0
17 -1.0 -1.0 12.0 137.0 100.0
18 -1.0 -1.0 7.0 221.0 18.0
19 -1.0 -1.0 17.0 340.0 83.0
20 -1.0 -1.0 11.0 238.0 55.0
21 -1.0 -1.0 17.0 184.0 39.0
22 -1.0 -1.0 9.0 283.0 55.0
23 -1.0 -1.0 4.0 298.0 96.0
24 -1.0 -1.0 4.0 303.0 36.0
25 -1.0 -1.0 11.0 395.0 36.0
26 -1.0 -1.0 17.0 125.0 28.0
27 -1.0 -1.0 20.0 333.0 77.0
28 -1.0 -1.0 16.0 387.0 28.0
29 -1.0 -1.0 12.0 254.0 33.0
30 -1.0 -1.0 17.0 96.0 42.0
31 -1.0 -1.0 16.0 157.0 90.0
32 -1.0 -1.0 20.0 336.0 72.0
33 -1.0 -1.0 5.0 190.0 55.0
34 -1.0 -1.0 17.0 379.0 80.0
35 -1.0 -1.0 14.0 201.0 31.0
36 -1.0 -1.0 5.0 72.0 83.0
37 -1.0 -1.0 15.0 41.0 62.0
38 -1.0 -1.0 5.0 54.0 39.0
39 -1.0 -1.0 12.0 364.0 31.0
40 -1.0 -1.0 15.0 140.0 26.0
41 -1.0 -1.0 14.0 112.0 93.0
42 -1.0 -1.0 15.0 21.0 42.0
43 -1.0 -1.0 17.0 144.0 19.0
44 -1.0 -1.0 13.0 340.0 42.0
45 -1.0 -1.0 5.0 146.0 35.0
46 -1.0 -1.0 12.0 212.0 48.0
47 -1.0 -1.0 17.0 291.0 44.0
48 -1.0 -1.0 19.0 117.0 97.0
49 -1.0 -1.0 13.0 38.0 20.0
50 -1.0 -1.0 5.0 364.0 36.0
51 -1.0 -1.0 8.0 64.0 27.0
52 -1.0 -1.0 14.0 369.0 19.0
53 -1.0 -1.0 15.0 159.0 76.0
54 -1.0 -1.0 9.0 176.0 26.0
55 -1.0 -1.0 20.0 314.0 40.0
56 -1.0 -1.0 11.0 103.0 62.0
57 -1.0 -1.0 14.0 126.0 17.0
58 -1.0 -1.0 13.0 355.0 69.0
59 -1.0 -1.0 12.0 41.0 64.0
60 -1.0 -1.0 6.0 357.0 35.0
61 -1.0 -1.0 7.0 109.0 90.0
62 -1.0 -1.0 17.0 268.0 45.0
63 -1.0 -1.0 9.0 386.0 25.0
64 -1.0 -1.0 8.0 395.0 96.0
65 -1.0 -1.0 17.0 93.0 69.0
66 -1.0 -1.0 15.0 146.0 81.0
67 -1.0 -1.0 5.0 152.0 93.0
68 -1.0 -1.0 20.0 108.0 98.0
69 -1.0 -1.0 20.0 61.0 29.0
70 -1.0 -1.0 7.0 41.0 92.0
71 -1.0 -1.0 6.0 344.0 25.0
72 -1.0 -1.0 8.0 60.0 26.0
73 -1.0 -1.0 5.0 381.0 15.0
74 -1.0 -1.0 5.0 382.0 57.0
75 -1.0 -1.0 9.0 342.0 93.0
76 -1.0 -1.0 17.0 244.0 62.0
77 -1.0 -1.0 9.0 157.0 42.0
78 -1.0 -1.0 8.0 75.0 90.0
79 -1.0 -1.0 20.0 368.0 16.0
80 -1.0 -1.0 11.0 172.0 25.0
81 -1.0 -1.0 10.0 178.0 46.0
82 -1.0 -1.0 5.0 190.0 88.0
83 -1.0 -1.0 16.0 256.0 79.0
84 -1.0 -1.0 5.0 310.0 85.0
85 -1.0 -1.0 4.0 378.0 48.0
86 -1.0 -1.0 10.0 232.0 43.0
87 -1.0 -1.0 16.0 142.0 45.0
88 -1.0 -1.0 13.0 111.0 34.0
89 -1.0 -1.0 7.0 368.0 56.0
90 -1.0 -1.0 5.0 72.0 48.0
91 -1.0 -1.0 17.0 172.0 24.0
92 -1.0 -1.0 18.0 277.0 70.0
93 -1.0 -1.0 20.0 47.0 18.0
94 -1.0 -1.0 10.0 275.0 30.0
95 -1.0 -1.0 6.0 191.0 80.0
96 -1.0 -1.0 11.0 105.0 58.0
97 -1.0 -1.0 9.0 270.0 67.0
98 -1.0 -1.0 20.0 236.0 28.0
99 -1.0 -1.0 16.0 152.0 93.0
100 -1.0 -1.0 20.0 224.0 85.0
101 -1.0 -1.0 9.0 375.0 40.0
102 -1.0 -1.0 8.0 48.0 29.0
103 -1.0 -1.0 4.0 377.0 86.0
104 -1.0 -1.0 20.0 111.0 70.0
105 -1.0 -1.0 8.0 112.0 89.0
106 -1.0 -1.0 20.0 339.0 77.0
107 -1.0 -1.0 18.0 383.0 90.0
108 -1.0 -1.0 11.0 301.0 84.0
109 -1.0 -1.0 12.0 390.0 72.0
110 -1.0 -1.0 5.0 50.0 17.0
111 -1.0 -1.0 9.0 70.0 47.0
112 -1.0 -1.0 19.0 393.0 70.0
113 -1.0 -1.0 9.0 285.0 24.0
114 -1.0 -1.0 6.0 56.0 51.0
115 -1.0 -1.0 12.0 275.0 36.0
116 -1.0 -1.0 15.0 297.0 45.0
117 -1.0 -1.0 17.0 158.0 90.0
118 -1.0 -1.0 14.0 338.0 90.0
119 -1.0 -1.0 9.0 400.0 65.0
120 -1.0 -1.0 10.0 128.0 22.0
121 -1.0 -1.0 10.0 365.0 59.0
122 -1.0 -1.0 8.0 245.0 70.0
123 -1.0 -1.0 17.0 307.0 74.0
124 -1.0 -1.0 19.0 179.0 74.0
125 -1.0 -1.0 12.0 213.0 97.0
126 -1.0 -1.0 11.0 200.0 64.0
127 -1.0 -1.0 9.0 247.0 86.0
128 -1.0 -1.0 18.0 135.0 18.0
129 -1.0 -1.0 5.0 149.0 51.0
130 -1.0 -1.0 17.0 215.0 56.0
131 -1.0 -1.0 17.0 215.0 39.0
132 -1.0 -1.0 17.0 389.0 67.0
133 -1.0 -1.0 19.0 183.0 88.0
134 -1.0 -1.0 19.0 129.0 20.0
135 -1.0 -1.0 5.0 202.0 52.0
136 -1.0 -1.0 4.0 292.0 57.0
137 -1.0 -1.0 11.0 157.0 24.0
138 -1.0 -1.0 11.0 111.0 24.0
139 -1.0 -1.0 11.0 248.0 43.0
140 -1.0 -1.0 12.0 250.0 47.0
141 -1.0 -1.0 11.0 286.0 51.0
142 -1.0 -1.0 4.0 298.0 55.0
143 -1.0 -1.0 13.0 337.0 48.0
144 -1.0 -1.0 13.0 80.0 39.0
145 -1.0 -1.0 19.0 20.0 72.0
146 -1.0 -1.0 7.0 247.0 34.0
147 -1.0 -1.0 14.0 221.0 75.0
148 -1.0 -1.0 18.0 104.0 46.0
149 -1.0 -1.0 17.0 48.0 99.0
150 -1.0 -1.0 4.0 376.0 73.0
151 -1.0 -1.0 7.0 290.0 59.0
152 -1.0 -1.0 4.0 154.0 57.0
153 -1.0 -1.0 4.0 116.0 96.0
154 -1.0 -1.0 11.0 208.0 47.0
155 -1.0 -1.0 8.0 167.0 26.0
156 -1.0 -1.0 19.0 306.0 17.0
157 -1.0 -1.0 11.0 272.0 72.0
158 -1.0 -1.0 11.0 62.0 80.0
159 -1.0 -1.0 6.0 183.0 61.0
160 -1.0 -1.0 7.0 93.0 94.0
161 -1.0 -1.0 8.0 250.0 18.0
162 -1.0 -1.0 13.0 380.0 62.0
163 -1.0 -1.0 13.0 41.0 100.0
164 -1.0 -1.0 18.0 142.0 69.0
165 -1.0 -1.0 17.0 362.0 83.0
166 -1.0 -1.0 7.0 168.0 18.0
167 -1.0 -1.0 20.0 230.0 71.0
168 -1.0 -1.0 18.0 30.0 49.0
169 -1.0 -1.0 11.0 15.0 99.0
170 -1.0 -1.0 6.0 86.0 35.0
171 -1.0 -1.0 20.0 174.0 66.0
172 -1.0 -1.0 8.0 43.0 79.0
173 -1.0 -1.0 8.0 24.0 86.0
174 -1.0 -1.0 11.0 116.0 53.0
175 -1.0 -1.0 16.0 385.0 38.0
176 -1.0 -1.0 10.0 319.0 62.0
177 -1.0 -1.0 10.0 240.0 40.0
178 -1.0 -1.0 19.0 188.0 92.0
179 -1.0 -1.0 10.0 346.0 49.0
180 -1.0 -1.0 5.0 184.0 99.0
181 -1.0 -1.0 4.0 268.0 90.0
182 -1.0 -1.0 12.0 81.0 47.0
183 -1.0 -1.0 10.0 146.0 48.0
184 -1.0 -1.0 18.0 33.0 48.0
185 -1.0 -1.0 15.0 26.0 28.0
186 -1.0 -1.0 18.0 298.0 79.0
187 -1.0 -1.0 7.0 55.0 68.0
188 -1.0 -1.0 4.0 114.0 39.0
189 -1.0 -1.0 16.0 320.0 49.0
190 -1.0 -1.0 20.0 184.0 45.0
191 -1.0 -1.0 20.0 323.0 61.0
192 -1.0 -1.0 9.0 225.0 42.0
193 -1.0 -1.0 19.0 383.0 86.0
194 -1.0 -1.0 15.0 220.0 95.0
195 -1.0 -1.0 11.0 204.0 73.0
196 -1.0 -1.0 16.0 395.0 57.0
197 -1.0 -1.0 9.0 24.0 80.0
198 -1.0 -1.0 19.0 223.0 72.0
199 -1.0 -1.0 14.0 381.0 81.0
200 -1.0 -1.0 18.0 224.0 67.0
201 -1.0 -1.0 6.0 151.0 21.0
202 -1.0 -1.0 13.0 103.0 18.0
203 -1.0 -1.0 6.0 121.0 52.0
204 -1.0 -1.0 6.0 266.0 47.0
205 -1.0 -1.0 11.0 140.0 49.0
206 -1.0 -1.0 16.0 394.0 46.0
207 -1.0 -1.0 9.0 394.0 91.0
208 -1.0 -1.0 10.0 182.0 17.0
209 -1.0 -1.0 8.0 333.0 71.0
210 -1.0 -1.0 16.0 345.0 56.0
211 -1.0 -1.0 18.0 305.0 81.0
212 -1.0 -1.0 14.0 147.0 45.0
213 -1.0 -1.0 20.0 103.0 99.0
214 -1.0 -1.0 10.0 52.0 87.0
215 -1.0 -1.0 15.0 20.0 87.0
216 -1.0 -1.0 16.0 289.0 26.0
217 -1.0 -1.0 11.0 258.0 15.0
218 -1.0 -1.0 14.0 117.0 68.0
219 -1.0 -1.0 18.0 93.0 46.0
220 -1.0 -1.0 6.0 349.0 62.0
221 -1.0 -1.0 8.0 18.0 48.0
222 -1.0 -1.0 4.0 165.0 74.0
223 -1.0 -1.0 18.0 314.0 39.0
224 -1.0 -1.0 19.0 22.0 50.0
225 -1.0 -1.0 15.0 258.0 17.0
226 -1.0 -1.0 12.0 191.0 23.0
227 -1.0 -1.0 12.0 282.0 82.0
228 -1.0 -1.0 8.0 85.0 37.0
229 -1.0 -1.0 17.0 293.0 54.0
230 -1.0 -1.0 7.0 393.0 77.0
231 -1.0 -1.0 12.0 44.0 70.0
232 -1.0 -1.0 19.0 353.0 80.0
233 -1.0 -1.0 5.0 124.0 17.0
234 -1.0 -1.0 20.0 219.0 19.0
235 -1.0 -1.0 12.0 136.0 86.0
236 -1.0 -1.0 11.0 388.0 71.0
237 -1.0 -1.0 19.0 23.0 30.0
238 -1.0 -1.0 10.0 177.0 56.0
239 -1.0 -1.0 16.0 158.0 23.0
240 -1.0 -1.0 7.0 349.0 87.0
241 -1.0 -1.0 13.0 308.0 51.0
242 -1.0 -1.0 8.0 48.0 86.0
243 -1.0 -1.0 10.0 61.0 16.0
244 -1.0 -1.0 17.0 21.0 75.0
245 -1.0 -1.0 18.0 199.0 21.0
246 -1.0 -1.0 13.0 239.0 65.0
247 -1.0 -1.0 9.0 366.0 17.0
248 -1.0 -1.0 18.0 362.0 75.0
249 -1.0 -1.0 9.0 266.0 77.0
250 -1.0 -1.0 17.0 57.0 20.0
251 -1.0 -1.0 18.0 74.0 23.0
252 -1.0 -1.0 17.0 170.0 58.0
253 -1.0 -1.0 5.0 369.0 60.0
254 -1.0 -1.0 9.0 219.0 69.0
255 -1.0 -1.0 15.0 148.0 58.0
256 -1.0 -1.0 17.0 95.0 21.0
257 -1.0 -1.0 5.0 138.0 100.0
258 -1.0 -1.0 12.0 333.0 35.0
259 -1.0 -1.0 11.0 253.0 26.0
260 -1.0 -1.0 13.0 17.0 50.0
261 -1.0 -1.0 5.0 341.0 97.0
262 -1.0 -1.0 20.0 105.0 38.0
263 -1.0 -1.0 4.0 250.0 82.0
264 -1.0 -1.0 18.0 314.0 44.0
265 -1.0 -1.0 18.0 167.0 46.0
266 -1.0 -1.0 17.0 260.0 33.0
267 -1.0 -1.0 17.0 176.0 90.0
268 -1.0 -1.0 14.0 54.0 62.0
269 -1.0 -1.0 6.0 176.0 65.0
270 -1.0 -1.0 6.0 80.0 93.0
271 -1.0 -1.0 16.0 162.0 35.0
272 -1.0 -1.0 15.0 44.0 60.0
273 -1.0 -1.0 5.0 277.0 20.0
274 -1.0 -1.0 4.0 79.0 42.0
275 -1.0 -1.0 11.0 230.0 33.0
276 -1.0 -1.0 17.0 171.0 96.0
277 -1.0 -1.0 4.0 376.0 47.0
278 -1.0 -1.0 16.0 238.0 49.0
279 -1.0 -1.0 10.0 57.0 61.0
280 -1.0 -1.0 16.0 26.0 55.0
281 -1.0 -1.0 18.0 206.0 51.0
282 -1.0 -1.0 10.0 29.0 70.0
283 -1.0 -1.0 6.0 240.0 95.0
284 -1.0 -1.0 17.0 255.0 40.0
285 -1.0 -1.0 5.0 225.0 88.0
286 -1.0 -1.0 13.0 129.0 64.0
287 -1.0 -1.0 12.0 147.0 18.0
288 -1.0 -1.0 5.0 197.0 76.0
289 -1.0 -1.0 14.0 120.0 64.0
290 -1.0 -1.0 5.0 250.0 34.0
291 -1.0 -1.0 4.0 258.0 43.0
292 -1.0 -1.0 12.0 150.0 62.0
293 -1.0 -1.0 17.0 262.0 57.0
294 -1.0 -1.0 4.0 110.0 48.0
295 -1.0 -1.0 17.0 360.0 21.0
296 -1.0 -1.0 8.0 62.0 96.0
297 -1.0 -1.0 20.0 88.0 17.0
298 -1.0 -1.0 15.0 61.0 72.0
299 -1.0 -1.0 9.0 260.0 25.0
300 -1.0 -1.0 7.0 238.0 27.0
301 -1.0 -1.0 13.0 156.0 77.0
302 -1.0 -1.0 5.0 384.0 65.0
303 -1.0 -1.0 4.0 119.0 87.0
304 -1.0 -1.0 20.0 191.0 72.0
305 -1.0 -1.0 7.0 136.0 55.0
306 -1.0 -1.0 17.0 131.0 40.0
307 -1.0 -1.0 17.0 200.0 64.0
308 -1.0 -1.0 13.0 230.0 34.0
309 -1.0 -1.0 19.0 185.0 98.0
310 -1.0 -1.0 8.0 96.0 95.0
311 -1.0 -1.0 9.0 321.0 47.0
312 -1.0 -1.0 7.0 302.0 73.0
313 -1.0 -1.0 12.0 208.0 56.0
314 -1.0 -1.0 8.0 56.0 91.0
315 -1.0 -1.0 6.0 249.0 18.0
316 -1.0 -1.0 13.0 194.0 22.0
317 -1.0 -1.0 11.0 31.0 39.0
318 -1.0 -1.0 8.0 20.0 61.0
319 -1.0 -1.0 8.0 233.0 45.0
320 -1.0 -1.0 19.0 342.0 28.0
321 -1.0 -1.0 8.0 343.0 85.0
322 -1.0 -1.0 6.0 305.0 65.0
323 -1.0 -1.0 19.0 286.0 100.0
324 -1.0 -1.0 5.0 372.0 50.0
325 -1.0 -1.0 8.0 388.0 91.0
326 -1.0 -1.0 10.0 375.0 73.0
327 -1.0 -1.0 19.0 106.0 92.0
328 -1.0 -1.0 7.0 236.0 68.0
329 -1.0 -1.0 4.0 114.0 65.0
330 -1.0 -1.0 16.0 312.0 92.0
331 -1.0 -1.0 20.0 195.0 30.0
332 -1.0 -1.0 10.0 26.0 50.0
333 -1.0 -1.0 14.0 337.0 24.0
334 -1.0 -1.0 5.0 368.0 16.0
335 -1.0 -1.0 5.0 212.0 46.0
336 -1.0 -1.0 6.0 202.0 42.0
337 -1.0 -1.0 4.0 142.0 99.0
338 -1.0 -1.0 16.0 397.0 22.0
339 -1.0 -1.0 11.0 220.0 71.0
340 -1.0 -1.0 7.0 140.0 38.0
341 -1.0 -1.0 6.0 368.0 88.0
342 -1.0 -1.0 4.0 266.0 62.0
343 -1.0 -1.0 10.0 291.0 75.0
344 -1.0 -1.0 11.0 340.0 61.0
345 -1.0 -1.0 18.0 173.0 42.0
346 -1.0 -1.0 15.0 148.0 98.0
347 -1.0 -1.0 16.0 38.0 89.0
348 -1.0 -1.0 6.0 261.0 37.0
349 -1.0 -1.0 7.0 395.0 71.0
350 -1.0 -1.0 20.0 138.0 100.0
351 -1.0 -1.0 12.0 283.0 37.0
352 -1.0 -1.0 5.0 67.0 68.0
353 -1.0 -1.0 8.0 341.0 48.0
354 -1.0 -1.0 17.0 166.0 22.0
355 -1.0 -1.0 10.0 136.0 64.0
356 -1.0 -1.0 12.0 142.0 41.0
357 -1.0 -1.0 17.0 360.0 83.0
358 -1.0 -1.0 15.0 207.0 55.0
359 -1.0 -1.0 11.0 345.0 27.0
360 -1.0 -1.0 15.0 109.0 73.0
361 -1.0 -1.0 8.0 88.0 81.0
362 -1.0 -1.0 16.0 25.0 41.0
363 -1.0 -1.0 13.0 283.0 70.0
364 -1.0 -1.0 11.0 315.0 88.0
365 -1.0 -1.0 11.0 46.0 68.0
366 -1.0 -1.0 9.0 346.0 55.0
367 -1.0 -1.0 7.0 86.0 67.0
368 -1.0 -1.0 5.0 239.0 52.0
369 -1.0 -1.0 7.0 137.0 88.0
370 -1.0 -1.0 5.0 109.0 39.0
371 -1.0 -1.0 12.0 130.0 24.0
372 -1.0 -1.0 7.0 23.0 77.0
373 -1.0 -1.0 15.0 22.0 36.0
374 -1.0 -1.0 11.0 225.0 53.0
375 -1.0 -1.0 10.0 241.0 15.0
376 -1.0 -1.0 8.0 354.0 19.0
377 -1.0 -1.0 9.0 218.0 76.0
378 -1.0 -1.0 16.0 151.0 26.0
379 -1.0 -1.0 15.0 340.0 93.0
380 -1.0 -1.0 12.0 251.0 19.0
381 -1.0 -1.0 10.0 356.0 67.0
382 -1.0 -1.0 10.0 121.0 77.0
383 -1.0 -1.0 14.0 313.0 55.0
384 -1.0 -1.0 14.0 38.0 60.0
385 -1.0 -1.0 6.0 366.0 25.0
386 -1.0 -1.0 18.0 230.0 99.0
387 -1.0 -1.0 19.0 350.0 30.0
388 -1.0 -1.0 9.0 259.0 83.0
389 -1.0 -1.0 15.0 278.0 30.0
390 -1.0 -1.0 4.0 285.0 16.0
391 -1.0 -1.0 17.0 71.0 81.0
392 -1.0 -1.0 12.0 136.0 36.0
393 -1.0 -1.0 9.0 312.0 93.0
394 -1.0 -1.0 15.0 90.0 89.0
395 -1.0 -1.0 18.0 261.0 29.0
396 -1.0 -1.0 4.0 178.0 79.0
397 -1.0 -1.0 12.0 198.0 66.0
398 -1.0 -1.0 7.0 276.0 21.0
399 -1.0 -1.0 19.0 394.0 27.0
400 -1.0 -1.0 16.0 387.0 81.0
401 -1.0 -1.0 12.0 149.0 19.0
402 -1.0 -1.0 10.0 113.0 44.0
403 -1.0 -1.0 10.0 284.0 65.0
404 -1.0 -1.0 6.0 175.0 74.0
405 -1.0 -1.0 6.0 84.0 37.0
406 -1.0 -1.0 13.0 395.0 62.0
407 -1.0 -1.0 15.0 19.0 64.0
408 -1.0 -1.0 19.0 135.0 67.0
409 -1.0 -1.0 9.0 42.0 68.0
410 -1.0 -1.0 10.0 48.0 80.0
411 -1.0 -1.0 8.0 68.0 24.0
412 -1.0 -1.0 9.0 134.0 97.0
413 -1.0 -1.0 18.0 208.0 96.0
414 -1.0 -1.0 9.0 339.0 67.0
415 -1.0 -1.0 10.0 275.0 15.0
416 -1.0 -1.0 13.0 339.0 99.0
417 -1.0 -1.0 16.0 357.0 93.0
418 -1.0 -1.0 16.0 17.0 45.0
419 -1.0 -1.0 17.0 370.0 75.0
420 -1.0 -1.0 19.0 142.0 61.0
421 -1.0 -1.0 13.0 395.0 31.0
422 -1.0 -1.0 11.0 120.0 80.0
423 -1.0 -1.0 10.0 199.0 41.0
424 -1.0 -1.0 14.0 153.0 39.0
425 -1.0 -1.0 16.0 145.0 36.0
426 -1.0 -1.0 16.0 163.0 76.0
427 -1.0 -1.0 17.0 51.0 45.0
428 -1.0 -1.0 19.0 384.0 92.0
429 -1.0 -1.0 10.0 257.0 92.0
430 -1.0 -1.0 20.0 134.0 45.0
431 -1.0 -1.0 12.0 247.0 18.0
432 -1.0 -1.0 16.0 284.0 58.0
433 -1.0 -1.0 13.0 146.0 79.0
434 -1.0 -1.0 16.0 374.0 89.0
435 -1.0 -1.0 8.0 380.0 65.0
436 -1.0 -1.0 20.0 246.0 47.0
437 -1.0 -1.0 14.0 42.0 82.0
438 -1.0 -1.0 19.0 171.0 17.0
439 -1.0 -1.0 14.0 116.0 87.0
440 -1.0 -1.0 10.0 167.0 88.0
441 -1.0 -1.0 10.0 189.0 90.0
442 -1.0 -1.0 13.0 38.0 85.0
443 -1.0 -1.0 19.0 334.0 78.0
444 -1.0 -1.0 17.0 208.0 86.0
445 -1.0 -1.0 8.0 322.0 72.0
446 -1.0 -1.0 15.0 211.0 32.0
447 -1.0 -1.0 6.0 116.0 91.0
448 -1.0 -1.0 16.0 218.0 63.0
449 -1.0 -1.0 18.0 49.0 17.0
450 -1.0 -1.0 9.0 217.0 42.0
451 -1.0 -1.0 8.0 310.0 93.0
452 -1.0 -1.0 11.0 184.0 45.0
453 -1.0 -1.0 11.0 299.0 34.0
454 -1.0 -1.0 13.0 387.0 69.0
455 -1.0 -1.0 18.0 90.0 62.0
456 -1.0 -1.0 12.0 380.0 48.0
457 -1.0 -1.0 5.0 392.0 30.0
458 -1.0 -1.0 14.0 350.0 98.0
459 -1.0 -1.0 18.0 243.0 40.0
460 -1.0 -1.0 14.0 98.0 33.0
461 -1.0 -1.0 14.0 191.0 39.0
462 -1.0 -1.0 18.0 275.0 29.0
463 -1.0 -1.0 10.0 123.0 88.0
464 -1.0 -1.0 13.0 332.0 55.0
465 -1.0 -1.0 7.0 312.0 43.0
466 -1.0 -1.0 4.0 97.0 67.0
467 -1.0 -1.0 5.0 151.0 29.0
468 -1.0 -1.0 19.0 392.0 60.0
469 -1.0 -1.0 10.0 289.0 30.0
470 -1.0 -1.0 18.0 381.0 56.0
471 -1.0 -1.0 5.0 27.0 60.0
472 -1.0 -1.0 16.0 363.0 26.0
473 -1.0 -1.0 12.0 122.0 75.0
474 -1.0 -1.0 15.0 105.0 78.0
475 -1.0 -1.0 19.0 172.0 17.0
476 -1.0 -1.0 7.0 124.0 54.0
477 -1.0 -1.0 7.0 92.0 33.0
478 -1.0 -1.0 12.0 262.0 47.0
479 -1.0 -1.0 17.0 213.0 85.0
480 -1.0 -1.0 10.0 398.0 32.0
481 -1.0 -1.0 14.0 392.0 15.0
482 -1.0 -1.0 12.0 101.0 62.0
483 -1.0 -1.0 5.0 54.0 17.0
484 -1.0 -1.0 6.0 261.0 58.0
485 -1.0 -1.0 15.0 89.0 56.0
486 -1.0 -1.0 20.0 331.0 86.0
487 -1.0 -1.0 6.0 160.0 78.0
488 -1.0 -1.0 9.0 45.0 49.0
489 -1.0 -1.0 5.0 182.0 86.0
490 -1.0 -1.0 4.0 107.0 32.0
491 -1.0 -1.0 9.0 246.0 59.0
492 -1.0 -1.0 4.0 113.0 28.0
493 -1.0 -1.0 16.0 382.0 100.0
494 -1.0 -1.0 8.0 149.0 75.0
495 -1.0 -1.0 17.0 242.0 93.0
496 -1.0 -1.0 19.0 339.0 72.0
497 -1.0 -1.0 8.0 230.0 94.0
498 -1.0 -1.0 14.0 159.0 85.0
499 -1.0 -1.0 8.0 385.0 32.0
500 -1.0 -1.0 5.0 145.0 41.0
501 -1.0 -1.0 15.0 27.0 59.0
502 -1.0 -1.0 4.0 310.0 48.0
503 -1.0 -1.0 8.0 44.0 41.0
504 -1.0 -1.0 4.0 397.0 90.0
505 -1.0 -1.0 18.0 334.0 27.0
506 -1.0 -1.0 6.0 243.0 46.0
507 -1.0 -1.0 5.0 64.0 99.0
508 -1.0 -1.0 14.0 116.0 86.0
509 -1.0 -1.0 10.0 253.0 71.0
510 -1.0 -1.0 19.0 70.0 90.0
511 -1.0 -1.0 12.0 62.0 79.0
512 -1.0 -1.0 19.0 374.0 66.0
513 -1.0 -1.0 9.0 261.0 82.0
514 -1.0 -1.0 5.0 349.0 33.0
515 -1.0 -1.0 14.0 207.0 80.0
516 -1.0 -1.0 20.0 79.0 22.0
517 -1.0 -1.0 7.0 397.0 28.0
518 -1.0 -1.0 6.0 189.0 65.0
519 -1.0 -1.0 19.0 288.0 15.0
520 -1.0 -1.0 6.0 164.0 96.0
521 -1.0 -1.0 18.0 37.0 21.0
522 -1.0 -1.0 17.0 308.0 50.0
523 -1.0 -1.0 20.0 68.0 38.0
524 -1.0 -1.0 14.0 166.0 90.0
525 -1.0 -1.0 8.0 19.0 69.0
526 -1.0 -1.0 9.0 352.0 85.0
527 -1.0 -1.0 16.0 294.0 48.0
528 -1.0 -1.0 8.0 190.0 73.0
529 -1.0 -1.0 17.0 32.0 48.0
530 -1.0 -1.0 4.0 157.0 24.0
531 -1.0 -1.0 14.0 51.0 60.0
532 -1.0 -1.0 4.0 185.0 34.0
533 -1.0 -1.0 16.0 152.0 92.0
534 -1.0 -1.0 4.0 109.0 40.0
535 -1.0 -1.0 10.0 140.0 42.0
536 -1.0 -1.0 18.0 270.0 75.0
537 -1.0 -1.0 19.0 304.0 31.0
538 -1.0 -1.0 10.0 216.0 93.0
539 -1.0 -1.0 20.0 308.0 83.0
540 -1.0 -1.0 8.0 336.0 30.0
541 -1.0 -1.0 13.0 271.0 34.0
542 -1.0 -1.0 5.0 269.0 49.0
543 -1.0 -1.0 10.0 59.0 53.0
544 -1.0 -1.0 16.0 261.0 95.0
545 -1.0 -1.0 4.0 61.0 85.0
546 -1.0 -1.0 10.0 167.0 28.0
547 -1.0 -1.0 4.0 103.0 34.0
548 -1.0 -1.0 5.0 266.0 15.0
549 -1.0 -1.0 5.0 90.0 54.0
550 -1.0 -1.0 4.0 74.0 66.0
551 -1.0 -1.0 7.0 28.0 81.0
552 -1.0 -1.0 16.0 64.0 43.0
553 -1.0 -1.0 20.0 63.0 93.0
554 -1.0 -1.0 20.0 94.0 45.0
555 -1.0 -1.0 6.0 187.0 67.0
556 -1.0 -1.0 11.0 305.0 27.0
557 -1.0 -1.0 17.0 17.0 48.0
558 -1.0 -1.0 10.0 318.0 64.0
559 -1.0 -1.0 8.0 106.0 99.0
560 -1.0 -1.0 20.0 176.0 83.0
561 -1.0 -1.0 13.0 84.0 48.0
562 -1.0 -1.0 7.0 318.0 96.0
563 -1.0 -1.0 11.0 327.0 19.0
564 -1.0 -1.0 12.0 400.0 26.0
565 -1.0 -1.0 19.0 170.0 31.0
566 -1.0 -1.0 8.0 29.0 55.0
567 -1.0 -1.0 11.0 353.0 86.0
568 -1.0 -1.0 12.0 380.0 29.0
569 -1.0 -1.0 9.0 372.0 26.0
570 -1.0 -1.0 17.0 178.0 72.0
571 -1.0 -1.0 5.0 18.0 72.0
572 -1.0 -1.0 17.0 106.0 85.0
573 -1.0 -1.0 4.0 100.0 45.0
574 -1.0 -1.0 6.0 358.0 70.0
575 -1.0 -1.0 9.0 331.0 79.0
576 -1.0 -1.0 5.0 225.0 46.0
577 -1.0 -1.0 17.0 42.0 27.0
578 -1.0 -1.0 5.0 274.0 36.0
579 -1.0 -1.0 17.0 129.0 77.0
580 -1.0 -1.0 10.0 267.0 93.0
581 -1.0 -1.0 13.0 314.0 43.0
582 -1.0 -1.0 20.0 22.0 79.0
583 -1.0 -1.0 14.0 286.0 47.0
584 -1.0 -1.0 14.0 145.0 58.0
585 -1.0 -1.0 10.0 314.0 40.0
586 -1.0 -1.0 8.0 67.0 34.0
587 -1.0 -1.0 5.0 377.0 66.0
588 -1.0 -1.0 8.0 111.0 49.0
589 -1.0 -1.0 16.0 228.0 20.0
590 -1.0 -1.0 14.0 327.0 36.0
591 -1.0 -1.0 17.0 336.0 45.0
592 -1.0 -1.0 5.0 23.0 47.0
593 -1.0 -1.0 6.0 397.0 100.0
594 -1.0 -1.0 16.0 349.0 73.0
595 -1.0 -1.0 5.0 321.0 93.0
596 -1.0 -1.0 14.0 59.0 88.0
597 -1.0 -1.0 18.0 267.0 30.0
598 -1.0 -1.0 13.0 261.0 72.0
599 -1.0 -1.0 14.0 349.0 76.0
600 -1.0 -1.0 18.0 103.0 45.0
601 -1.0 -1.0 13.0 102.0 48.0
602 -1.0 -1.0 17.0 350.0 74.0
603 -1.0 -1.0 13.0 124.0 45.0
604 -1.0 -1.0 15.0 202.0 24.0
605 -1.0 -1.0 10.0 88.0 98.0
606 -1.0 -1.0 9.0 380.0 87.0
607 -1.0 -1.0 6.0 28.0 72.0
608 -1.0 -1.0 4.0 38.0 32.0
609 -1.0 -1.0 17.0 347.0 96.0
610 -1.0 -1.0 12.0 94.0 39.0
611 -1.0 -1.0 10.0 324.0 85.0
612 -1.0 -1.0 12.0 84.0 82.0
613 -1.0 -1.0 14.0 201.0 59.0
614 -1.0 -1.0 8.0 358.0 88.0
615 -1.0 -1.0 10.0 145.0 35.0
616 -1.0 -1.0 11.0 238.0 94.0
617 -1.0 -1.0 18.0 342.0 69.0
618 -1.0 -1.0 16.0 79.0 60.0
619 -1.0 -1.0 16.0 365.0 17.0
620 -1.0 -1.0 13.0 84.0 25.0
621 -1.0 -1.0 14.0 190.0 71.0
622 -1.0 -1.0 12.0 397.0 42.0
623 -1.0 -1.0 8.0 158.0 58.0
624 -1.0 -1.0 5.0 393.0 21.0
625 -1.0 -1.0 19.0 68.0 20.0
626 -1.0 -1.0 8.0 94.0 85.0
627 -1.0 -1.0 14.0 347.0 97.0
628 -1.0 -1.0 14.0 261.0 97.0
629 -1.0 -1.0 7.0 131.0 83.0
630 -1.0 -1.0 20.0 87.0 49.0
631 -1.0 -1.0 11.0 217.0 26.0
632 -1.0 -1.0 16.0 295.0 60.0
633 -1.0 -1.0 17.0 377.0 31.0
634 -1.0 -1.0 5.0 49.0 24.0
635 -1.0 -1.0 18.0 274.0 28.0
636 -1.0 -1.0 15.0 222.0 42.0
637 -1.0 -1.0 4.0 174.0 56.0
638 -1.0 -1.0 19.0 129.0 23.0
639 -1.0 -1.0 18.0 191.0 72.0
640 -1.0 -1.0 19.0 60.0 81.0
641 -1.0 -1.0 18.0 138.0 95.0
642 -1.0 -1.0 4.0 266.0 47.0
643 -1.0 -1.0 4.0 102.0 29.0
644 -1.0 -1.0 6.0 143.0 58.0
645 -1.0 -1.0 20.0 42.0 92.0
646 -1.0 -1.0 16.0 321.0 59.0
647 -1.0 -1.0 17.0 182.0 96.0
648 -1.0 -1.0 4.0 61.0 29.0
649 -1.0 -1.0 19.0 117.0 48.0
650 -1.0 -1.0 16.0 253.0 46.0
651 -1.0 -1.0 11.0 142.0 64.0
652 -1.0 -1.0 11.0 80.0 73.0
653 -1.0 -1.0 12.0 141.0 95.0
654 -1.0 -1.0 13.0 172.0 65.0
655 -1.0 -1.0 8.0 59.0 31.0
656 -1.0 -1.0 5.0 276.0 47.0
657 -1.0 -1.0 6.0 268.0 16.0
658 -1.0 -1.0 15.0 311.0 23.0
659 -1.0 -1.0 5.0 344.0 70.0
660 -1.0 -1.0 16.0 357.0 20.0
661 -1.0 -1.0 14.0 385.0 58.0
662 -1.0 -1.0 7.0 75.0 92.0
663 -1.0 -1.0 19.0 99.0 84.0
664 -1.0 -1.0 16.0 82.0 61.0
665 -1.0 -1.0 17.0 295.0 53.0
666 -1.0 -1.0 7.0 175.0 81.0
667 -1.0 -1.0 13.0 114.0 96.0
668 -1.0 -1.0 9.0 46.0 21.0
669 -1.0 -1.0 19.0 188.0 88.0
670 -1.0 -1.0 19.0 363.0 32.0
671 -1.0 -1.0 6.0 223.0 47.0
672 -1.0 -1.0 11.0 37.0 73.0
673 -1.0 -1.0 13.0 111.0 91.0
674 -1.0 -1.0 10.0 271.0 43.0
675 -1.0 -1.0 16.0 171.0 68.0
676 -1.0 -1.0 13.0 140.0 29.0
677 -1.0 -1.0 18.0 252.0 44.0
678 -1.0 -1.0 18.0 27.0 20.0
679 -1.0 -1.0 13.0 337.0 44.0
680 -1.0 -1.0 18.0 306.0 73.0
681 -1.0 -1.0 5.0 277.0 34.0
682 -1.0 -1.0 16.0 65.0 57.0
683 -1.0 -1.0 17.0 171.0 40.0
684 -1.0 -1.0 8.0 65.0 99.0
685 -1.0 -1.0 8.0 170.0 54.0
686 -1.0 -1.0 14.0 69.0 70.0
687 -1.0 -1.0 16.0 310.0 31.0
688 -1.0 -1.0 5.0 241.0 15.0
689 -1.0 -1.0 8.0 64.0 60.0
690 -1.0 -1.0 9.0 339.0 74.0
691 -1.0 -1.0 14.0 141.0 30.0
692 -1.0 -1.0 17.0 212.0 76.0
693 -1.0 -1.0 6.0 181.0 27.0
694 -1.0 -1.0 19.0 375.0 85.0
695 -1.0 -1.0 14.0 367.0 36.0
696 -1.0 -1.0 9.0 41.0 33.0
697 -1.0 -1.0 16.0 285.0 81.0
698 -1.0 -1.0 20.0 40.0 15.0
699 -1.0 -1.0 15.0 110.0 29.0
700 -1.0 -1.0 17.0 317.0 50.0
701 -1.0 -1.0 10.0 104.0 92.0
702 -1.0 -1.0 18.0 362.0 53.0
703 -1.0 -1.0 10.0 179.0 49.0
704 -1.0 -1.0 5.0 180.0 68.0
705 -1.0 -1.0 10.0 154.0 92.0
706 -1.0 -1.0 11.0 228.0 78.0
707 -1.0 -1.0 13.0 397.0 84.0
708 -1.0 -1.0 11.0 311.0 90.0
709 -1.0 -1.0 4.0 215.0 19.0
710 -1.0 -1.0 10.0 178.0 77.0
711 -1.0 -1.0 14.0 178.0 77.0
712 -1.0 -1.0 19.0 168.0 38.0
713 -1.0 -1.0 9.0 376.0 84.0
714 -1.0 -1.0 6.0 373.0 82.0
715 -1.0 -1.0 10.0 71.0 65.0
716 -1.0 -1.0 5.0 175.0 72.0
717 -1.0 -1.0 11.0 328.0 67.0
718 -1.0 -1.0 13.0 70.0 97.0
719 -1.0 -1.0 14.0 27.0 74.0
720 -1.0 -1.0 5.0 349.0 35.0
721 -1.0 -1.0 11.0 156.0 71.0
722 -1.0 -1.0 5.0 243.0 34.0
723 -1.0 -1.0 9.0 356.0 95.0
724 -1.0 -1.0 19.0 321.0 44.0
725 -1.0 -1.0 11.0 381.0 55.0
934
0 19 10
1 20 5
1 2 8
2 3 5
3 21 11
3 4 12
4 22 11
5 6 7
6 24 12
7 8 9
8 9 11
9 25 9
9 10 9
10 26 12
11 28 5
11 12 12
12 29 9
13 32 5
13 14 12
14 33 11
14 15 12
15 34 11
16 37 5
17 18 6
18 39 7
19 41 11
21 43 9
21 22 10
23 45 10
24 47 9
25 51 6
25 26 6
26 52 5
26 27 11
28 54 10
28 29 10
29 55 8
29 30 5
30 31 8
31 56 5
31 32 11
32 57 9
32 33 9
33 58 8
33 34 11
34 59 11
34 35 8
35 60 11
35 36 5
36 37 12
38 63 12
39 65 11
39 40 12
41 42 5
42 66 5
43 68 5
44 70 10
44 45 9
45 71 7
45 46 10
46 47 9
47 72 12
47 48 12
48 73 10
48 49 9
49 50 8
50 74 10
50 51 8
51 75 6
51 52 7
53 76 11
53 54 7
54 55 6
55 77 12
56 78 12
56 57 12
57 79 8
57 58 7
58 80 6
58 59 12
59 60 8
60 81 6
61 62 5
62 82 12
62 63 10
63 64 12
64 83 7
64 65 7
65 84 9
66 87 11
66 67 11
67 88 10
68 69 8
69 90 6
69 70 10
70 91 11
70 71 5
71 92 9
72 93 10
72 73 12
73 94 6
74 75 10
75 96 8
76 99 7
78 101 10
78 79 9
79 102 11
79 80 7
81 104 11
83 109 8
83 84 6
84 85 5
85 110 9
86 111 8
86 87 10
87 88 12
88 89 11
90 113 7
90 91 10
91 114 10
91 92 11
92 115 6
93 117 9
93 94 5
94 95 10
95 118 10
96 97 11
97 120 11
97 98 11
98 121 12
98 99 7
99 122 9
100 124 10
100 101 10
101 125 11
101 102 10
102 126 6
103 128 12
103 104 9
104 129 7
104 105 6
105 130 6
105 106 11
106 131 10
106 107 7
107 132 10
108 134 11
108 109 12
109 135 6
110 136 12
111 137 12
112 113 7
113 139 10
113 114 12
114 140 10
114 115 10
115 116 6
116 117 11
117 141 6
118 143 12
118 119 7
120 144 9
120 121 12
121 145 10
121 122 7
122 146 7
123 148 7
123 124 7
124 149 6
124 125 6
125 150 10
125 126 12
126 151 10
126 127 12
127 128 8
128 152 11
128 129 7
129 153 5
129 130 6
130 131 10
131 154 12
131 132 8
132 155 6
132 133 11
133 156 12
133 134 12
134 157 12
134 135 8
135 158 11
136 159 10
137 138 9
138 160 6
139 162 7
139 140 9
140 163 12
141 165 10
141 142 5
142 166 10
142 143 5
143 167 5
144 145 6
145 146 9
146 169 9
146 147 9
147 170 12
147 148 9
148 149 8
149 171 5
149 150 12
150 172 7
150 151 7
151 173 8
152 175 7
152 153 9
153 176 12
154 178 12
154 155 12
155 179 7
155 156 5
156 180 12
156 157 7
157 181 9
157 158 5
159 183 7
160 185 11
161 162 5
162 187 11
162 163 11
163 164 11
164 188 7
165 166 9
166 189 8
166 167 11
167 190 5
167 168 5
168 191 11
169 194 6
169 170 8
170 195 8
171 196 5
171 172 7
172 197 12
172 173 7
173 198 7
173 174 6
174 175 9
175 176 12
176 199 8
176 177 9
177 200 6
177 178 7
178 201 8
178 179 6
179 202 9
179 180 9
180 181 8
181 203 6
182 183 7
184 205 9
184 185 5
185 206 7
185 186 8
187 208 10
188 210 8
189 190 12
190 213 8
190 191 6
191 214 9
192 193 5
193 216 5
193 194 8
194 195 5
195 217 10
196 219 11
196 197 6
197 198 12
198 220 12
199 200 9
200 201 8
201 202 5
202 222 8
203 204 12
204 224 10
205 226 6
205 206 9
206 227 11
207 229 9
208 209 5
209 231 11
209 210 5
210 232 6
210 211 5
211 233 9
211 212 10
213 235 11
213 214 5
214 236 5
214 215 5
215 237 11
217 240 9
217 218 6
218 241 12
218 219 12
220 243 6
220 221 5
221 244 9
222 247 6
222 223 10
224 248 7
224 225 9
226 250 8
226 227 11
227 251 10
227 228 11
228 229 9
229 230 5
231 232 11
232 253 11
232 233 8
233 254 11
234 235 6
235 256 8
235 236 8
236 237 5
237 238 11
238 257 8
239 259 7
239 240 9
240 260 12
240 241 8
241 261 11
242 243 11
243 244 7
244 245 6
245 263 6
246 265 6
247 267 9
249 270 7
250 271 6
250 251 11
251 272 9
252 276 7
253 278 5
253 254 8
254 255 6
255 279 8
257 281 8
257 258 6
258 259 11
259 282 12
259 260 10
260 261 11
261 262 11
263 284 7
263 264 9
264 285 10
264 265 7
265 286 12
265 266 6
266 287 10
266 267 12
267 288 10
268 289 8
269 291 7
269 270 9
271 292 11
271 272 8
272 293 7
272 273 11
273 294 7
273 274 7
274 295 10
274 275 12
275 276 5
276 296 5
276 277 8
277 297 11
277 278 7
278 298 7
279 299 8
279 280 8
280 300 11
281 304 6
282 306 8
283 284 11
284 310 5
284 285 9
285 311 8
285 286 7
286 312 12
286 287 9
287 313 6
287 288 12
288 314 11
289 316 5
289 290 9
290 317 12
290 291 10
291 318 6
292 320 8
292 293 5
293 294 9
294 321 10
294 295 6
295 322 12
296 297 10
297 323 7
297 298 12
299 300 8
300 301 12
301 325 11
301 302 11
302 326 6
302 303 9
303 304 11
304 327 12
304 305 12
305 328 8
305 306 6
306 329 5
307 308 5
308 330 9
308 309 6
309 331 11
310 333 12
310 311 12
311 334 9
311 312 11
312 335 12
312 313 12
313 314 5
314 336 11
314 315 6
315 337 8
315 316 6
316 317 12
317 338 8
317 318 6
318 339 8
318 319 7
319 340 11
321 342 10
321 322 5
322 343 11
323 345 12
324 347 12
325 326 11
327 349 6
327 328 9
328 350 9
328 329 10
330 352 5
330 331 8
331 353 8
332 333 6
333 355 12
333 334 7
334 335 6
336 357 9
336 337 10
338 359 5
338 339 5
339 360 9
339 340 8
340 361 11
341 363 12
341 342 5
342 343 5
344 345 10
345 346 9
346 364 10
346 347 10
347 365 11
347 348 11
349 368 12
349 350 7
351 370 9
351 352 9
352 371 5
352 353 5
353 354 9
354 372 8
355 374 10
356 357 8
357 376 11
358 378 6
358 359 7
359 360 12
360 379 7
360 361 6
362 380 11
362 363 8
363 381 12
364 386 7
364 365 8
365 387 7
366 367 11
367 389 6
367 368 9
368 390 10
369 392 11
370 394 11
370 371 11
372 396 8
372 373 5
373 397 7
373 374 5
374 375 5
375 398 10
376 377 5
377 400 7
377 378 8
379 402 5
380 381 11
381 403 8
381 382 5
382 383 10
384 404 12
384 385 6
385 405 8
385 386 8
386 406 11
386 387 9
388 409 10
389 390 11
390 391 9
391 392 6
392 411 7
392 393 7
393 412 7
393 394 9
394 413 6
395 414 8
395 396 10
396 397 11
397 415 9
398 416 9
398 399 7
399 417 10
401 420 7
401 402 12
402 421 8
403 424 10
404 426 11
404 405 6
405 406 10
406 427 8
407 408 6
408 409 12
409 429 10
409 410 10
410 430 12
411 432 5
411 412 10
412 413 7
416 417 7
417 418 8
418 436 12
418 419 11
420 439 8
420 421 12
421 422 11
422 440 7
423 441 5
423 424 9
425 442 10
427 444 12
427 428 7
428 445 10
429 430 5
430 448 8
431 450 10
432 452 10
433 453 8
434 455 9
435 457 12
436 460 7
437 461 7
437 438 12
438 462 9
438 439 6
439 463 6
441 465 6
442 468 5
442 443 8
444 470 11
444 445 9
445 471 5
445 446 7
446 472 11
446 447 8
448 473 5
448 449 11
449 474 12
449 450 10
450 475 9
450 451 12
451 476 11
451 452 5
452 477 7
453 454 10
454 480 9
454 455 9
455 481 6
455 456 10
456 482 5
456 457 10
457 483 6
457 458 8
458 484 6
458 459 6
459 460 12
461 485 7
461 462 7
462 486 9
462 463 6
463 487 11
463 464 12
464 488 9
465 490 10
465 466 5
466 491 6
466 467 7
467 492 7
467 468 7
468 493 5
469 495 9
469 470 12
470 496 9
470 471 10
471 472 5
473 497 6
473 474 12
474 498 6
474 475 9
475 476 11
476 477 7
477 478 10
478 499 8
478 479 9
480 501 5
480 481 12
481 482 12
482 483 11
483 502 12
483 484 6
485 486 12
486 505 10
486 487 5
487 488 7
488 489 6
490 506 6
490 491 12
491 507 12
491 492 10
492 508 12
492 493 6
493 509 12
493 494 9
494 510 6
495 496 9
496 512 7
497 516 8
497 498 10
498 517 7
499 520 6
500 521 10
500 501 5
501 522 8
502 525 7
503 527 5
503 504 11
505 529 8
506 533 11
506 507 7
507 508 12
508 509 12
509 510 5
510 534 7
510 511 6
511 535 12
512 513 5
513 537 11
514 515 9
515 538 6
515 516 9
516 539 5
516 517 9
517 518 12
518 519 9
519 540 11
520 541 11
521 522 9
522 542 8
522 523 6
523 524 10
524 543 7
524 525 12
525 526 9
526 544 6
527 546 12
528 529 5
529 530 7
530 548 9
530 531 5
531 549 12
531 532 10
533 550 7
534 535 12
535 553 11
535 536 7
536 554 7
538 558 9
538 539 11
539 559 7
540 561 7
542 564 5
544 567 12
544 545 6
545 568 6
545 546 11
546 547 5
547 569 8
548 571 9
548 549 12
551 573 9
551 552 9
552 574 9
553 575 6
553 554 10
554 555 5
556 577 6
556 557 9
557 558 8
558 578 6
558 559 6
559 579 5
559 560 12
560 580 7
561 562 12
563 582 8
564 584 9
564 565 10
566 567 5
567 586 10
567 568 8
569 588 11
569 570 8
570 589 5
571 591 11
572 594 6
572 573 8
573 595 5
573 574 10
575 597 11
576 577 6
577 600 8
578 579 8
579 602 7
579 580 11
581 604 12
581 582 12
582 605 5
582 583 12
583 584 10
585 606 6
586 608 7
587 588 7
588 610 6
588 589 5
589 611 6
589 590 11
590 612 9
590 591 5
591 613 9
591 592 11
593 615 5
593 594 11
594 595 7
595 616 7
596 617 7
596 597 8
597 598 5
598 618 12
598 599 7
600 619 5
600 601 10
601 620 5
603 623 6
604 605 9
605 626 6
606 607 10
607 630 8
607 608 7
608 631 10
608 609 11
609 632 6
610 634 11
610 611 7
611 612 6
612 635 12
612 613 6
614 637 8
615 638 11
616 640 10
617 642 7
618 643 8
619 620 12
620 645 10
620 621 6
621 646 5
622 648 10
622 623 11
623 624 11
624 649 6
624 625 10
625 650 8
626 652 5
626 627 9
627 628 10
628 629 11
629 653 11
630 631 11
631 655 6
631 632 12
632 633 5
633 656 7
633 634 7
634 657 6
635 659 12
636 661 8
636 637 10
637 662 9
638 639 12
639 663 5
639 640 6
640 641 11
641 664 8
641 642 11
642 665 9
644 667 8
645 646 10
646 647 8
647 669 7
647 648 12
648 670 6
649 672 10
649 650 5
650 673 5
650 651 12
651 674 9
651 652 9
653 654 10
654 675 12
656 678 12
656 657 10
657 679 8
657 658 9
658 680 12
658 659 9
659 681 5
659 660 5
660 682 7
660 661 12
661 683 12
661 662 12
662 684 10
663 686 10
664 665 5
666 688 6
666 667 5
667 689 6
667 668 5
668 690 6
669 670 10
670 692 8
670 671 6
671 672 11
672 673 12
673 693 10
673 674 6
674 694 10
675 676 9
676 699 10
677 678 7
678 701 6
678 679 10
679 702 8
679 680 11
680 681 8
681 703 8
681 682 5
682 683 10
683 704 11
683 684 8
685 686 5
686 687 10
688 707 11
688 689 8
689 708 5
689 690 10
690 691 11
691 709 11
692 712 11
693 714 11
693 694 6
694 715 7
694 695 6
695 696 8
696 716 8
696 697 10
697 717 8
697 698 11
698 718 12
699 719 11
699 700 9
700 720 6
701 702 10
702 721 11
704 724 8
705 706 7
706 707 10
707 708 11
709 710 8
710 711 5
711 712 12
713 714 6
714 715 5
716 717 5
717 718 10
719 720 10
721 722 12
723 724 7
724 725 12
10 0.05 0.05 0.05
