500
0 -1.0 -1.0 82.0 52.0 19.0
1 -1.0 -1.0 14.0 38.0 15.0
2 -1.0 -1.0 64.0 88.0 8.0
3 -1.0 -1.0 12.0 93.0 12.0
4 -1.0 -1.0 43.0 18.0 14.0
5 -1.0 -1.0 59.0 88.0 9.0
6 -1.0 -1.0 4.0 12.0 8.0
7 -1.0 -1.0 24.0 75.0 9.0
8 -1.0 -1.0 40.0 42.0 14.0
9 -1.0 -1.0 51.0 66.0 9.0
10 -1.0 -1.0 9.0 68.0 13.0
11 -1.0 -1.0 45.0 75.0 7.0
12 -1.0 -1.0 18.0 97.0 9.0
13 -1.0 -1.0 2.0 2.0 9.0
14 -1.0 -1.0 92.0 32.0 6.0
15 -1.0 -1.0 17.0 72.0 10.0
16 -1.0 -1.0 42.0 42.0 19.0
17 -1.0 -1.0 100.0 36.0 12.0
18 -1.0 -1.0 89.0 34.0 14.0
19 -1.0 -1.0 53.0 2.0 17.0
20 -1.0 -1.0 45.0 86.0 13.0
21 -1.0 -1.0 68.0 52.0 6.0
22 -1.0 -1.0 45.0 53.0 8.0
23 -1.0 -1.0 84.0 4.0 6.0
24 -1.0 -1.0 28.0 53.0 14.0
25 -1.0 -1.0 0.0 39.0 6.0
26 -1.0 -1.0 75.0 14.0 18.0
27 -1.0 -1.0 26.0 51.0 7.0
28 -1.0 -1.0 62.0 90.0 5.0
29 -1.0 -1.0 98.0 12.0 18.0
30 -1.0 -1.0 38.0 45.0 5.0
31 -1.0 -1.0 37.0 74.0 17.0
32 -1.0 -1.0 40.0 54.0 13.0
33 -1.0 -1.0 26.0 24.0 18.0
34 -1.0 -1.0 94.0 94.0 17.0
35 -1.0 -1.0 31.0 68.0 11.0
36 -1.0 -1.0 81.0 32.0 14.0
37 -1.0 -1.0 47.0 53.0 18.0
38 -1.0 -1.0 71.0 9.0 17.0
39 -1.0 -1.0 84.0 18.0 9.0
40 -1.0 -1.0 9.0 0.0 11.0
41 -1.0 -1.0 10.0 64.0 16.0
42 -1.0 -1.0 56.0 64.0 15.0
43 -1.0 -1.0 42.0 16.0 6.0
44 -1.0 -1.0 53.0 59.0 16.0
45 -1.0 -1.0 10.0 28.0 17.0
46 -1.0 -1.0 17.0 34.0 17.0
47 -1.0 -1.0 57.0 45.0 17.0
48 -1.0 -1.0 73.0 49.0 9.0
49 -1.0 -1.0 41.0 78.0 11.0
50 -1.0 -1.0 24.0 4.0 7.0
51 -1.0 -1.0 11.0 85.0 12.0
52 -1.0 -1.0 39.0 76.0 9.0
53 -1.0 -1.0 65.0 47.0 17.0
54 -1.0 -1.0 71.0 1.0 11.0
55 -1.0 -1.0 7.0 71.0 14.0
56 -1.0 -1.0 65.0 12.0 19.0
57 -1.0 -1.0 13.0 99.0 17.0
58 -1.0 -1.0 43.0 69.0 18.0
59 -1.0 -1.0 57.0 90.0 9.0
60 -1.0 -1.0 33.0 28.0 16.0
61 -1.0 -1.0 56.0 69.0 17.0
62 -1.0 -1.0 61.0 29.0 9.0
63 -1.0 -1.0 17.0 98.0 14.0
64 -1.0 -1.0 98.0 100.0 18.0
65 -1.0 -1.0 81.0 14.0 4.0
66 -1.0 -1.0 71.0 26.0 14.0
67 -1.0 -1.0 65.0 46.0 17.0
68 -1.0 -1.0 79.0 77.0 9.0
69 -1.0 -1.0 3.0 18.0 19.0
70 -1.0 -1.0 7.0 48.0 8.0
71 -1.0 -1.0 64.0 18.0 12.0
72 -1.0 -1.0 16.0 45.0 13.0
73 -1.0 -1.0 100.0 89.0 9.0
74 -1.0 -1.0 30.0 67.0 19.0
75 -1.0 -1.0 65.0 8.0 19.0
76 -1.0 -1.0 95.0 44.0 15.0
77 -1.0 -1.0 64.0 14.0 6.0
78 -1.0 -1.0 95.0 36.0 14.0
79 -1.0 -1.0 100.0 72.0 8.0
80 -1.0 -1.0 47.0 84.0 5.0
81 -1.0 -1.0 63.0 99.0 19.0
82 -1.0 -1.0 47.0 86.0 18.0
83 -1.0 -1.0 41.0 59.0 18.0
84 -1.0 -1.0 0.0 93.0 14.0
85 -1.0 -1.0 10.0 2.0 14.0
86 -1.0 -1.0 74.0 17.0 17.0
87 -1.0 -1.0 54.0 56.0 4.0
88 -1.0 -1.0 7.0 93.0 8.0
89 -1.0 -1.0 95.0 68.0 6.0
90 -1.0 -1.0 93.0 19.0 8.0
91 -1.0 -1.0 74.0 93.0 5.0
92 -1.0 -1.0 92.0 70.0 4.0
93 -1.0 -1.0 49.0 29.0 4.0
94 -1.0 -1.0 34.0 66.0 8.0
95 -1.0 -1.0 82.0 5.0 11.0
96 -1.0 -1.0 99.0 74.0 13.0
97 -1.0 -1.0 79.0 78.0 9.0
98 -1.0 -1.0 29.0 10.0 5.0
99 -1.0 -1.0 4.0 53.0 12.0
100 -1.0 -1.0 12.0 35.0 9.0
101 -1.0 -1.0 4.0 28.0 4.0
102 -1.0 -1.0 46.0 13.0 10.0
103 -1.0 -1.0 71.0 37.0 17.0
104 -1.0 -1.0 57.0 30.0 6.0
105 -1.0 -1.0 16.0 77.0 5.0
106 -1.0 -1.0 77.0 56.0 12.0
107 -1.0 -1.0 8.0 30.0 19.0
108 -1.0 -1.0 94.0 10.0 4.0
109 -1.0 -1.0 53.0 97.0 6.0
110 -1.0 -1.0 95.0 53.0 9.0
111 -1.0 -1.0 84.0 55.0 17.0
112 -1.0 -1.0 27.0 13.0 11.0
113 -1.0 -1.0 3.0 97.0 19.0
114 -1.0 -1.0 94.0 41.0 19.0
115 -1.0 -1.0 66.0 56.0 17.0
116 -1.0 -1.0 22.0 14.0 18.0
117 -1.0 -1.0 90.0 19.0 4.0
118 -1.0 -1.0 64.0 40.0 12.0
119 -1.0 -1.0 62.0 32.0 10.0
120 -1.0 -1.0 61.0 4.0 17.0
121 -1.0 -1.0 47.0 17.0 12.0
122 -1.0 -1.0 94.0 29.0 19.0
123 -1.0 -1.0 24.0 52.0 15.0
124 -1.0 -1.0 59.0 21.0 13.0
125 -1.0 -1.0 14.0 9.0 10.0
126 -1.0 -1.0 47.0 63.0 8.0
127 -1.0 -1.0 70.0 37.0 17.0
128 -1.0 -1.0 90.0 66.0 14.0
129 -1.0 -1.0 38.0 5.0 13.0
130 -1.0 -1.0 10.0 21.0 13.0
131 -1.0 -1.0 1.0 88.0 18.0
132 -1.0 -1.0 98.0 5.0 9.0
133 -1.0 -1.0 43.0 31.0 5.0
134 -1.0 -1.0 94.0 96.0 16.0
135 -1.0 -1.0 73.0 92.0 15.0
136 -1.0 -1.0 76.0 55.0 13.0
137 -1.0 -1.0 98.0 72.0 16.0
138 -1.0 -1.0 46.0 55.0 9.0
139 -1.0 -1.0 34.0 48.0 17.0
140 -1.0 -1.0 69.0 53.0 4.0
141 -1.0 -1.0 56.0 84.0 12.0
142 -1.0 -1.0 67.0 80.0 5.0
143 -1.0 -1.0 93.0 96.0 6.0
144 -1.0 -1.0 19.0 91.0 14.0
145 -1.0 -1.0 77.0 77.0 8.0
146 -1.0 -1.0 49.0 56.0 16.0
147 -1.0 -1.0 25.0 49.0 12.0
148 -1.0 -1.0 2.0 80.0 14.0
149 -1.0 -1.0 66.0 32.0 19.0
150 -1.0 -1.0 8.0 26.0 13.0
151 -1.0 -1.0 74.0 35.0 11.0
152 -1.0 -1.0 9.0 92.0 13.0
153 -1.0 -1.0 33.0 10.0 19.0
154 -1.0 -1.0 40.0 82.0 17.0
155 -1.0 -1.0 98.0 31.0 15.0
156 -1.0 -1.0 37.0 78.0 10.0
157 -1.0 -1.0 88.0 17.0 15.0
158 -1.0 -1.0 89.0 30.0 10.0
159 -1.0 -1.0 44.0 24.0 11.0
160 -1.0 -1.0 81.0 13.0 16.0
161 -1.0 -1.0 18.0 50.0 18.0
162 -1.0 -1.0 61.0 23.0 18.0
163 -1.0 -1.0 13.0 63.0 19.0
164 -1.0 -1.0 23.0 93.0 14.0
165 -1.0 -1.0 30.0 15.0 17.0
166 -1.0 -1.0 85.0 64.0 11.0
167 -1.0 -1.0 24.0 46.0 7.0
168 -1.0 -1.0 83.0 49.0 12.0
169 -1.0 -1.0 33.0 20.0 14.0
170 -1.0 -1.0 34.0 52.0 13.0
171 -1.0 -1.0 25.0 9.0 12.0
172 -1.0 -1.0 92.0 67.0 12.0
173 -1.0 -1.0 68.0 94.0 18.0
174 -1.0 -1.0 62.0 66.0 7.0
175 -1.0 -1.0 73.0 24.0 8.0
176 -1.0 -1.0 87.0 100.0 6.0
177 -1.0 -1.0 13.0 7.0 12.0
178 -1.0 -1.0 64.0 70.0 12.0
179 -1.0 -1.0 0.0 46.0 9.0
180 -1.0 -1.0 20.0 74.0 11.0
181 -1.0 -1.0 29.0 85.0 4.0
182 -1.0 -1.0 86.0 10.0 9.0
183 -1.0 -1.0 56.0 1.0 4.0
184 -1.0 -1.0 66.0 59.0 9.0
185 -1.0 -1.0 21.0 6.0 11.0
186 -1.0 -1.0 41.0 53.0 9.0
187 -1.0 -1.0 38.0 14.0 19.0
188 -1.0 -1.0 96.0 14.0 16.0
189 -1.0 -1.0 30.0 68.0 19.0
190 -1.0 -1.0 67.0 60.0 19.0
191 -1.0 -1.0 65.0 2.0 11.0
192 -1.0 -1.0 58.0 53.0 5.0
193 -1.0 -1.0 67.0 42.0 9.0
194 -1.0 -1.0 37.0 12.0 5.0
195 -1.0 -1.0 41.0 63.0 19.0
196 -1.0 -1.0 50.0 100.0 7.0
197 -1.0 -1.0 54.0 81.0 6.0
198 -1.0 -1.0 45.0 95.0 18.0
199 -1.0 -1.0 77.0 63.0 6.0
200 -1.0 -1.0 82.0 36.0 17.0
201 -1.0 -1.0 71.0 49.0 5.0
202 -1.0 -1.0 88.0 70.0 6.0
203 -1.0 -1.0 69.0 30.0 5.0
204 -1.0 -1.0 32.0 96.0 19.0
205 -1.0 -1.0 54.0 0.0 8.0
206 -1.0 -1.0 63.0 16.0 14.0
207 -1.0 -1.0 24.0 24.0 17.0
208 -1.0 -1.0 71.0 39.0 8.0
209 -1.0 -1.0 61.0 56.0 19.0
210 -1.0 -1.0 64.0 25.0 17.0
211 -1.0 -1.0 74.0 87.0 18.0
212 -1.0 -1.0 41.0 43.0 4.0
213 -1.0 -1.0 80.0 47.0 17.0
214 -1.0 -1.0 7.0 3.0 18.0
215 -1.0 -1.0 25.0 59.0 5.0
216 -1.0 -1.0 44.0 83.0 16.0
217 -1.0 -1.0 48.0 86.0 17.0
218 -1.0 -1.0 80.0 38.0 9.0
219 -1.0 -1.0 5.0 27.0 16.0
220 -1.0 -1.0 80.0 32.0 9.0
221 -1.0 -1.0 43.0 48.0 19.0
222 -1.0 -1.0 90.0 57.0 19.0
223 -1.0 -1.0 0.0 58.0 16.0
224 -1.0 -1.0 32.0 26.0 15.0
225 -1.0 -1.0 73.0 6.0 16.0
226 -1.0 -1.0 75.0 67.0 12.0
227 -1.0 -1.0 68.0 85.0 18.0
228 -1.0 -1.0 86.0 71.0 19.0
229 -1.0 -1.0 29.0 45.0 10.0
230 -1.0 -1.0 3.0 67.0 9.0
231 -1.0 -1.0 0.0 12.0 19.0
232 -1.0 -1.0 78.0 17.0 8.0
233 -1.0 -1.0 1.0 8.0 6.0
234 -1.0 -1.0 53.0 54.0 10.0
235 -1.0 -1.0 25.0 78.0 6.0
236 -1.0 -1.0 80.0 75.0 5.0
237 -1.0 -1.0 13.0 14.0 11.0
238 -1.0 -1.0 89.0 23.0 18.0
239 -1.0 -1.0 95.0 6.0 11.0
240 -1.0 -1.0 78.0 68.0 9.0
241 -1.0 -1.0 46.0 51.0 13.0
242 -1.0 -1.0 77.0 71.0 17.0
243 -1.0 -1.0 17.0 92.0 8.0
244 -1.0 -1.0 97.0 67.0 7.0
245 -1.0 -1.0 13.0 59.0 8.0
246 -1.0 -1.0 73.0 25.0 19.0
247 -1.0 -1.0 91.0 89.0 6.0
248 -1.0 -1.0 94.0 45.0 7.0
249 -1.0 -1.0 78.0 63.0 18.0
250 -1.0 -1.0 49.0 87.0 14.0
251 -1.0 -1.0 13.0 25.0 18.0
252 -1.0 -1.0 2.0 6.0 9.0
253 -1.0 -1.0 48.0 77.0 7.0
254 -1.0 -1.0 27.0 14.0 8.0
255 -1.0 -1.0 91.0 0.0 13.0
256 -1.0 -1.0 28.0 38.0 19.0
257 -1.0 -1.0 17.0 71.0 7.0
258 -1.0 -1.0 19.0 30.0 13.0
259 -1.0 -1.0 12.0 27.0 6.0
260 -1.0 -1.0 100.0 53.0 6.0
261 -1.0 -1.0 27.0 94.0 8.0
262 -1.0 -1.0 18.0 53.0 15.0
263 -1.0 -1.0 37.0 9.0 14.0
264 -1.0 -1.0 14.0 1.0 15.0
265 -1.0 -1.0 96.0 19.0 14.0
266 -1.0 -1.0 11.0 92.0 11.0
267 -1.0 -1.0 0.0 17.0 18.0
268 -1.0 -1.0 13.0 27.0 11.0
269 -1.0 -1.0 1.0 71.0 9.0
270 -1.0 -1.0 30.0 28.0 10.0
271 -1.0 -1.0 6.0 0.0 6.0
272 -1.0 -1.0 79.0 1.0 15.0
273 -1.0 -1.0 84.0 92.0 7.0
274 -1.0 -1.0 5.0 53.0 12.0
275 -1.0 -1.0 16.0 1.0 4.0
276 -1.0 -1.0 25.0 96.0 18.0
277 -1.0 -1.0 90.0 34.0 14.0
278 -1.0 -1.0 21.0 1.0 7.0
279 -1.0 -1.0 69.0 81.0 18.0
280 -1.0 -1.0 36.0 85.0 12.0
281 -1.0 -1.0 57.0 57.0 5.0
282 -1.0 -1.0 32.0 67.0 5.0
283 -1.0 -1.0 65.0 16.0 5.0
284 -1.0 -1.0 39.0 54.0 4.0
285 -1.0 -1.0 61.0 32.0 5.0
286 -1.0 -1.0 39.0 95.0 12.0
287 -1.0 -1.0 42.0 34.0 5.0
288 -1.0 -1.0 20.0 60.0 14.0
289 -1.0 -1.0 94.0 43.0 17.0
290 -1.0 -1.0 67.0 20.0 14.0
291 -1.0 -1.0 91.0 58.0 9.0
292 -1.0 -1.0 98.0 8.0 12.0
293 -1.0 -1.0 87.0 42.0 6.0
294 -1.0 -1.0 57.0 54.0 10.0
295 -1.0 -1.0 41.0 54.0 11.0
296 -1.0 -1.0 12.0 87.0 5.0
297 -1.0 -1.0 33.0 84.0 15.0
298 -1.0 -1.0 13.0 9.0 8.0
299 -1.0 -1.0 16.0 98.0 13.0
300 -1.0 -1.0 22.0 97.0 19.0
301 -1.0 -1.0 20.0 49.0 11.0
302 -1.0 -1.0 66.0 83.0 16.0
303 -1.0 -1.0 12.0 11.0 10.0
304 -1.0 -1.0 61.0 7.0 17.0
305 -1.0 -1.0 4.0 19.0 16.0
306 -1.0 -1.0 57.0 82.0 8.0
307 -1.0 -1.0 77.0 95.0 7.0
308 -1.0 -1.0 62.0 55.0 5.0
309 -1.0 -1.0 10.0 95.0 16.0
310 -1.0 -1.0 62.0 12.0 10.0
311 -1.0 -1.0 65.0 98.0 15.0
312 -1.0 -1.0 57.0 93.0 13.0
313 -1.0 -1.0 44.0 29.0 7.0
314 -1.0 -1.0 98.0 51.0 5.0
315 -1.0 -1.0 67.0 86.0 12.0
316 -1.0 -1.0 57.0 53.0 19.0
317 -1.0 -1.0 46.0 64.0 17.0
318 -1.0 -1.0 100.0 64.0 19.0
319 -1.0 -1.0 47.0 81.0 8.0
320 -1.0 -1.0 17.0 67.0 14.0
321 -1.0 -1.0 96.0 13.0 17.0
322 -1.0 -1.0 95.0 63.0 11.0
323 -1.0 -1.0 81.0 8.0 8.0
324 -1.0 -1.0 11.0 15.0 12.0
325 -1.0 -1.0 34.0 25.0 8.0
326 -1.0 -1.0 1.0 1.0 16.0
327 -1.0 -1.0 97.0 65.0 10.0
328 -1.0 -1.0 2.0 65.0 15.0
329 -1.0 -1.0 78.0 0.0 4.0
330 -1.0 -1.0 83.0 71.0 19.0
331 -1.0 -1.0 21.0 94.0 18.0
332 -1.0 -1.0 58.0 99.0 5.0
333 -1.0 -1.0 11.0 72.0 6.0
334 -1.0 -1.0 92.0 3.0 14.0
335 -1.0 -1.0 100.0 2.0 19.0
336 -1.0 -1.0 4.0 52.0 10.0
337 -1.0 -1.0 80.0 76.0 12.0
338 -1.0 -1.0 87.0 68.0 18.0
339 -1.0 -1.0 91.0 27.0 15.0
340 -1.0 -1.0 93.0 12.0 11.0
341 -1.0 -1.0 48.0 97.0 12.0
342 -1.0 -1.0 27.0 39.0 8.0
343 -1.0 -1.0 58.0 70.0 10.0
344 -1.0 -1.0 7.0 98.0 8.0
345 -1.0 -1.0 48.0 57.0 9.0
346 -1.0 -1.0 81.0 20.0 11.0
347 -1.0 -1.0 99.0 63.0 13.0
348 -1.0 -1.0 89.0 72.0 10.0
349 -1.0 -1.0 94.0 31.0 4.0
350 -1.0 -1.0 15.0 62.0 16.0
351 -1.0 -1.0 20.0 69.0 15.0
352 -1.0 -1.0 0.0 61.0 19.0
353 -1.0 -1.0 77.0 74.0 14.0
354 -1.0 -1.0 44.0 59.0 4.0
355 -1.0 -1.0 56.0 55.0 5.0
356 -1.0 -1.0 28.0 76.0 14.0
357 -1.0 -1.0 50.0 2.0 18.0
358 -1.0 -1.0 36.0 30.0 4.0
359 -1.0 -1.0 89.0 56.0 8.0
360 -1.0 -1.0 53.0 74.0 6.0
361 -1.0 -1.0 18.0 29.0 6.0
362 -1.0 -1.0 88.0 83.0 19.0
363 -1.0 -1.0 23.0 63.0 14.0
364 -1.0 -1.0 2.0 29.0 7.0
365 -1.0 -1.0 11.0 35.0 8.0
366 -1.0 -1.0 43.0 90.0 4.0
367 -1.0 -1.0 46.0 92.0 9.0
368 -1.0 -1.0 45.0 49.0 19.0
369 -1.0 -1.0 57.0 52.0 19.0
370 -1.0 -1.0 40.0 57.0 17.0
371 -1.0 -1.0 7.0 46.0 12.0
372 -1.0 -1.0 78.0 64.0 14.0
373 -1.0 -1.0 4.0 5.0 14.0
374 -1.0 -1.0 24.0 1.0 9.0
375 -1.0 -1.0 72.0 70.0 7.0
376 -1.0 -1.0 99.0 28.0 6.0
377 -1.0 -1.0 84.0 62.0 4.0
378 -1.0 -1.0 60.0 37.0 4.0
379 -1.0 -1.0 94.0 17.0 16.0
380 -1.0 -1.0 81.0 79.0 17.0
381 -1.0 -1.0 73.0 12.0 14.0
382 -1.0 -1.0 79.0 75.0 18.0
383 -1.0 -1.0 26.0 18.0 18.0
384 -1.0 -1.0 4.0 91.0 15.0
385 -1.0 -1.0 21.0 14.0 18.0
386 -1.0 -1.0 2.0 21.0 18.0
387 -1.0 -1.0 94.0 63.0 12.0
388 -1.0 -1.0 33.0 37.0 4.0
389 -1.0 -1.0 62.0 94.0 4.0
390 -1.0 -1.0 84.0 36.0 13.0
391 -1.0 -1.0 71.0 2.0 6.0
392 -1.0 -1.0 63.0 35.0 14.0
393 -1.0 -1.0 48.0 22.0 7.0
394 -1.0 -1.0 50.0 87.0 8.0
395 -1.0 -1.0 38.0 48.0 11.0
396 -1.0 -1.0 79.0 87.0 14.0
397 -1.0 -1.0 2.0 9.0 4.0
398 -1.0 -1.0 67.0 90.0 13.0
399 -1.0 -1.0 55.0 94.0 8.0
400 -1.0 -1.0 89.0 54.0 7.0
401 -1.0 -1.0 68.0 59.0 15.0
402 -1.0 -1.0 19.0 66.0 7.0
403 -1.0 -1.0 42.0 85.0 18.0
404 -1.0 -1.0 57.0 15.0 6.0
405 -1.0 -1.0 74.0 41.0 13.0
406 -1.0 -1.0 89.0 16.0 9.0
407 -1.0 -1.0 21.0 66.0 9.0
408 -1.0 -1.0 25.0 70.0 10.0
409 -1.0 -1.0 7.0 97.0 17.0
410 -1.0 -1.0 30.0 16.0 13.0
411 -1.0 -1.0 16.0 69.0 17.0
412 -1.0 -1.0 77.0 80.0 16.0
413 -1.0 -1.0 26.0 21.0 6.0
414 -1.0 -1.0 75.0 66.0 16.0
415 -1.0 -1.0 51.0 47.0 4.0
416 -1.0 -1.0 79.0 0.0 12.0
417 -1.0 -1.0 99.0 33.0 8.0
418 -1.0 -1.0 75.0 99.0 10.0
419 -1.0 -1.0 56.0 15.0 7.0
420 -1.0 -1.0 33.0 78.0 7.0
421 -1.0 -1.0 14.0 81.0 17.0
422 -1.0 -1.0 84.0 68.0 19.0
423 -1.0 -1.0 62.0 0.0 14.0
424 -1.0 -1.0 93.0 17.0 6.0
425 -1.0 -1.0 48.0 64.0 16.0
426 -1.0 -1.0 35.0 92.0 15.0
427 -1.0 -1.0 67.0 64.0 4.0
428 -1.0 -1.0 32.0 13.0 18.0
429 -1.0 -1.0 91.0 43.0 16.0
430 -1.0 -1.0 76.0 8.0 11.0
431 -1.0 -1.0 94.0 93.0 7.0
432 -1.0 -1.0 18.0 38.0 11.0
433 -1.0 -1.0 62.0 43.0 18.0
434 -1.0 -1.0 78.0 72.0 5.0
435 -1.0 -1.0 69.0 32.0 15.0
436 -1.0 -1.0 18.0 46.0 6.0
437 -1.0 -1.0 94.0 62.0 11.0
438 -1.0 -1.0 83.0 100.0 7.0
439 -1.0 -1.0 96.0 48.0 13.0
440 -1.0 -1.0 54.0 95.0 18.0
441 -1.0 -1.0 36.0 90.0 16.0
442 -1.0 -1.0 60.0 6.0 11.0
443 -1.0 -1.0 20.0 64.0 18.0
444 -1.0 -1.0 40.0 30.0 18.0
445 -1.0 -1.0 76.0 46.0 12.0
446 -1.0 -1.0 64.0 97.0 4.0
447 -1.0 -1.0 71.0 94.0 17.0
448 -1.0 -1.0 54.0 3.0 6.0
449 -1.0 -1.0 67.0 100.0 12.0
450 -1.0 -1.0 79.0 25.0 12.0
451 -1.0 -1.0 55.0 34.0 5.0
452 -1.0 -1.0 73.0 100.0 6.0
453 -1.0 -1.0 87.0 57.0 17.0
454 -1.0 -1.0 57.0 43.0 9.0
455 -1.0 -1.0 49.0 57.0 13.0
456 -1.0 -1.0 41.0 1.0 15.0
457 -1.0 -1.0 71.0 86.0 7.0
458 -1.0 -1.0 56.0 98.0 18.0
459 -1.0 -1.0 74.0 6.0 10.0
460 -1.0 -1.0 0.0 84.0 10.0
461 -1.0 -1.0 29.0 9.0 10.0
462 -1.0 -1.0 88.0 57.0 10.0
463 -1.0 -1.0 85.0 88.0 19.0
464 -1.0 -1.0 31.0 35.0 17.0
465 -1.0 -1.0 0.0 51.0 5.0
466 -1.0 -1.0 3.0 95.0 10.0
467 -1.0 -1.0 49.0 1.0 7.0
468 -1.0 -1.0 21.0 56.0 10.0
469 -1.0 -1.0 75.0 20.0 6.0
470 -1.0 -1.0 13.0 23.0 5.0
471 -1.0 -1.0 71.0 85.0 12.0
472 -1.0 -1.0 16.0 17.0 13.0
473 -1.0 -1.0 85.0 31.0 9.0
474 -1.0 -1.0 65.0 5.0 13.0
475 -1.0 -1.0 92.0 36.0 4.0
476 -1.0 -1.0 89.0 98.0 16.0
477 -1.0 -1.0 26.0 83.0 5.0
478 -1.0 -1.0 53.0 77.0 17.0
479 -1.0 -1.0 92.0 28.0 17.0
480 -1.0 -1.0 72.0 36.0 16.0
481 -1.0 -1.0 85.0 29.0 5.0
482 -1.0 -1.0 84.0 64.0 16.0
483 -1.0 -1.0 31.0 63.0 7.0
484 -1.0 -1.0 73.0 78.0 12.0
485 -1.0 -1.0 14.0 75.0 10.0
486 -1.0 -1.0 94.0 80.0 4.0
487 -1.0 -1.0 19.0 84.0 15.0
488 -1.0 -1.0 57.0 31.0 16.0
489 -1.0 -1.0 18.0 65.0 17.0
490 -1.0 -1.0 91.0 77.0 16.0
491 -1.0 -1.0 72.0 40.0 9.0
492 -1.0 -1.0 3.0 20.0 10.0
493 -1.0 -1.0 47.0 93.0 12.0
494 -1.0 -1.0 36.0 63.0 10.0
495 -1.0 -1.0 87.0 77.0 16.0
496 -1.0 -1.0 15.0 40.0 16.0
497 -1.0 -1.0 10.0 20.0 13.0
498 -1.0 -1.0 11.0 13.0 8.0
499 -1.0 -1.0 22.0 50.0 13.0
1465
0 168 0
0 213 0
0 136 0
0 106 0
0 111 0
1 496 0
1 432 0
1 365 0
1 371 0
1 46 0
1 100 0
2 398 0
2 28 0
2 5 0
2 315 0
2 302 0
3 309 0
3 57 0
3 266 0
3 299 0
3 243 0
4 393 0
4 121 0
4 159 0
4 43 0
4 169 0
4 325 0
5 59 0
5 28 0
5 141 0
5 306 0
5 302 0
6 397 0
6 231 0
6 373 0
6 267 0
6 69 0
6 324 0
6 498 0
6 305 0
6 303 0
7 235 0
7 356 0
7 408 0
7 180 0
8 30 0
8 388 0
8 212 0
8 16 0
8 287 0
9 61 0
9 42 0
9 425 0
9 58 0
9 360 0
9 11 0
9 44 0
10 55 0
10 333 0
10 411 0
10 41 0
10 163 0
10 230 0
11 58 0
11 360 0
11 253 0
11 52 0
11 319 0
11 49 0
12 63 0
12 300 0
12 331 0
12 243 0
12 299 0
13 326 0
13 271 0
13 252 0
13 214 0
13 373 0
14 78 0
14 349 0
14 475 0
14 158 0
14 479 0
14 277 0
14 122 0
15 485 0
15 333 0
15 105 0
15 180 0
15 257 0
16 221 0
16 368 0
16 415 0
16 212 0
16 451 0
16 287 0
17 335 0
17 376 0
17 314 0
17 260 0
17 439 0
17 76 0
17 417 0
17 114 0
17 78 0
18 390 0
18 293 0
18 475 0
18 473 0
18 158 0
18 277 0
19 357 0
19 448 0
19 205 0
19 183 0
20 403 0
20 216 0
20 80 0
20 82 0
20 366 0
20 367 0
21 308 0
21 53 0
21 201 0
21 140 0
21 115 0
22 138 0
22 37 0
22 295 0
22 186 0
22 241 0
22 368 0
23 334 0
23 255 0
23 182 0
23 416 0
23 272 0
23 95 0
24 483 0
24 170 0
24 139 0
24 229 0
24 27 0
24 123 0
24 215 0
25 107 0
25 364 0
25 371 0
25 365 0
25 179 0
25 267 0
26 86 0
26 381 0
26 232 0
26 430 0
26 160 0
26 65 0
27 123 0
27 147 0
27 229 0
28 389 0
28 312 0
28 59 0
28 398 0
29 376 0
29 335 0
29 265 0
29 292 0
29 108 0
29 321 0
29 188 0
30 139 0
30 395 0
30 221 0
30 229 0
30 388 0
30 212 0
31 58 0
31 52 0
31 94 0
31 420 0
31 356 0
31 156 0
31 35 0
31 282 0
32 295 0
32 186 0
32 284 0
32 370 0
33 413 0
33 207 0
33 270 0
33 224 0
33 169 0
34 73 0
34 64 0
34 134 0
34 143 0
34 431 0
35 356 0
35 282 0
35 74 0
35 189 0
36 390 0
36 473 0
36 481 0
36 450 0
36 220 0
36 200 0
37 146 0
37 234 0
37 138 0
37 415 0
37 241 0
38 56 0
38 381 0
38 430 0
38 75 0
38 474 0
38 225 0
39 238 0
39 346 0
39 157 0
39 182 0
39 65 0
40 374 0
40 205 0
40 214 0
40 271 0
40 85 0
40 278 0
40 275 0
40 264 0
41 352 0
41 328 0
41 245 0
41 163 0
41 274 0
41 223 0
41 230 0
42 61 0
42 174 0
42 209 0
42 281 0
42 44 0
42 343 0
43 102 0
43 121 0
43 187 0
43 169 0
44 281 0
44 425 0
44 126 0
44 455 0
44 87 0
45 365 0
45 107 0
45 150 0
45 100 0
45 268 0
45 259 0
46 432 0
46 342 0
46 258 0
46 100 0
46 268 0
46 361 0
47 369 0
47 53 0
47 433 0
47 454 0
47 415 0
48 445 0
48 201 0
48 213 0
48 136 0
48 140 0
49 156 0
49 52 0
49 154 0
49 216 0
49 319 0
50 461 0
50 374 0
50 278 0
50 171 0
50 185 0
51 460 0
51 148 0
51 421 0
51 296 0
51 152 0
51 384 0
51 131 0
52 58 0
52 156 0
53 201 0
53 67 0
53 369 0
53 433 0
53 308 0
53 192 0
54 329 0
54 423 0
54 191 0
54 391 0
55 269 0
55 148 0
55 333 0
55 230 0
56 381 0
56 310 0
56 77 0
56 283 0
56 75 0
57 63 0
57 196 0
57 309 0
57 344 0
57 299 0
58 425 0
58 317 0
58 195 0
58 94 0
59 141 0
59 394 0
59 312 0
59 399 0
60 270 0
60 224 0
60 325 0
60 358 0
60 464 0
61 360 0
61 343 0
62 149 0
62 210 0
62 162 0
62 104 0
62 285 0
62 119 0
62 488 0
63 196 0
63 300 0
63 299 0
64 476 0
64 176 0
64 143 0
64 73 0
64 134 0
65 160 0
65 182 0
65 232 0
65 346 0
66 203 0
66 210 0
66 246 0
66 175 0
66 151 0
66 290 0
67 201 0
67 193 0
67 433 0
68 145 0
68 97 0
68 382 0
68 337 0
68 380 0
69 267 0
69 305 0
69 492 0
70 336 0
70 274 0
70 179 0
70 371 0
70 72 0
70 161 0
70 262 0
70 245 0
71 162 0
71 124 0
71 206 0
71 283 0
71 290 0
72 371 0
72 161 0
72 496 0
72 432 0
72 436 0
73 247 0
73 486 0
73 96 0
73 79 0
73 431 0
74 282 0
74 483 0
74 189 0
74 408 0
74 363 0
75 474 0
75 304 0
75 310 0
76 439 0
76 248 0
76 289 0
76 114 0
77 310 0
77 283 0
77 206 0
78 114 0
78 475 0
78 417 0
78 155 0
78 349 0
79 137 0
79 96 0
79 318 0
79 244 0
80 319 0
80 216 0
80 217 0
80 82 0
80 197 0
80 394 0
81 332 0
81 449 0
81 389 0
81 446 0
81 311 0
82 217 0
82 367 0
82 250 0
83 354 0
83 370 0
83 195 0
83 494 0
84 466 0
84 113 0
84 384 0
84 131 0
84 460 0
85 214 0
85 177 0
85 264 0
86 381 0
86 283 0
86 232 0
86 469 0
86 290 0
87 281 0
87 146 0
87 234 0
87 455 0
87 355 0
88 384 0
88 466 0
88 152 0
88 409 0
88 309 0
89 137 0
89 92 0
89 244 0
89 327 0
89 172 0
89 387 0
90 117 0
90 238 0
90 339 0
90 265 0
90 424 0
90 379 0
91 135 0
91 447 0
91 418 0
91 307 0
91 396 0
91 211 0
92 137 0
92 172 0
92 202 0
92 348 0
92 490 0
93 104 0
93 393 0
93 159 0
93 313 0
93 133 0
93 287 0
93 451 0
94 195 0
94 494 0
94 483 0
94 282 0
95 430 0
95 323 0
95 272 0
95 182 0
96 137 0
96 486 0
96 490 0
97 412 0
97 380 0
97 145 0
98 461 0
98 171 0
98 153 0
98 428 0
98 112 0
99 223 0
99 465 0
99 336 0
99 274 0
100 365 0
100 268 0
101 364 0
101 107 0
101 219 0
101 386 0
102 419 0
102 121 0
102 448 0
102 187 0
102 357 0
102 194 0
102 263 0
102 456 0
102 129 0
103 127 0
103 208 0
103 480 0
104 393 0
104 124 0
104 162 0
104 451 0
104 488 0
105 421 0
105 487 0
105 235 0
105 180 0
105 485 0
106 136 0
106 377 0
106 249 0
106 401 0
106 199 0
106 111 0
107 364 0
107 365 0
107 219 0
107 150 0
108 334 0
108 182 0
108 292 0
108 239 0
108 340 0
108 321 0
109 341 0
109 196 0
109 458 0
109 440 0
110 314 0
110 439 0
110 260 0
110 291 0
110 437 0
110 347 0
110 400 0
110 222 0
111 377 0
111 453 0
111 400 0
111 168 0
112 171 0
112 254 0
112 165 0
112 116 0
112 428 0
113 466 0
113 409 0
113 344 0
114 289 0
114 429 0
114 475 0
115 308 0
115 140 0
115 184 0
115 401 0
115 209 0
116 254 0
116 383 0
116 171 0
116 385 0
117 238 0
117 424 0
117 406 0
117 157 0
118 378 0
118 392 0
118 433 0
118 193 0
118 127 0
119 285 0
119 149 0
119 392 0
120 183 0
120 423 0
120 474 0
120 304 0
120 191 0
120 442 0
121 393 0
121 419 0
122 155 0
122 376 0
122 349 0
122 265 0
122 479 0
123 147 0
123 499 0
123 215 0
123 468 0
124 419 0
124 393 0
124 404 0
124 162 0
124 206 0
125 298 0
125 177 0
125 185 0
125 303 0
125 237 0
125 385 0
126 317 0
126 425 0
126 354 0
126 345 0
126 455 0
127 392 0
127 208 0
127 193 0
127 480 0
127 149 0
127 435 0
128 437 0
128 291 0
128 166 0
128 338 0
128 202 0
128 172 0
128 387 0
129 263 0
129 456 0
129 153 0
129 461 0
129 374 0
130 497 0
130 305 0
130 470 0
130 492 0
130 150 0
131 460 0
131 384 0
132 334 0
132 335 0
132 292 0
132 239 0
133 313 0
133 287 0
133 444 0
134 143 0
135 398 0
135 447 0
135 457 0
135 211 0
136 213 0
136 401 0
136 140 0
137 244 0
137 490 0
138 146 0
138 295 0
138 354 0
138 345 0
139 170 0
139 395 0
139 229 0
140 201 0
140 401 0
141 197 0
141 394 0
141 306 0
142 484 0
142 375 0
142 279 0
142 178 0
142 306 0
142 302 0
143 476 0
143 247 0
143 431 0
144 487 0
144 296 0
144 477 0
144 164 0
144 331 0
144 243 0
145 412 0
145 484 0
145 353 0
145 382 0
146 234 0
146 345 0
146 455 0
147 499 0
147 229 0
147 167 0
148 269 0
148 460 0
148 421 0
148 333 0
148 485 0
149 210 0
149 203 0
149 392 0
149 435 0
150 492 0
150 219 0
150 470 0
150 251 0
150 259 0
151 220 0
151 246 0
151 203 0
151 218 0
151 405 0
151 435 0
151 480 0
152 296 0
152 384 0
152 266 0
152 309 0
153 194 0
153 428 0
153 263 0
153 461 0
154 156 0
154 280 0
154 403 0
154 216 0
155 417 0
155 376 0
155 349 0
156 420 0
156 297 0
156 280 0
157 182 0
157 406 0
157 238 0
158 481 0
158 473 0
158 339 0
158 479 0
158 277 0
159 393 0
159 313 0
159 444 0
159 325 0
160 323 0
160 182 0
160 430 0
161 262 0
161 436 0
161 301 0
161 499 0
162 210 0
162 290 0
163 350 0
163 245 0
163 411 0
163 320 0
164 477 0
164 181 0
164 261 0
164 276 0
164 300 0
164 331 0
165 410 0
165 428 0
165 254 0
166 338 0
166 291 0
166 422 0
166 482 0
166 377 0
166 462 0
167 499 0
167 301 0
167 229 0
167 436 0
167 432 0
167 342 0
168 429 0
168 293 0
168 400 0
168 213 0
169 187 0
169 428 0
169 410 0
169 413 0
169 224 0
169 325 0
170 483 0
170 395 0
170 494 0
170 370 0
170 284 0
171 461 0
171 185 0
171 385 0
172 387 0
172 202 0
173 398 0
173 447 0
173 389 0
173 449 0
173 446 0
173 311 0
174 209 0
174 178 0
174 427 0
174 343 0
174 184 0
175 246 0
175 450 0
175 469 0
175 290 0
176 476 0
176 273 0
176 438 0
177 214 0
177 373 0
177 275 0
177 264 0
177 303 0
177 298 0
177 185 0
178 375 0
178 427 0
178 343 0
178 306 0
179 371 0
179 336 0
179 465 0
180 235 0
180 408 0
180 351 0
180 257 0
181 297 0
181 420 0
181 477 0
181 261 0
181 426 0
181 441 0
182 334 0
182 323 0
182 340 0
182 406 0
183 423 0
183 205 0
183 442 0
183 448 0
184 427 0
184 190 0
184 209 0
184 401 0
185 278 0
185 275 0
185 385 0
186 221 0
186 395 0
186 295 0
186 368 0
186 284 0
187 428 0
187 194 0
188 321 0
188 340 0
188 265 0
188 379 0
189 408 0
189 356 0
190 427 0
190 401 0
191 423 0
191 474 0
191 391 0
192 308 0
192 369 0
192 209 0
192 294 0
192 316 0
193 201 0
193 491 0
193 433 0
193 208 0
194 428 0
194 263 0
195 317 0
195 354 0
195 494 0
196 449 0
196 332 0
196 341 0
196 286 0
196 458 0
196 204 0
196 300 0
197 394 0
197 306 0
197 478 0
197 319 0
198 341 0
198 286 0
198 493 0
198 366 0
198 367 0
199 414 0
199 401 0
199 249 0
199 372 0
200 220 0
200 218 0
200 390 0
201 445 0
201 491 0
201 405 0
202 348 0
202 338 0
202 228 0
203 210 0
203 435 0
204 426 0
204 286 0
204 261 0
204 276 0
204 300 0
205 423 0
205 374 0
205 357 0
205 456 0
205 467 0
206 283 0
206 310 0
206 404 0
207 413 0
207 472 0
207 258 0
207 270 0
207 470 0
207 361 0
208 491 0
208 480 0
209 281 0
209 308 0
209 294 0
210 290 0
211 457 0
211 471 0
211 396 0
211 412 0
212 221 0
213 293 0
213 445 0
213 218 0
214 271 0
214 373 0
215 483 0
215 363 0
215 288 0
215 468 0
216 403 0
216 319 0
217 394 0
217 250 0
218 220 0
218 405 0
218 390 0
218 293 0
218 445 0
219 386 0
219 492 0
220 246 0
220 450 0
221 395 0
221 368 0
222 359 0
222 400 0
222 291 0
222 462 0
223 352 0
223 274 0
223 465 0
224 325 0
224 270 0
225 391 0
225 459 0
225 430 0
225 474 0
226 414 0
226 240 0
226 242 0
226 375 0
227 471 0
227 279 0
227 457 0
227 315 0
227 302 0
228 348 0
228 495 0
228 330 0
228 422 0
228 338 0
229 388 0
229 342 0
229 256 0
230 269 0
230 328 0
231 233 0
231 326 0
231 397 0
231 267 0
232 469 0
232 346 0
233 326 0
233 252 0
233 397 0
234 415 0
234 369 0
234 316 0
234 355 0
235 477 0
235 487 0
235 356 0
236 330 0
236 495 0
236 382 0
236 434 0
236 337 0
237 498 0
237 324 0
237 472 0
237 303 0
237 385 0
238 481 0
238 346 0
238 339 0
239 334 0
239 292 0
240 242 0
240 434 0
240 330 0
240 372 0
240 414 0
240 422 0
240 482 0
241 415 0
241 368 0
242 434 0
242 375 0
242 353 0
243 331 0
243 296 0
243 299 0
243 266 0
244 318 0
244 327 0
245 350 0
245 274 0
245 262 0
245 288 0
246 450 0
247 486 0
247 362 0
247 476 0
247 273 0
247 463 0
247 431 0
248 439 0
248 400 0
248 429 0
248 289 0
249 377 0
249 372 0
249 482 0
250 394 0
250 493 0
250 367 0
251 470 0
251 361 0
251 268 0
251 259 0
252 326 0
252 397 0
252 373 0
253 478 0
253 360 0
253 319 0
254 410 0
254 383 0
255 334 0
255 335 0
255 416 0
256 342 0
256 258 0
256 270 0
256 464 0
256 388 0
257 411 0
257 333 0
257 351 0
258 270 0
258 342 0
258 361 0
259 268 0
260 347 0
260 318 0
260 314 0
261 426 0
261 276 0
262 288 0
262 468 0
262 499 0
264 275 0
265 376 0
265 479 0
265 339 0
265 379 0
266 296 0
266 309 0
267 364 0
267 386 0
267 492 0
268 361 0
269 352 0
269 328 0
269 460 0
270 464 0
271 326 0
272 416 0
272 329 0
272 459 0
272 430 0
273 307 0
273 396 0
273 476 0
273 438 0
273 463 0
274 336 0
275 278 0
276 300 0
277 475 0
278 374 0
279 484 0
279 471 0
279 302 0
280 297 0
280 441 0
280 403 0
281 294 0
281 355 0
282 483 0
283 381 0
283 290 0
284 395 0
284 370 0
285 378 0
285 392 0
285 488 0
285 451 0
286 341 0
286 366 0
286 441 0
286 426 0
287 358 0
287 388 0
287 444 0
287 451 0
288 363 0
288 350 0
288 468 0
288 443 0
289 429 0
290 469 0
291 437 0
291 462 0
292 335 0
293 429 0
293 475 0
293 390 0
294 316 0
294 355 0
295 354 0
295 370 0
296 487 0
296 421 0
297 420 0
297 441 0
298 303 0
300 331 0
301 499 0
301 436 0
302 306 0
302 315 0
303 498 0
303 373 0
304 474 0
304 442 0
304 404 0
304 310 0
305 324 0
305 497 0
305 492 0
306 343 0
306 478 0
307 396 0
307 438 0
307 418 0
309 344 0
309 409 0
310 404 0
311 449 0
311 446 0
312 332 0
312 389 0
312 458 0
312 399 0
313 444 0
314 439 0
315 398 0
315 457 0
316 369 0
316 355 0
317 425 0
317 354 0
318 347 0
318 327 0
319 478 0
320 351 0
320 411 0
320 402 0
320 489 0
320 350 0
321 340 0
322 347 0
322 437 0
322 327 0
322 387 0
323 430 0
324 498 0
324 472 0
324 497 0
325 444 0
325 358 0
327 347 0
327 387 0
328 352 0
329 423 0
329 391 0
329 459 0
329 416 0
330 434 0
330 422 0
330 495 0
332 449 0
332 389 0
332 458 0
333 485 0
333 411 0
334 335 0
335 376 0
336 465 0
337 495 0
337 380 0
337 382 0
338 422 0
339 479 0
339 481 0
340 406 0
340 424 0
340 379 0
341 493 0
341 440 0
342 432 0
343 360 0
343 478 0
344 409 0
345 354 0
345 455 0
346 481 0
346 450 0
346 469 0
347 437 0
348 490 0
348 495 0
350 489 0
350 443 0
351 408 0
351 411 0
351 402 0
351 407 0
352 460 0
353 382 0
353 434 0
353 484 0
353 375 0
354 370 0
356 420 0
356 477 0
356 408 0
357 448 0
357 456 0
357 467 0
358 388 0
358 464 0
358 444 0
359 453 0
359 400 0
359 462 0
360 478 0
361 470 0
362 495 0
362 380 0
362 486 0
362 463 0
362 490 0
363 408 0
363 483 0
363 407 0
363 443 0
364 386 0
365 371 0
366 441 0
366 403 0
366 367 0
367 493 0
368 415 0
369 415 0
370 494 0
371 496 0
372 414 0
372 482 0
373 397 0
374 461 0
374 456 0
375 484 0
375 414 0
375 427 0
376 417 0
377 453 0
377 482 0
377 462 0
378 392 0
378 433 0
378 454 0
378 451 0
379 424 0
380 412 0
380 396 0
380 495 0
380 463 0
381 430 0
382 434 0
383 413 0
383 410 0
383 472 0
383 385 0
384 466 0
385 472 0
386 492 0
387 437 0
388 464 0
389 398 0
389 446 0
390 473 0
391 474 0
391 459 0
393 419 0
394 399 0
394 493 0
394 440 0
396 412 0
396 463 0
398 447 0
398 457 0
399 458 0
399 440 0
400 439 0
400 429 0
400 453 0
401 427 0
401 414 0
402 489 0
402 407 0
402 443 0
403 441 0
404 419 0
404 442 0
405 491 0
405 445 0
405 480 0
406 424 0
407 408 0
407 443 0
409 466 0
410 428 0
410 413 0
412 471 0
412 484 0
413 472 0
414 427 0
415 454 0
415 451 0
418 438 0
418 452 0
418 447 0
419 448 0
419 442 0
420 477 0
421 487 0
421 485 0
422 482 0
426 441 0
429 475 0
430 459 0
432 496 0
432 436 0
433 454 0
435 480 0
438 452 0
440 458 0
440 493 0
442 448 0
443 489 0
447 452 0
447 449 0
449 452 0
450 481 0
450 469 0
451 454 0
451 488 0
453 462 0
456 467 0
457 471 0
468 499 0
470 472 0
470 497 0
471 484 0
472 497 0
473 481 0
477 487 0
480 491 0
483 494 0
486 490 0
490 495 0
10 0.05 0.05 0.05
