500
0 -1.0 -1.0 39.0 43.0 6.0
1 -1.0 -1.0 39.0 65.0 18.0
2 -1.0 -1.0 19.0 47.0 14.0
3 -1.0 -1.0 12.0 63.0 18.0
4 -1.0 -1.0 19.0 46.0 4.0
5 -1.0 -1.0 85.0 70.0 6.0
6 -1.0 -1.0 2.0 75.0 13.0
7 -1.0 -1.0 42.0 90.0 6.0
8 -1.0 -1.0 84.0 52.0 6.0
9 -1.0 -1.0 63.0 90.0 14.0
10 -1.0 -1.0 62.0 45.0 10.0
11 -1.0 -1.0 52.0 100.0 15.0
12 -1.0 -1.0 21.0 55.0 10.0
13 -1.0 -1.0 71.0 93.0 18.0
14 -1.0 -1.0 50.0 55.0 19.0
15 -1.0 -1.0 96.0 42.0 4.0
16 -1.0 -1.0 4.0 65.0 13.0
17 -1.0 -1.0 57.0 16.0 13.0
18 -1.0 -1.0 39.0 81.0 9.0
19 -1.0 -1.0 7.0 34.0 14.0
20 -1.0 -1.0 2.0 71.0 8.0
21 -1.0 -1.0 97.0 90.0 8.0
22 -1.0 -1.0 31.0 23.0 13.0
23 -1.0 -1.0 15.0 19.0 8.0
24 -1.0 -1.0 43.0 42.0 8.0
25 -1.0 -1.0 59.0 78.0 15.0
26 -1.0 -1.0 0.0 71.0 11.0
27 -1.0 -1.0 44.0 48.0 6.0
28 -1.0 -1.0 50.0 77.0 18.0
29 -1.0 -1.0 8.0 58.0 12.0
30 -1.0 -1.0 42.0 28.0 19.0
31 -1.0 -1.0 93.0 21.0 13.0
32 -1.0 -1.0 10.0 100.0 9.0
33 -1.0 -1.0 55.0 71.0 18.0
34 -1.0 -1.0 1.0 45.0 10.0
35 -1.0 -1.0 43.0 41.0 4.0
36 -1.0 -1.0 40.0 22.0 17.0
37 -1.0 -1.0 55.0 62.0 11.0
38 -1.0 -1.0 38.0 85.0 13.0
39 -1.0 -1.0 65.0 6.0 7.0
40 -1.0 -1.0 89.0 80.0 8.0
41 -1.0 -1.0 29.0 61.0 17.0
42 -1.0 -1.0 19.0 20.0 11.0
43 -1.0 -1.0 99.0 32.0 15.0
44 -1.0 -1.0 71.0 9.0 7.0
45 -1.0 -1.0 53.0 33.0 13.0
46 -1.0 -1.0 50.0 84.0 15.0
47 -1.0 -1.0 45.0 99.0 19.0
48 -1.0 -1.0 45.0 74.0 17.0
49 -1.0 -1.0 16.0 72.0 14.0
50 -1.0 -1.0 35.0 89.0 9.0
51 -1.0 -1.0 17.0 34.0 11.0
52 -1.0 -1.0 24.0 99.0 18.0
53 -1.0 -1.0 56.0 22.0 8.0
54 -1.0 -1.0 37.0 87.0 17.0
55 -1.0 -1.0 36.0 45.0 14.0
56 -1.0 -1.0 2.0 31.0 18.0
57 -1.0 -1.0 10.0 23.0 12.0
58 -1.0 -1.0 0.0 30.0 12.0
59 -1.0 -1.0 70.0 40.0 4.0
60 -1.0 -1.0 33.0 14.0 11.0
61 -1.0 -1.0 77.0 76.0 15.0
62 -1.0 -1.0 94.0 31.0 8.0
63 -1.0 -1.0 21.0 17.0 16.0
64 -1.0 -1.0 11.0 64.0 10.0
65 -1.0 -1.0 2.0 40.0 17.0
66 -1.0 -1.0 49.0 84.0 5.0
67 -1.0 -1.0 90.0 88.0 8.0
68 -1.0 -1.0 54.0 100.0 7.0
69 -1.0 -1.0 75.0 57.0 14.0
70 -1.0 -1.0 66.0 18.0 4.0
71 -1.0 -1.0 57.0 36.0 12.0
72 -1.0 -1.0 58.0 45.0 18.0
73 -1.0 -1.0 81.0 25.0 6.0
74 -1.0 -1.0 93.0 69.0 9.0
75 -1.0 -1.0 24.0 97.0 9.0
76 -1.0 -1.0 14.0 100.0 18.0
77 -1.0 -1.0 23.0 73.0 13.0
78 -1.0 -1.0 29.0 43.0 6.0
79 -1.0 -1.0 19.0 16.0 11.0
80 -1.0 -1.0 42.0 33.0 14.0
81 -1.0 -1.0 26.0 78.0 7.0
82 -1.0 -1.0 97.0 15.0 17.0
83 -1.0 -1.0 88.0 73.0 11.0
84 -1.0 -1.0 46.0 32.0 11.0
85 -1.0 -1.0 55.0 82.0 19.0
86 -1.0 -1.0 21.0 84.0 14.0
87 -1.0 -1.0 88.0 69.0 6.0
88 -1.0 -1.0 95.0 49.0 19.0
89 -1.0 -1.0 48.0 92.0 14.0
90 -1.0 -1.0 78.0 62.0 9.0
91 -1.0 -1.0 56.0 24.0 6.0
92 -1.0 -1.0 34.0 1.0 4.0
93 -1.0 -1.0 60.0 66.0 16.0
94 -1.0 -1.0 12.0 15.0 18.0
95 -1.0 -1.0 37.0 69.0 4.0
96 -1.0 -1.0 37.0 39.0 8.0
97 -1.0 -1.0 98.0 92.0 4.0
98 -1.0 -1.0 15.0 24.0 19.0
99 -1.0 -1.0 87.0 35.0 4.0
100 -1.0 -1.0 100.0 4.0 18.0
101 -1.0 -1.0 84.0 3.0 4.0
102 -1.0 -1.0 30.0 61.0 4.0
103 -1.0 -1.0 9.0 2.0 15.0
104 -1.0 -1.0 20.0 24.0 6.0
105 -1.0 -1.0 86.0 42.0 13.0
106 -1.0 -1.0 99.0 59.0 16.0
107 -1.0 -1.0 32.0 45.0 15.0
108 -1.0 -1.0 81.0 53.0 17.0
109 -1.0 -1.0 57.0 10.0 6.0
110 -1.0 -1.0 65.0 24.0 4.0
111 -1.0 -1.0 93.0 46.0 10.0
112 -1.0 -1.0 67.0 8.0 4.0
113 -1.0 -1.0 2.0 32.0 15.0
114 -1.0 -1.0 81.0 9.0 19.0
115 -1.0 -1.0 68.0 28.0 8.0
116 -1.0 -1.0 75.0 20.0 19.0
117 -1.0 -1.0 28.0 14.0 7.0
118 -1.0 -1.0 82.0 56.0 16.0
119 -1.0 -1.0 69.0 40.0 17.0
120 -1.0 -1.0 92.0 40.0 12.0
121 -1.0 -1.0 31.0 4.0 10.0
122 -1.0 -1.0 60.0 86.0 16.0
123 -1.0 -1.0 4.0 86.0 13.0
124 -1.0 -1.0 21.0 71.0 5.0
125 -1.0 -1.0 73.0 58.0 11.0
126 -1.0 -1.0 63.0 82.0 12.0
127 -1.0 -1.0 68.0 35.0 19.0
128 -1.0 -1.0 51.0 0.0 19.0
129 -1.0 -1.0 89.0 95.0 19.0
130 -1.0 -1.0 74.0 77.0 14.0
131 -1.0 -1.0 64.0 19.0 8.0
132 -1.0 -1.0 84.0 79.0 12.0
133 -1.0 -1.0 79.0 30.0 15.0
134 -1.0 -1.0 70.0 29.0 12.0
135 -1.0 -1.0 28.0 52.0 7.0
136 -1.0 -1.0 82.0 52.0 6.0
137 -1.0 -1.0 48.0 34.0 12.0
138 -1.0 -1.0 74.0 15.0 4.0
139 -1.0 -1.0 70.0 57.0 5.0
140 -1.0 -1.0 85.0 49.0 15.0
141 -1.0 -1.0 77.0 25.0 14.0
142 -1.0 -1.0 89.0 31.0 18.0
143 -1.0 -1.0 7.0 33.0 4.0
144 -1.0 -1.0 88.0 58.0 4.0
145 -1.0 -1.0 7.0 14.0 17.0
146 -1.0 -1.0 36.0 93.0 15.0
147 -1.0 -1.0 14.0 64.0 18.0
148 -1.0 -1.0 15.0 29.0 18.0
149 -1.0 -1.0 64.0 48.0 15.0
150 -1.0 -1.0 54.0 21.0 5.0
151 -1.0 -1.0 64.0 49.0 9.0
152 -1.0 -1.0 92.0 76.0 11.0
153 -1.0 -1.0 85.0 37.0 16.0
154 -1.0 -1.0 27.0 74.0 19.0
155 -1.0 -1.0 57.0 33.0 9.0
156 -1.0 -1.0 18.0 30.0 18.0
157 -1.0 -1.0 59.0 100.0 6.0
158 -1.0 -1.0 84.0 91.0 13.0
159 -1.0 -1.0 96.0 88.0 8.0
160 -1.0 -1.0 80.0 50.0 16.0
161 -1.0 -1.0 71.0 41.0 16.0
162 -1.0 -1.0 74.0 4.0 13.0
163 -1.0 -1.0 2.0 94.0 12.0
164 -1.0 -1.0 67.0 9.0 8.0
165 -1.0 -1.0 34.0 63.0 17.0
166 -1.0 -1.0 25.0 70.0 12.0
167 -1.0 -1.0 31.0 47.0 19.0
168 -1.0 -1.0 62.0 77.0 12.0
169 -1.0 -1.0 24.0 38.0 17.0
170 -1.0 -1.0 88.0 4.0 9.0
171 -1.0 -1.0 40.0 24.0 8.0
172 -1.0 -1.0 66.0 87.0 9.0
173 -1.0 -1.0 23.0 98.0 7.0
174 -1.0 -1.0 18.0 56.0 7.0
175 -1.0 -1.0 77.0 26.0 11.0
176 -1.0 -1.0 62.0 34.0 7.0
177 -1.0 -1.0 6.0 37.0 16.0
178 -1.0 -1.0 99.0 42.0 19.0
179 -1.0 -1.0 48.0 13.0 5.0
180 -1.0 -1.0 96.0 93.0 14.0
181 -1.0 -1.0 78.0 59.0 14.0
182 -1.0 -1.0 46.0 53.0 13.0
183 -1.0 -1.0 30.0 77.0 6.0
184 -1.0 -1.0 53.0 27.0 7.0
185 -1.0 -1.0 56.0 64.0 4.0
186 -1.0 -1.0 4.0 41.0 19.0
187 -1.0 -1.0 56.0 17.0 11.0
188 -1.0 -1.0 48.0 73.0 17.0
189 -1.0 -1.0 39.0 62.0 17.0
190 -1.0 -1.0 33.0 88.0 8.0
191 -1.0 -1.0 33.0 53.0 4.0
192 -1.0 -1.0 7.0 41.0 13.0
193 -1.0 -1.0 11.0 24.0 4.0
194 -1.0 -1.0 99.0 23.0 18.0
195 -1.0 -1.0 83.0 79.0 11.0
196 -1.0 -1.0 15.0 13.0 11.0
197 -1.0 -1.0 52.0 97.0 8.0
198 -1.0 -1.0 87.0 6.0 4.0
199 -1.0 -1.0 68.0 79.0 13.0
200 -1.0 -1.0 31.0 91.0 6.0
201 -1.0 -1.0 56.0 91.0 15.0
202 -1.0 -1.0 63.0 38.0 9.0
203 -1.0 -1.0 1.0 97.0 18.0
204 -1.0 -1.0 35.0 2.0 5.0
205 -1.0 -1.0 42.0 52.0 16.0
206 -1.0 -1.0 40.0 55.0 5.0
207 -1.0 -1.0 61.0 22.0 4.0
208 -1.0 -1.0 25.0 13.0 17.0
209 -1.0 -1.0 43.0 82.0 7.0
210 -1.0 -1.0 59.0 65.0 19.0
211 -1.0 -1.0 84.0 92.0 6.0
212 -1.0 -1.0 31.0 22.0 12.0
213 -1.0 -1.0 10.0 35.0 16.0
214 -1.0 -1.0 80.0 95.0 14.0
215 -1.0 -1.0 86.0 81.0 8.0
216 -1.0 -1.0 32.0 86.0 13.0
217 -1.0 -1.0 79.0 29.0 12.0
218 -1.0 -1.0 64.0 91.0 9.0
219 -1.0 -1.0 24.0 32.0 15.0
220 -1.0 -1.0 20.0 34.0 4.0
221 -1.0 -1.0 19.0 83.0 6.0
222 -1.0 -1.0 85.0 35.0 9.0
223 -1.0 -1.0 81.0 57.0 7.0
224 -1.0 -1.0 67.0 88.0 19.0
225 -1.0 -1.0 20.0 46.0 17.0
226 -1.0 -1.0 4.0 85.0 17.0
227 -1.0 -1.0 29.0 93.0 16.0
228 -1.0 -1.0 7.0 74.0 6.0
229 -1.0 -1.0 2.0 48.0 8.0
230 -1.0 -1.0 16.0 30.0 8.0
231 -1.0 -1.0 64.0 64.0 8.0
232 -1.0 -1.0 48.0 78.0 17.0
233 -1.0 -1.0 15.0 63.0 11.0
234 -1.0 -1.0 51.0 94.0 5.0
235 -1.0 -1.0 93.0 33.0 15.0
236 -1.0 -1.0 73.0 78.0 12.0
237 -1.0 -1.0 88.0 81.0 12.0
238 -1.0 -1.0 92.0 86.0 4.0
239 -1.0 -1.0 94.0 56.0 17.0
240 -1.0 -1.0 70.0 35.0 15.0
241 -1.0 -1.0 75.0 10.0 12.0
242 -1.0 -1.0 39.0 80.0 6.0
243 -1.0 -1.0 53.0 10.0 14.0
244 -1.0 -1.0 24.0 46.0 18.0
245 -1.0 -1.0 33.0 31.0 16.0
246 -1.0 -1.0 96.0 100.0 13.0
247 -1.0 -1.0 8.0 78.0 14.0
248 -1.0 -1.0 94.0 78.0 6.0
249 -1.0 -1.0 62.0 2.0 8.0
250 -1.0 -1.0 45.0 50.0 13.0
251 -1.0 -1.0 48.0 6.0 9.0
252 -1.0 -1.0 3.0 87.0 6.0
253 -1.0 -1.0 2.0 67.0 16.0
254 -1.0 -1.0 79.0 79.0 5.0
255 -1.0 -1.0 64.0 88.0 16.0
256 -1.0 -1.0 20.0 52.0 10.0
257 -1.0 -1.0 34.0 3.0 8.0
258 -1.0 -1.0 8.0 6.0 7.0
259 -1.0 -1.0 54.0 72.0 16.0
260 -1.0 -1.0 48.0 21.0 16.0
261 -1.0 -1.0 38.0 21.0 19.0
262 -1.0 -1.0 22.0 2.0 14.0
263 -1.0 -1.0 100.0 2.0 16.0
264 -1.0 -1.0 53.0 46.0 9.0
265 -1.0 -1.0 83.0 100.0 19.0
266 -1.0 -1.0 9.0 19.0 10.0
267 -1.0 -1.0 71.0 71.0 9.0
268 -1.0 -1.0 3.0 38.0 17.0
269 -1.0 -1.0 94.0 29.0 13.0
270 -1.0 -1.0 37.0 72.0 4.0
271 -1.0 -1.0 94.0 71.0 8.0
272 -1.0 -1.0 61.0 17.0 16.0
273 -1.0 -1.0 12.0 20.0 14.0
274 -1.0 -1.0 43.0 92.0 4.0
275 -1.0 -1.0 70.0 95.0 8.0
276 -1.0 -1.0 1.0 12.0 18.0
277 -1.0 -1.0 75.0 0.0 10.0
278 -1.0 -1.0 8.0 10.0 10.0
279 -1.0 -1.0 85.0 48.0 10.0
280 -1.0 -1.0 96.0 74.0 6.0
281 -1.0 -1.0 39.0 46.0 8.0
282 -1.0 -1.0 85.0 94.0 9.0
283 -1.0 -1.0 4.0 26.0 9.0
284 -1.0 -1.0 72.0 2.0 8.0
285 -1.0 -1.0 14.0 7.0 18.0
286 -1.0 -1.0 41.0 4.0 18.0
287 -1.0 -1.0 92.0 9.0 12.0
288 -1.0 -1.0 81.0 37.0 17.0
289 -1.0 -1.0 28.0 28.0 15.0
290 -1.0 -1.0 9.0 100.0 7.0
291 -1.0 -1.0 77.0 92.0 4.0
292 -1.0 -1.0 24.0 79.0 10.0
293 -1.0 -1.0 33.0 91.0 5.0
294 -1.0 -1.0 18.0 45.0 11.0
295 -1.0 -1.0 90.0 89.0 18.0
296 -1.0 -1.0 72.0 9.0 5.0
297 -1.0 -1.0 24.0 83.0 10.0
298 -1.0 -1.0 51.0 56.0 5.0
299 -1.0 -1.0 75.0 8.0 6.0
300 -1.0 -1.0 18.0 58.0 16.0
301 -1.0 -1.0 22.0 99.0 17.0
302 -1.0 -1.0 66.0 100.0 19.0
303 -1.0 -1.0 89.0 14.0 4.0
304 -1.0 -1.0 53.0 61.0 10.0
305 -1.0 -1.0 59.0 21.0 8.0
306 -1.0 -1.0 0.0 91.0 7.0
307 -1.0 -1.0 50.0 58.0 5.0
308 -1.0 -1.0 14.0 63.0 19.0
309 -1.0 -1.0 71.0 20.0 8.0
310 -1.0 -1.0 11.0 61.0 10.0
311 -1.0 -1.0 14.0 94.0 12.0
312 -1.0 -1.0 95.0 23.0 11.0
313 -1.0 -1.0 56.0 62.0 18.0
314 -1.0 -1.0 55.0 32.0 15.0
315 -1.0 -1.0 49.0 74.0 9.0
316 -1.0 -1.0 24.0 65.0 17.0
317 -1.0 -1.0 54.0 97.0 9.0
318 -1.0 -1.0 7.0 29.0 11.0
319 -1.0 -1.0 14.0 9.0 14.0
320 -1.0 -1.0 4.0 87.0 9.0
321 -1.0 -1.0 72.0 30.0 14.0
322 -1.0 -1.0 87.0 26.0 18.0
323 -1.0 -1.0 79.0 93.0 15.0
324 -1.0 -1.0 57.0 29.0 5.0
325 -1.0 -1.0 89.0 13.0 18.0
326 -1.0 -1.0 74.0 69.0 15.0
327 -1.0 -1.0 73.0 14.0 10.0
328 -1.0 -1.0 51.0 70.0 18.0
329 -1.0 -1.0 72.0 56.0 16.0
330 -1.0 -1.0 16.0 66.0 17.0
331 -1.0 -1.0 56.0 41.0 13.0
332 -1.0 -1.0 85.0 60.0 13.0
333 -1.0 -1.0 95.0 20.0 5.0
334 -1.0 -1.0 6.0 60.0 9.0
335 -1.0 -1.0 19.0 69.0 15.0
336 -1.0 -1.0 16.0 13.0 11.0
337 -1.0 -1.0 46.0 74.0 17.0
338 -1.0 -1.0 89.0 55.0 13.0
339 -1.0 -1.0 41.0 75.0 15.0
340 -1.0 -1.0 27.0 0.0 4.0
341 -1.0 -1.0 84.0 44.0 18.0
342 -1.0 -1.0 43.0 81.0 14.0
343 -1.0 -1.0 57.0 30.0 13.0
344 -1.0 -1.0 10.0 1.0 10.0
345 -1.0 -1.0 6.0 83.0 14.0
346 -1.0 -1.0 34.0 89.0 13.0
347 -1.0 -1.0 5.0 36.0 5.0
348 -1.0 -1.0 64.0 89.0 6.0
349 -1.0 -1.0 33.0 22.0 8.0
350 -1.0 -1.0 63.0 76.0 5.0
351 -1.0 -1.0 58.0 36.0 7.0
352 -1.0 -1.0 77.0 5.0 8.0
353 -1.0 -1.0 15.0 62.0 4.0
354 -1.0 -1.0 55.0 42.0 6.0
355 -1.0 -1.0 83.0 38.0 4.0
356 -1.0 -1.0 8.0 57.0 12.0
357 -1.0 -1.0 96.0 98.0 13.0
358 -1.0 -1.0 96.0 85.0 10.0
359 -1.0 -1.0 7.0 43.0 11.0
360 -1.0 -1.0 7.0 49.0 8.0
361 -1.0 -1.0 4.0 98.0 12.0
362 -1.0 -1.0 94.0 4.0 17.0
363 -1.0 -1.0 38.0 33.0 17.0
364 -1.0 -1.0 89.0 92.0 4.0
365 -1.0 -1.0 77.0 49.0 17.0
366 -1.0 -1.0 91.0 25.0 7.0
367 -1.0 -1.0 43.0 73.0 7.0
368 -1.0 -1.0 41.0 50.0 15.0
369 -1.0 -1.0 15.0 48.0 7.0
370 -1.0 -1.0 45.0 44.0 16.0
371 -1.0 -1.0 8.0 84.0 12.0
372 -1.0 -1.0 46.0 81.0 16.0
373 -1.0 -1.0 2.0 99.0 10.0
374 -1.0 -1.0 91.0 74.0 4.0
375 -1.0 -1.0 62.0 32.0 11.0
376 -1.0 -1.0 65.0 66.0 6.0
377 -1.0 -1.0 63.0 21.0 9.0
378 -1.0 -1.0 26.0 13.0 4.0
379 -1.0 -1.0 45.0 28.0 8.0
380 -1.0 -1.0 43.0 10.0 11.0
381 -1.0 -1.0 54.0 10.0 19.0
382 -1.0 -1.0 75.0 29.0 7.0
383 -1.0 -1.0 75.0 42.0 14.0
384 -1.0 -1.0 62.0 50.0 10.0
385 -1.0 -1.0 37.0 32.0 19.0
386 -1.0 -1.0 35.0 44.0 8.0
387 -1.0 -1.0 70.0 19.0 9.0
388 -1.0 -1.0 50.0 86.0 12.0
389 -1.0 -1.0 26.0 3.0 18.0
390 -1.0 -1.0 29.0 96.0 14.0
391 -1.0 -1.0 5.0 4.0 9.0
392 -1.0 -1.0 53.0 84.0 13.0
393 -1.0 -1.0 46.0 64.0 17.0
394 -1.0 -1.0 1.0 52.0 12.0
395 -1.0 -1.0 8.0 2.0 8.0
396 -1.0 -1.0 100.0 94.0 6.0
397 -1.0 -1.0 90.0 91.0 9.0
398 -1.0 -1.0 39.0 35.0 19.0
399 -1.0 -1.0 38.0 59.0 11.0
400 -1.0 -1.0 84.0 2.0 18.0
401 -1.0 -1.0 15.0 91.0 4.0
402 -1.0 -1.0 90.0 81.0 18.0
403 -1.0 -1.0 0.0 83.0 18.0
404 -1.0 -1.0 21.0 44.0 6.0
405 -1.0 -1.0 98.0 56.0 7.0
406 -1.0 -1.0 88.0 10.0 8.0
407 -1.0 -1.0 48.0 15.0 8.0
408 -1.0 -1.0 91.0 55.0 10.0
409 -1.0 -1.0 97.0 1.0 5.0
410 -1.0 -1.0 63.0 20.0 15.0
411 -1.0 -1.0 18.0 69.0 12.0
412 -1.0 -1.0 8.0 69.0 8.0
413 -1.0 -1.0 39.0 89.0 4.0
414 -1.0 -1.0 96.0 90.0 10.0
415 -1.0 -1.0 66.0 43.0 17.0
416 -1.0 -1.0 80.0 9.0 12.0
417 -1.0 -1.0 81.0 98.0 14.0
418 -1.0 -1.0 42.0 76.0 10.0
419 -1.0 -1.0 0.0 62.0 6.0
420 -1.0 -1.0 35.0 35.0 5.0
421 -1.0 -1.0 78.0 97.0 18.0
422 -1.0 -1.0 24.0 44.0 17.0
423 -1.0 -1.0 55.0 11.0 15.0
424 -1.0 -1.0 69.0 60.0 17.0
425 -1.0 -1.0 44.0 12.0 19.0
426 -1.0 -1.0 62.0 85.0 7.0
427 -1.0 -1.0 81.0 52.0 15.0
428 -1.0 -1.0 100.0 30.0 17.0
429 -1.0 -1.0 16.0 32.0 8.0
430 -1.0 -1.0 92.0 60.0 16.0
431 -1.0 -1.0 16.0 77.0 4.0
432 -1.0 -1.0 69.0 77.0 18.0
433 -1.0 -1.0 94.0 23.0 8.0
434 -1.0 -1.0 36.0 43.0 4.0
435 -1.0 -1.0 12.0 36.0 7.0
436 -1.0 -1.0 23.0 24.0 17.0
437 -1.0 -1.0 54.0 53.0 18.0
438 -1.0 -1.0 88.0 20.0 15.0
439 -1.0 -1.0 46.0 83.0 5.0
440 -1.0 -1.0 4.0 16.0 13.0
441 -1.0 -1.0 39.0 86.0 10.0
442 -1.0 -1.0 82.0 35.0 14.0
443 -1.0 -1.0 59.0 22.0 4.0
444 -1.0 -1.0 96.0 15.0 5.0
445 -1.0 -1.0 92.0 45.0 16.0
446 -1.0 -1.0 54.0 58.0 19.0
447 -1.0 -1.0 0.0 74.0 9.0
448 -1.0 -1.0 61.0 46.0 18.0
449 -1.0 -1.0 43.0 52.0 8.0
450 -1.0 -1.0 24.0 49.0 7.0
451 -1.0 -1.0 97.0 63.0 7.0
452 -1.0 -1.0 40.0 73.0 5.0
453 -1.0 -1.0 86.0 82.0 11.0
454 -1.0 -1.0 47.0 41.0 16.0
455 -1.0 -1.0 67.0 72.0 13.0
456 -1.0 -1.0 75.0 90.0 11.0
457 -1.0 -1.0 60.0 52.0 13.0
458 -1.0 -1.0 36.0 48.0 10.0
459 -1.0 -1.0 18.0 85.0 13.0
460 -1.0 -1.0 21.0 26.0 6.0
461 -1.0 -1.0 61.0 80.0 13.0
462 -1.0 -1.0 33.0 73.0 6.0
463 -1.0 -1.0 76.0 75.0 14.0
464 -1.0 -1.0 95.0 69.0 5.0
465 -1.0 -1.0 19.0 6.0 4.0
466 -1.0 -1.0 38.0 50.0 11.0
467 -1.0 -1.0 1.0 25.0 18.0
468 -1.0 -1.0 49.0 96.0 7.0
469 -1.0 -1.0 66.0 77.0 14.0
470 -1.0 -1.0 54.0 51.0 8.0
471 -1.0 -1.0 30.0 20.0 8.0
472 -1.0 -1.0 90.0 40.0 5.0
473 -1.0 -1.0 99.0 56.0 19.0
474 -1.0 -1.0 0.0 63.0 16.0
475 -1.0 -1.0 45.0 61.0 8.0
476 -1.0 -1.0 65.0 22.0 16.0
477 -1.0 -1.0 8.0 16.0 13.0
478 -1.0 -1.0 78.0 46.0 18.0
479 -1.0 -1.0 64.0 22.0 10.0
480 -1.0 -1.0 94.0 1.0 15.0
481 -1.0 -1.0 22.0 41.0 14.0
482 -1.0 -1.0 2.0 97.0 10.0
483 -1.0 -1.0 86.0 55.0 18.0
484 -1.0 -1.0 74.0 88.0 9.0
485 -1.0 -1.0 30.0 18.0 13.0
486 -1.0 -1.0 59.0 87.0 13.0
487 -1.0 -1.0 16.0 15.0 6.0
488 -1.0 -1.0 76.0 7.0 13.0
489 -1.0 -1.0 45.0 3.0 11.0
490 -1.0 -1.0 82.0 66.0 15.0
491 -1.0 -1.0 100.0 44.0 10.0
492 -1.0 -1.0 48.0 32.0 11.0
493 -1.0 -1.0 52.0 75.0 8.0
494 -1.0 -1.0 42.0 34.0 6.0
495 -1.0 -1.0 25.0 48.0 19.0
496 -1.0 -1.0 20.0 22.0 6.0
497 -1.0 -1.0 43.0 2.0 6.0
498 -1.0 -1.0 91.0 75.0 19.0
499 -1.0 -1.0 43.0 68.0 10.0
1466
0 434 0
0 96 0
0 24 0
0 35 0
0 281 0
0 55 0
1 499 0
1 95 0
1 393 0
1 475 0
1 189 0
1 165 0
2 256 0
2 450 0
2 294 0
2 369 0
2 4 0
2 225 0
3 310 0
3 64 0
3 308 0
3 147 0
4 294 0
4 225 0
5 87 0
5 490 0
5 83 0
5 463 0
5 61 0
5 132 0
5 195 0
6 447 0
6 403 0
6 20 0
6 228 0
6 345 0
6 247 0
7 89 0
7 388 0
7 274 0
7 439 0
7 441 0
7 413 0
7 209 0
7 146 0
8 483 0
8 118 0
8 140 0
8 136 0
8 338 0
8 108 0
9 122 0
9 486 0
9 255 0
9 348 0
9 218 0
9 201 0
10 149 0
10 448 0
10 415 0
10 202 0
10 72 0
10 331 0
11 52 0
11 76 0
11 47 0
11 468 0
11 197 0
11 68 0
12 41 0
12 135 0
12 316 0
12 450 0
12 174 0
12 300 0
12 256 0
13 421 0
13 275 0
13 291 0
13 484 0
13 224 0
13 218 0
13 456 0
14 470 0
14 437 0
14 182 0
14 307 0
14 298 0
15 178 0
15 491 0
15 111 0
15 445 0
15 120 0
15 43 0
15 235 0
16 253 0
16 412 0
16 419 0
16 474 0
16 64 0
16 334 0
17 272 0
17 305 0
17 109 0
17 423 0
17 187 0
18 183 0
18 216 0
18 242 0
18 38 0
18 342 0
18 209 0
19 347 0
19 143 0
19 177 0
19 213 0
20 228 0
20 447 0
20 26 0
20 253 0
20 412 0
21 159 0
21 358 0
21 97 0
21 396 0
21 414 0
22 349 0
22 245 0
22 289 0
22 212 0
22 436 0
22 471 0
23 79 0
23 487 0
23 94 0
23 273 0
23 42 0
23 98 0
24 281 0
24 370 0
24 454 0
24 35 0
25 259 0
25 493 0
25 33 0
25 85 0
25 461 0
25 168 0
26 447 0
26 253 0
26 474 0
27 368 0
27 250 0
27 281 0
27 370 0
27 264 0
28 315 0
28 493 0
28 85 0
28 232 0
28 46 0
28 392 0
29 334 0
29 310 0
29 356 0
30 385 0
30 363 0
30 171 0
30 80 0
30 379 0
30 84 0
31 366 0
31 438 0
31 433 0
31 303 0
31 333 0
31 312 0
31 444 0
32 311 0
32 76 0
32 290 0
33 328 0
33 259 0
33 210 0
33 185 0
33 93 0
33 350 0
33 168 0
34 419 0
34 58 0
34 65 0
34 394 0
34 229 0
34 359 0
34 186 0
35 454 0
35 398 0
35 96 0
35 494 0
36 425 0
36 261 0
36 171 0
36 260 0
36 407 0
37 446 0
37 304 0
37 185 0
37 313 0
38 216 0
38 54 0
38 441 0
38 209 0
39 284 0
39 249 0
39 112 0
39 164 0
39 109 0
40 498 0
40 152 0
40 83 0
40 237 0
40 402 0
40 132 0
40 215 0
41 135 0
41 166 0
41 102 0
41 316 0
42 63 0
42 496 0
42 79 0
42 98 0
43 178 0
43 269 0
43 428 0
43 235 0
43 62 0
43 491 0
44 162 0
44 284 0
44 112 0
44 296 0
44 164 0
44 327 0
45 184 0
45 314 0
45 331 0
45 71 0
45 354 0
45 454 0
45 137 0
45 492 0
45 155 0
46 392 0
46 388 0
46 232 0
46 66 0
47 52 0
47 468 0
47 390 0
47 274 0
47 146 0
48 232 0
48 337 0
48 418 0
48 367 0
49 412 0
49 228 0
49 330 0
49 431 0
49 411 0
49 124 0
50 413 0
50 54 0
50 190 0
50 346 0
50 293 0
50 146 0
51 435 0
51 429 0
51 156 0
51 220 0
51 481 0
51 294 0
52 76 0
52 390 0
52 75 0
52 173 0
52 301 0
53 150 0
53 91 0
53 187 0
53 305 0
53 443 0
54 216 0
54 441 0
54 413 0
54 190 0
55 458 0
55 107 0
55 281 0
55 434 0
55 386 0
56 113 0
56 58 0
56 143 0
56 318 0
56 283 0
57 283 0
57 318 0
57 266 0
57 273 0
57 193 0
58 65 0
58 113 0
58 467 0
58 276 0
58 419 0
58 283 0
59 119 0
59 161 0
59 240 0
60 121 0
60 117 0
60 257 0
60 485 0
60 349 0
60 261 0
60 425 0
60 380 0
61 463 0
61 130 0
61 254 0
61 195 0
62 269 0
62 235 0
62 142 0
63 208 0
63 117 0
63 485 0
63 79 0
63 436 0
63 496 0
63 471 0
64 330 0
64 412 0
64 310 0
64 147 0
64 334 0
65 113 0
65 268 0
65 186 0
66 439 0
66 372 0
66 232 0
66 388 0
67 295 0
67 238 0
67 158 0
67 453 0
67 237 0
68 317 0
68 157 0
68 197 0
69 329 0
69 125 0
69 365 0
69 108 0
69 223 0
69 181 0
70 131 0
70 476 0
70 387 0
70 272 0
70 164 0
70 327 0
71 351 0
71 155 0
71 331 0
72 457 0
72 448 0
72 264 0
72 354 0
72 470 0
72 331 0
73 322 0
73 438 0
73 116 0
73 141 0
73 217 0
73 175 0
74 374 0
74 87 0
74 430 0
74 451 0
74 464 0
74 271 0
75 86 0
75 227 0
75 390 0
75 173 0
75 401 0
76 301 0
76 311 0
77 81 0
77 292 0
77 431 0
77 154 0
77 166 0
77 124 0
78 422 0
78 169 0
78 434 0
78 96 0
78 167 0
78 107 0
78 495 0
78 244 0
78 420 0
78 386 0
79 336 0
79 487 0
79 208 0
80 363 0
80 398 0
80 494 0
80 84 0
81 216 0
81 183 0
81 297 0
81 292 0
81 154 0
82 194 0
82 100 0
82 287 0
82 444 0
82 333 0
83 374 0
83 87 0
83 498 0
83 132 0
84 492 0
84 379 0
84 137 0
84 494 0
85 392 0
85 486 0
85 493 0
85 122 0
85 461 0
86 227 0
86 221 0
86 292 0
86 459 0
86 297 0
86 401 0
87 374 0
87 430 0
87 332 0
87 490 0
88 473 0
88 491 0
88 111 0
88 405 0
88 239 0
88 408 0
89 234 0
89 388 0
89 274 0
89 468 0
90 326 0
90 490 0
90 125 0
90 424 0
90 332 0
90 223 0
90 181 0
91 184 0
91 324 0
91 150 0
91 443 0
92 204 0
92 257 0
92 121 0
92 340 0
92 497 0
92 128 0
93 210 0
93 455 0
93 376 0
93 231 0
93 350 0
94 477 0
94 145 0
94 266 0
94 273 0
94 278 0
94 319 0
94 487 0
94 196 0
95 499 0
95 462 0
95 270 0
95 452 0
95 165 0
96 398 0
96 434 0
96 420 0
97 180 0
97 396 0
97 414 0
98 496 0
98 273 0
98 104 0
98 193 0
98 148 0
99 235 0
99 142 0
99 472 0
99 222 0
99 153 0
100 263 0
100 409 0
100 362 0
100 194 0
100 428 0
100 287 0
101 400 0
101 352 0
101 170 0
101 114 0
101 198 0
102 166 0
102 135 0
102 191 0
102 399 0
102 165 0
103 344 0
103 395 0
103 258 0
103 285 0
104 436 0
104 496 0
104 460 0
104 156 0
104 148 0
105 445 0
105 279 0
105 472 0
105 341 0
105 355 0
105 153 0
106 491 0
106 396 0
106 280 0
106 451 0
106 473 0
106 405 0
106 430 0
106 239 0
107 167 0
107 458 0
107 386 0
108 365 0
108 223 0
108 118 0
108 427 0
108 136 0
109 128 0
109 249 0
109 164 0
109 381 0
109 272 0
109 423 0
110 375 0
110 324 0
110 115 0
110 207 0
110 476 0
110 479 0
110 309 0
111 491 0
111 140 0
111 338 0
111 445 0
111 408 0
112 284 0
112 164 0
113 347 0
113 143 0
113 268 0
114 352 0
114 198 0
114 406 0
114 325 0
114 303 0
114 438 0
114 116 0
114 416 0
114 138 0
115 127 0
115 134 0
115 375 0
115 309 0
116 438 0
116 138 0
116 309 0
116 141 0
117 121 0
117 378 0
117 208 0
117 485 0
118 223 0
118 483 0
118 332 0
119 161 0
119 415 0
119 202 0
119 127 0
119 240 0
120 445 0
120 472 0
120 235 0
121 378 0
121 389 0
121 340 0
121 257 0
122 486 0
122 461 0
122 426 0
122 255 0
123 226 0
123 371 0
123 252 0
123 320 0
124 431 0
124 166 0
124 316 0
124 335 0
124 411 0
125 139 0
125 424 0
125 329 0
125 181 0
126 172 0
126 199 0
126 426 0
126 461 0
126 469 0
126 168 0
127 202 0
127 176 0
127 240 0
127 134 0
127 375 0
128 277 0
128 249 0
128 497 0
128 340 0
128 489 0
128 251 0
128 381 0
128 243 0
129 357 0
129 246 0
129 265 0
129 282 0
129 180 0
129 397 0
129 364 0
130 463 0
130 267 0
130 236 0
130 254 0
130 432 0
131 476 0
131 272 0
131 410 0
131 479 0
132 215 0
132 195 0
133 288 0
133 240 0
133 442 0
133 382 0
133 217 0
133 222 0
133 322 0
134 240 0
134 382 0
134 141 0
134 321 0
134 309 0
135 191 0
135 450 0
135 495 0
135 167 0
136 140 0
136 160 0
136 427 0
137 454 0
137 492 0
137 494 0
138 416 0
138 241 0
138 309 0
138 387 0
138 327 0
139 424 0
139 457 0
139 384 0
139 151 0
139 329 0
140 338 0
140 445 0
140 279 0
140 160 0
141 382 0
141 175 0
141 309 0
142 269 0
142 235 0
142 366 0
142 222 0
142 322 0
143 347 0
143 318 0
143 213 0
144 332 0
144 430 0
144 408 0
144 338 0
144 483 0
145 278 0
145 276 0
145 440 0
145 477 0
146 293 0
146 413 0
146 274 0
146 390 0
147 330 0
147 233 0
147 308 0
148 230 0
148 156 0
148 213 0
148 318 0
148 429 0
148 193 0
149 415 0
149 365 0
149 151 0
149 384 0
149 448 0
150 184 0
150 260 0
150 407 0
150 187 0
151 365 0
151 384 0
151 329 0
152 248 0
152 280 0
152 374 0
152 498 0
152 402 0
153 222 0
153 355 0
153 442 0
153 472 0
154 462 0
154 183 0
154 166 0
155 351 0
155 176 0
155 375 0
155 343 0
155 314 0
156 219 0
156 220 0
156 230 0
156 429 0
156 460 0
157 218 0
157 302 0
157 201 0
157 317 0
158 295 0
158 364 0
158 323 0
158 291 0
158 456 0
158 484 0
158 254 0
158 453 0
158 211 0
159 358 0
159 238 0
159 295 0
159 414 0
160 478 0
160 365 0
160 279 0
160 341 0
160 427 0
161 415 0
161 365 0
161 383 0
161 240 0
162 284 0
162 277 0
162 352 0
162 296 0
162 488 0
162 299 0
163 482 0
163 361 0
163 306 0
163 203 0
163 311 0
163 320 0
164 272 0
164 327 0
165 399 0
165 189 0
165 462 0
165 166 0
166 462 0
166 316 0
167 458 0
167 191 0
167 495 0
168 461 0
168 469 0
168 350 0
169 219 0
169 245 0
169 220 0
169 422 0
169 481 0
169 420 0
170 287 0
170 362 0
170 480 0
170 400 0
170 198 0
171 385 0
171 260 0
171 261 0
171 349 0
171 245 0
171 379 0
172 199 0
172 224 0
172 426 0
172 255 0
172 348 0
173 301 0
173 401 0
173 311 0
174 300 0
174 310 0
174 256 0
174 369 0
174 356 0
175 382 0
175 217 0
176 202 0
176 351 0
176 375 0
177 268 0
177 347 0
177 186 0
177 192 0
177 213 0
178 491 0
179 251 0
179 425 0
179 407 0
179 243 0
180 357 0
180 396 0
180 397 0
180 414 0
181 223 0
182 470 0
182 250 0
182 206 0
182 475 0
182 307 0
182 449 0
183 216 0
183 242 0
183 462 0
184 324 0
184 314 0
184 260 0
184 379 0
184 492 0
185 210 0
185 328 0
185 304 0
185 313 0
186 192 0
186 268 0
186 359 0
187 305 0
187 407 0
187 423 0
188 328 0
188 499 0
188 315 0
188 337 0
189 475 0
189 399 0
190 216 0
190 200 0
190 293 0
190 346 0
191 206 0
191 466 0
191 458 0
191 399 0
192 294 0
192 359 0
192 435 0
192 213 0
193 273 0
193 318 0
194 428 0
194 269 0
194 312 0
194 333 0
195 453 0
195 254 0
195 215 0
196 336 0
196 319 0
196 487 0
197 468 0
197 234 0
197 317 0
198 287 0
198 406 0
199 224 0
199 236 0
199 432 0
199 469 0
199 484 0
200 293 0
200 227 0
200 297 0
200 216 0
201 392 0
201 486 0
201 388 0
201 234 0
201 218 0
201 317 0
202 415 0
202 331 0
202 351 0
203 482 0
203 373 0
203 306 0
204 497 0
204 286 0
204 257 0
205 449 0
205 206 0
205 368 0
205 466 0
206 475 0
206 466 0
206 449 0
206 399 0
207 324 0
207 377 0
207 410 0
207 305 0
207 479 0
207 443 0
208 389 0
208 465 0
208 378 0
208 336 0
209 342 0
209 372 0
209 439 0
209 441 0
210 231 0
210 313 0
211 364 0
211 282 0
211 214 0
211 323 0
212 349 0
212 471 0
213 435 0
213 429 0
213 318 0
214 421 0
214 417 0
214 323 0
214 282 0
215 237 0
215 453 0
216 297 0
217 382 0
217 322 0
218 302 0
218 275 0
218 348 0
218 224 0
219 289 0
219 245 0
219 220 0
219 460 0
220 481 0
221 292 0
221 459 0
221 431 0
222 442 0
222 322 0
223 332 0
224 484 0
224 348 0
225 244 0
225 450 0
225 404 0
225 294 0
226 371 0
226 345 0
226 403 0
226 252 0
227 390 0
227 297 0
227 293 0
228 412 0
228 431 0
228 247 0
229 359 0
229 394 0
229 360 0
230 429 0
231 376 0
231 424 0
231 457 0
231 313 0
232 315 0
232 372 0
232 337 0
232 418 0
233 308 0
233 353 0
233 316 0
233 330 0
233 300 0
234 388 0
234 468 0
234 317 0
235 472 0
236 432 0
236 484 0
236 254 0
237 402 0
237 238 0
237 453 0
238 358 0
238 402 0
238 295 0
239 405 0
239 430 0
239 408 0
240 383 0
240 288 0
240 382 0
240 321 0
241 416 0
241 488 0
241 299 0
241 296 0
241 327 0
242 270 0
242 339 0
242 462 0
242 342 0
242 418 0
243 251 0
243 381 0
243 407 0
243 423 0
244 450 0
244 495 0
244 422 0
244 404 0
245 289 0
245 349 0
245 385 0
245 420 0
246 357 0
246 396 0
246 265 0
247 431 0
247 371 0
247 345 0
248 280 0
248 358 0
248 402 0
249 277 0
249 284 0
250 470 0
250 264 0
250 368 0
250 449 0
251 425 0
251 489 0
251 380 0
252 306 0
252 403 0
252 320 0
253 412 0
253 474 0
254 484 0
254 453 0
255 426 0
255 348 0
256 450 0
256 369 0
257 286 0
257 380 0
258 391 0
258 278 0
258 395 0
258 285 0
259 328 0
259 493 0
260 379 0
260 407 0
261 425 0
261 349 0
262 389 0
262 340 0
262 465 0
262 344 0
263 409 0
264 354 0
264 470 0
264 454 0
264 370 0
265 282 0
265 417 0
265 421 0
265 302 0
266 440 0
266 477 0
266 283 0
266 273 0
267 326 0
267 376 0
267 455 0
267 432 0
267 463 0
268 347 0
269 428 0
269 366 0
269 312 0
269 433 0
270 462 0
270 339 0
270 452 0
271 374 0
271 280 0
271 464 0
272 410 0
272 305 0
274 468 0
275 302 0
275 421 0
276 467 0
276 278 0
276 391 0
276 440 0
277 284 0
277 480 0
277 409 0
277 400 0
277 352 0
278 391 0
278 319 0
278 285 0
279 445 0
279 341 0
280 396 0
280 451 0
280 464 0
280 374 0
280 358 0
281 370 0
281 368 0
281 466 0
281 458 0
282 417 0
282 364 0
283 318 0
283 467 0
283 440 0
285 344 0
285 465 0
285 319 0
286 497 0
286 489 0
286 380 0
287 362 0
287 406 0
287 325 0
287 444 0
288 341 0
288 478 0
288 355 0
288 383 0
288 442 0
289 436 0
289 460 0
290 361 0
290 373 0
290 311 0
291 421 0
291 323 0
291 456 0
292 297 0
292 431 0
293 390 0
293 346 0
294 359 0
294 369 0
294 435 0
294 481 0
294 404 0
295 364 0
295 397 0
295 414 0
296 299 0
296 327 0
298 307 0
298 446 0
298 437 0
299 488 0
300 310 0
300 353 0
300 316 0
301 311 0
302 421 0
303 325 0
303 444 0
303 438 0
304 446 0
304 393 0
304 328 0
304 307 0
305 410 0
305 443 0
306 403 0
306 320 0
307 446 0
307 475 0
307 393 0
308 310 0
308 353 0
309 387 0
309 476 0
310 353 0
310 334 0
310 356 0
311 401 0
311 361 0
311 320 0
312 433 0
312 333 0
313 457 0
313 446 0
314 343 0
314 324 0
315 328 0
315 493 0
315 337 0
316 330 0
316 335 0
319 336 0
319 465 0
320 401 0
320 371 0
321 382 0
322 366 0
322 438 0
323 421 0
324 375 0
324 343 0
324 443 0
325 406 0
325 444 0
326 376 0
326 424 0
326 490 0
326 463 0
327 387 0
328 499 0
328 493 0
328 393 0
329 365 0
330 412 0
330 411 0
330 335 0
331 354 0
331 351 0
332 490 0
332 430 0
332 483 0
333 444 0
334 394 0
334 419 0
334 356 0
335 411 0
336 465 0
336 487 0
337 367 0
337 499 0
338 483 0
338 408 0
339 452 0
339 367 0
339 418 0
340 389 0
340 344 0
341 478 0
341 355 0
342 418 0
342 372 0
343 375 0
344 395 0
344 465 0
345 403 0
345 371 0
349 485 0
349 471 0
350 455 0
350 469 0
352 400 0
352 488 0
352 416 0
354 454 0
355 442 0
356 394 0
356 369 0
356 360 0
357 396 0
358 396 0
358 402 0
359 369 0
359 360 0
360 369 0
360 394 0
361 373 0
361 482 0
362 409 0
362 480 0
363 385 0
363 398 0
363 420 0
364 397 0
365 478 0
365 383 0
365 415 0
365 427 0
366 438 0
366 433 0
367 452 0
367 499 0
367 418 0
368 466 0
368 449 0
370 454 0
371 401 0
371 459 0
371 431 0
372 439 0
372 418 0
373 482 0
374 498 0
376 424 0
376 455 0
377 410 0
377 479 0
378 389 0
379 492 0
380 425 0
380 489 0
381 423 0
383 478 0
384 457 0
384 448 0
385 420 0
386 434 0
387 476 0
388 392 0
388 439 0
389 465 0
391 395 0
392 486 0
393 499 0
393 475 0
394 419 0
396 491 0
397 414 0
398 420 0
398 494 0
399 475 0
400 480 0
401 459 0
403 447 0
404 422 0
404 481 0
405 473 0
407 425 0
407 423 0
408 430 0
409 480 0
410 479 0
413 441 0
416 488 0
417 421 0
419 474 0
422 481 0
424 457 0
426 461 0
428 491 0
429 435 0
430 451 0
431 459 0
432 455 0
432 469 0
436 496 0
436 471 0
436 460 0
437 446 0
437 457 0
437 470 0
440 467 0
440 477 0
445 472 0
446 457 0
448 457 0
450 495 0
451 464 0
452 499 0
454 494 0
455 469 0
456 484 0
457 470 0
458 466 0
463 490 0
471 485 0
473 491 0
476 479 0
489 497 0
10 0.05 0.05 0.05
