500
0 -1.0 -1.0 43.0 58.0 14.0
1 -1.0 -1.0 88.0 52.0 18.0
2 -1.0 -1.0 91.0 21.0 6.0
3 -1.0 -1.0 94.0 87.0 6.0
4 -1.0 -1.0 64.0 87.0 19.0
5 -1.0 -1.0 74.0 11.0 19.0
6 -1.0 -1.0 19.0 32.0 11.0
7 -1.0 -1.0 28.0 13.0 5.0
8 -1.0 -1.0 65.0 84.0 14.0
9 -1.0 -1.0 63.0 9.0 11.0
10 -1.0 -1.0 12.0 20.0 5.0
11 -1.0 -1.0 35.0 31.0 6.0
12 -1.0 -1.0 4.0 68.0 15.0
13 -1.0 -1.0 29.0 69.0 15.0
14 -1.0 -1.0 4.0 52.0 9.0
15 -1.0 -1.0 89.0 17.0 10.0
16 -1.0 -1.0 81.0 95.0 5.0
17 -1.0 -1.0 91.0 31.0 7.0
18 -1.0 -1.0 54.0 75.0 8.0
19 -1.0 -1.0 50.0 42.0 18.0
20 -1.0 -1.0 61.0 44.0 16.0
21 -1.0 -1.0 65.0 47.0 12.0
22 -1.0 -1.0 7.0 22.0 11.0
23 -1.0 -1.0 81.0 94.0 18.0
24 -1.0 -1.0 87.0 66.0 12.0
25 -1.0 -1.0 87.0 86.0 17.0
26 -1.0 -1.0 66.0 80.0 18.0
27 -1.0 -1.0 41.0 30.0 4.0
28 -1.0 -1.0 49.0 53.0 18.0
29 -1.0 -1.0 39.0 1.0 4.0
30 -1.0 -1.0 0.0 42.0 14.0
31 -1.0 -1.0 90.0 14.0 6.0
32 -1.0 -1.0 42.0 18.0 16.0
33 -1.0 -1.0 71.0 41.0 9.0
34 -1.0 -1.0 56.0 15.0 17.0
35 -1.0 -1.0 7.0 63.0 9.0
36 -1.0 -1.0 85.0 94.0 17.0
37 -1.0 -1.0 22.0 57.0 18.0
38 -1.0 -1.0 45.0 28.0 10.0
39 -1.0 -1.0 29.0 45.0 16.0
40 -1.0 -1.0 32.0 90.0 8.0
41 -1.0 -1.0 20.0 16.0 16.0
42 -1.0 -1.0 100.0 1.0 18.0
43 -1.0 -1.0 54.0 86.0 8.0
44 -1.0 -1.0 66.0 10.0 19.0
45 -1.0 -1.0 2.0 70.0 19.0
46 -1.0 -1.0 42.0 64.0 6.0
47 -1.0 -1.0 18.0 84.0 16.0
48 -1.0 -1.0 26.0 21.0 11.0
49 -1.0 -1.0 39.0 24.0 8.0
50 -1.0 -1.0 44.0 86.0 16.0
51 -1.0 -1.0 30.0 15.0 6.0
52 -1.0 -1.0 31.0 49.0 14.0
53 -1.0 -1.0 8.0 91.0 4.0
54 -1.0 -1.0 39.0 43.0 5.0
55 -1.0 -1.0 99.0 60.0 12.0
56 -1.0 -1.0 76.0 6.0 15.0
57 -1.0 -1.0 68.0 63.0 7.0
58 -1.0 -1.0 93.0 2.0 18.0
59 -1.0 -1.0 31.0 93.0 16.0
60 -1.0 -1.0 16.0 84.0 13.0
61 -1.0 -1.0 17.0 63.0 19.0
62 -1.0 -1.0 82.0 21.0 19.0
63 -1.0 -1.0 92.0 11.0 4.0
64 -1.0 -1.0 53.0 72.0 13.0
65 -1.0 -1.0 14.0 16.0 6.0
66 -1.0 -1.0 94.0 13.0 16.0
67 -1.0 -1.0 20.0 60.0 10.0
68 -1.0 -1.0 23.0 52.0 19.0
69 -1.0 -1.0 8.0 28.0 7.0
70 -1.0 -1.0 24.0 45.0 12.0
71 -1.0 -1.0 1.0 99.0 11.0
72 -1.0 -1.0 28.0 65.0 11.0
73 -1.0 -1.0 3.0 41.0 15.0
74 -1.0 -1.0 53.0 28.0 16.0
75 -1.0 -1.0 33.0 85.0 4.0
76 -1.0 -1.0 36.0 81.0 9.0
77 -1.0 -1.0 58.0 82.0 9.0
78 -1.0 -1.0 12.0 66.0 11.0
79 -1.0 -1.0 81.0 42.0 17.0
80 -1.0 -1.0 3.0 96.0 6.0
81 -1.0 -1.0 40.0 26.0 8.0
82 -1.0 -1.0 12.0 42.0 8.0
83 -1.0 -1.0 85.0 85.0 11.0
84 -1.0 -1.0 70.0 68.0 16.0
85 -1.0 -1.0 55.0 64.0 13.0
86 -1.0 -1.0 37.0 72.0 11.0
87 -1.0 -1.0 56.0 12.0 4.0
88 -1.0 -1.0 67.0 12.0 4.0
89 -1.0 -1.0 3.0 76.0 8.0
90 -1.0 -1.0 37.0 42.0 9.0
91 -1.0 -1.0 47.0 15.0 14.0
92 -1.0 -1.0 96.0 53.0 9.0
93 -1.0 -1.0 18.0 59.0 15.0
94 -1.0 -1.0 91.0 60.0 17.0
95 -1.0 -1.0 40.0 12.0 18.0
96 -1.0 -1.0 29.0 1.0 4.0
97 -1.0 -1.0 74.0 40.0 6.0
98 -1.0 -1.0 100.0 48.0 8.0
99 -1.0 -1.0 22.0 31.0 13.0
100 -1.0 -1.0 80.0 79.0 4.0
101 -1.0 -1.0 64.0 5.0 18.0
102 -1.0 -1.0 27.0 71.0 12.0
103 -1.0 -1.0 69.0 84.0 4.0
104 -1.0 -1.0 57.0 42.0 4.0
105 -1.0 -1.0 77.0 0.0 11.0
106 -1.0 -1.0 16.0 86.0 7.0
107 -1.0 -1.0 10.0 86.0 12.0
108 -1.0 -1.0 89.0 45.0 12.0
109 -1.0 -1.0 47.0 95.0 16.0
110 -1.0 -1.0 19.0 59.0 4.0
111 -1.0 -1.0 81.0 2.0 11.0
112 -1.0 -1.0 95.0 31.0 8.0
113 -1.0 -1.0 25.0 36.0 17.0
114 -1.0 -1.0 21.0 37.0 9.0
115 -1.0 -1.0 58.0 89.0 19.0
116 -1.0 -1.0 15.0 84.0 18.0
117 -1.0 -1.0 98.0 43.0 17.0
118 -1.0 -1.0 63.0 16.0 16.0
119 -1.0 -1.0 86.0 77.0 13.0
120 -1.0 -1.0 25.0 17.0 12.0
121 -1.0 -1.0 76.0 42.0 16.0
122 -1.0 -1.0 89.0 50.0 5.0
123 -1.0 -1.0 52.0 86.0 14.0
124 -1.0 -1.0 85.0 53.0 15.0
125 -1.0 -1.0 11.0 65.0 14.0
126 -1.0 -1.0 15.0 22.0 17.0
127 -1.0 -1.0 99.0 68.0 8.0
128 -1.0 -1.0 38.0 1.0 16.0
129 -1.0 -1.0 58.0 55.0 16.0
130 -1.0 -1.0 30.0 92.0 9.0
131 -1.0 -1.0 42.0 35.0 4.0
132 -1.0 -1.0 74.0 2.0 10.0
133 -1.0 -1.0 4.0 71.0 5.0
134 -1.0 -1.0 32.0 92.0 18.0
135 -1.0 -1.0 36.0 84.0 7.0
136 -1.0 -1.0 96.0 62.0 6.0
137 -1.0 -1.0 100.0 3.0 10.0
138 -1.0 -1.0 69.0 56.0 6.0
139 -1.0 -1.0 69.0 62.0 13.0
140 -1.0 -1.0 6.0 76.0 8.0
141 -1.0 -1.0 6.0 87.0 6.0
142 -1.0 -1.0 53.0 69.0 6.0
143 -1.0 -1.0 20.0 42.0 12.0
144 -1.0 -1.0 99.0 62.0 6.0
145 -1.0 -1.0 99.0 72.0 18.0
146 -1.0 -1.0 92.0 65.0 14.0
147 -1.0 -1.0 22.0 82.0 7.0
148 -1.0 -1.0 83.0 32.0 6.0
149 -1.0 -1.0 9.0 79.0 5.0
150 -1.0 -1.0 89.0 48.0 16.0
151 -1.0 -1.0 80.0 99.0 17.0
152 -1.0 -1.0 86.0 98.0 9.0
153 -1.0 -1.0 97.0 62.0 5.0
154 -1.0 -1.0 54.0 43.0 8.0
155 -1.0 -1.0 63.0 82.0 6.0
156 -1.0 -1.0 14.0 57.0 19.0
157 -1.0 -1.0 76.0 62.0 15.0
158 -1.0 -1.0 98.0 20.0 13.0
159 -1.0 -1.0 24.0 22.0 9.0
160 -1.0 -1.0 8.0 88.0 18.0
161 -1.0 -1.0 58.0 49.0 11.0
162 -1.0 -1.0 45.0 87.0 19.0
163 -1.0 -1.0 34.0 37.0 16.0
164 -1.0 -1.0 46.0 21.0 11.0
165 -1.0 -1.0 29.0 75.0 14.0
166 -1.0 -1.0 90.0 85.0 16.0
167 -1.0 -1.0 38.0 20.0 6.0
168 -1.0 -1.0 25.0 38.0 5.0
169 -1.0 -1.0 24.0 31.0 9.0
170 -1.0 -1.0 16.0 30.0 8.0
171 -1.0 -1.0 77.0 65.0 13.0
172 -1.0 -1.0 0.0 79.0 11.0
173 -1.0 -1.0 97.0 66.0 16.0
174 -1.0 -1.0 52.0 79.0 19.0
175 -1.0 -1.0 19.0 27.0 7.0
176 -1.0 -1.0 64.0 88.0 11.0
177 -1.0 -1.0 41.0 62.0 5.0
178 -1.0 -1.0 85.0 31.0 18.0
179 -1.0 -1.0 6.0 50.0 6.0
180 -1.0 -1.0 42.0 86.0 12.0
181 -1.0 -1.0 89.0 73.0 4.0
182 -1.0 -1.0 91.0 81.0 19.0
183 -1.0 -1.0 73.0 75.0 14.0
184 -1.0 -1.0 11.0 64.0 17.0
185 -1.0 -1.0 14.0 83.0 17.0
186 -1.0 -1.0 64.0 47.0 16.0
187 -1.0 -1.0 9.0 4.0 9.0
188 -1.0 -1.0 97.0 47.0 12.0
189 -1.0 -1.0 29.0 42.0 19.0
190 -1.0 -1.0 87.0 98.0 18.0
191 -1.0 -1.0 37.0 91.0 9.0
192 -1.0 -1.0 41.0 59.0 17.0
193 -1.0 -1.0 36.0 89.0 10.0
194 -1.0 -1.0 61.0 98.0 17.0
195 -1.0 -1.0 18.0 76.0 14.0
196 -1.0 -1.0 3.0 32.0 5.0
197 -1.0 -1.0 23.0 23.0 18.0
198 -1.0 -1.0 50.0 50.0 8.0
199 -1.0 -1.0 89.0 2.0 16.0
200 -1.0 -1.0 9.0 50.0 8.0
201 -1.0 -1.0 75.0 46.0 14.0
202 -1.0 -1.0 82.0 38.0 6.0
203 -1.0 -1.0 94.0 45.0 8.0
204 -1.0 -1.0 32.0 20.0 4.0
205 -1.0 -1.0 61.0 35.0 10.0
206 -1.0 -1.0 63.0 94.0 19.0
207 -1.0 -1.0 66.0 51.0 8.0
208 -1.0 -1.0 28.0 89.0 17.0
209 -1.0 -1.0 71.0 48.0 15.0
210 -1.0 -1.0 43.0 44.0 19.0
211 -1.0 -1.0 18.0 19.0 11.0
212 -1.0 -1.0 62.0 56.0 11.0
213 -1.0 -1.0 76.0 77.0 11.0
214 -1.0 -1.0 77.0 45.0 5.0
215 -1.0 -1.0 94.0 91.0 18.0
216 -1.0 -1.0 51.0 1.0 17.0
217 -1.0 -1.0 17.0 91.0 15.0
218 -1.0 -1.0 97.0 45.0 19.0
219 -1.0 -1.0 37.0 99.0 17.0
220 -1.0 -1.0 11.0 37.0 16.0
221 -1.0 -1.0 42.0 17.0 8.0
222 -1.0 -1.0 84.0 80.0 10.0
223 -1.0 -1.0 8.0 64.0 14.0
224 -1.0 -1.0 95.0 7.0 17.0
225 -1.0 -1.0 8.0 68.0 17.0
226 -1.0 -1.0 70.0 4.0 4.0
227 -1.0 -1.0 75.0 1.0 7.0
228 -1.0 -1.0 90.0 66.0 18.0
229 -1.0 -1.0 18.0 12.0 14.0
230 -1.0 -1.0 34.0 13.0 5.0
231 -1.0 -1.0 95.0 29.0 17.0
232 -1.0 -1.0 12.0 92.0 7.0
233 -1.0 -1.0 11.0 11.0 15.0
234 -1.0 -1.0 0.0 2.0 7.0
235 -1.0 -1.0 100.0 8.0 8.0
236 -1.0 -1.0 96.0 22.0 9.0
237 -1.0 -1.0 9.0 23.0 11.0
238 -1.0 -1.0 34.0 8.0 12.0
239 -1.0 -1.0 46.0 46.0 14.0
240 -1.0 -1.0 48.0 100.0 6.0
241 -1.0 -1.0 89.0 78.0 11.0
242 -1.0 -1.0 0.0 70.0 15.0
243 -1.0 -1.0 27.0 56.0 5.0
244 -1.0 -1.0 84.0 72.0 9.0
245 -1.0 -1.0 33.0 7.0 17.0
246 -1.0 -1.0 16.0 45.0 12.0
247 -1.0 -1.0 76.0 93.0 11.0
248 -1.0 -1.0 74.0 95.0 19.0
249 -1.0 -1.0 64.0 26.0 8.0
250 -1.0 -1.0 65.0 81.0 9.0
251 -1.0 -1.0 43.0 40.0 16.0
252 -1.0 -1.0 66.0 47.0 15.0
253 -1.0 -1.0 26.0 67.0 9.0
254 -1.0 -1.0 22.0 47.0 9.0
255 -1.0 -1.0 14.0 0.0 12.0
256 -1.0 -1.0 29.0 40.0 19.0
257 -1.0 -1.0 61.0 46.0 8.0
258 -1.0 -1.0 11.0 28.0 12.0
259 -1.0 -1.0 67.0 20.0 6.0
260 -1.0 -1.0 93.0 63.0 14.0
261 -1.0 -1.0 91.0 35.0 16.0
262 -1.0 -1.0 46.0 79.0 8.0
263 -1.0 -1.0 18.0 70.0 13.0
264 -1.0 -1.0 14.0 31.0 18.0
265 -1.0 -1.0 64.0 75.0 4.0
266 -1.0 -1.0 10.0 41.0 16.0
267 -1.0 -1.0 24.0 72.0 10.0
268 -1.0 -1.0 79.0 4.0 12.0
269 -1.0 -1.0 46.0 32.0 18.0
270 -1.0 -1.0 26.0 33.0 6.0
271 -1.0 -1.0 1.0 21.0 11.0
272 -1.0 -1.0 86.0 27.0 4.0
273 -1.0 -1.0 50.0 88.0 17.0
274 -1.0 -1.0 31.0 42.0 11.0
275 -1.0 -1.0 68.0 31.0 18.0
276 -1.0 -1.0 61.0 28.0 7.0
277 -1.0 -1.0 80.0 8.0 15.0
278 -1.0 -1.0 81.0 56.0 18.0
279 -1.0 -1.0 80.0 81.0 6.0
280 -1.0 -1.0 75.0 25.0 4.0
281 -1.0 -1.0 28.0 35.0 9.0
282 -1.0 -1.0 44.0 1.0 7.0
283 -1.0 -1.0 80.0 41.0 14.0
284 -1.0 -1.0 47.0 98.0 13.0
285 -1.0 -1.0 7.0 84.0 15.0
286 -1.0 -1.0 56.0 48.0 19.0
287 -1.0 -1.0 1.0 57.0 9.0
288 -1.0 -1.0 8.0 48.0 17.0
289 -1.0 -1.0 8.0 12.0 8.0
290 -1.0 -1.0 34.0 33.0 9.0
291 -1.0 -1.0 14.0 88.0 14.0
292 -1.0 -1.0 47.0 37.0 19.0
293 -1.0 -1.0 39.0 56.0 13.0
294 -1.0 -1.0 53.0 23.0 4.0
295 -1.0 -1.0 2.0 58.0 15.0
296 -1.0 -1.0 70.0 60.0 9.0
297 -1.0 -1.0 13.0 89.0 8.0
298 -1.0 -1.0 72.0 8.0 7.0
299 -1.0 -1.0 81.0 52.0 11.0
300 -1.0 -1.0 99.0 92.0 19.0
301 -1.0 -1.0 72.0 64.0 16.0
302 -1.0 -1.0 99.0 25.0 5.0
303 -1.0 -1.0 53.0 44.0 13.0
304 -1.0 -1.0 81.0 41.0 9.0
305 -1.0 -1.0 71.0 73.0 19.0
306 -1.0 -1.0 95.0 84.0 8.0
307 -1.0 -1.0 40.0 77.0 16.0
308 -1.0 -1.0 37.0 60.0 17.0
309 -1.0 -1.0 58.0 70.0 5.0
310 -1.0 -1.0 48.0 43.0 8.0
311 -1.0 -1.0 27.0 42.0 13.0
312 -1.0 -1.0 81.0 61.0 7.0
313 -1.0 -1.0 83.0 22.0 15.0
314 -1.0 -1.0 90.0 19.0 17.0
315 -1.0 -1.0 80.0 27.0 13.0
316 -1.0 -1.0 80.0 75.0 17.0
317 -1.0 -1.0 4.0 3.0 17.0
318 -1.0 -1.0 69.0 47.0 4.0
319 -1.0 -1.0 74.0 34.0 8.0
320 -1.0 -1.0 65.0 96.0 15.0
321 -1.0 -1.0 63.0 27.0 7.0
322 -1.0 -1.0 15.0 71.0 4.0
323 -1.0 -1.0 72.0 74.0 7.0
324 -1.0 -1.0 92.0 55.0 5.0
325 -1.0 -1.0 78.0 9.0 16.0
326 -1.0 -1.0 94.0 34.0 8.0
327 -1.0 -1.0 96.0 5.0 17.0
328 -1.0 -1.0 12.0 36.0 19.0
329 -1.0 -1.0 36.0 52.0 14.0
330 -1.0 -1.0 1.0 18.0 16.0
331 -1.0 -1.0 33.0 71.0 19.0
332 -1.0 -1.0 69.0 69.0 8.0
333 -1.0 -1.0 39.0 27.0 5.0
334 -1.0 -1.0 20.0 7.0 12.0
335 -1.0 -1.0 8.0 23.0 17.0
336 -1.0 -1.0 76.0 46.0 11.0
337 -1.0 -1.0 26.0 38.0 6.0
338 -1.0 -1.0 46.0 82.0 4.0
339 -1.0 -1.0 33.0 82.0 16.0
340 -1.0 -1.0 88.0 71.0 9.0
341 -1.0 -1.0 84.0 14.0 7.0
342 -1.0 -1.0 18.0 41.0 7.0
343 -1.0 -1.0 68.0 90.0 12.0
344 -1.0 -1.0 62.0 9.0 13.0
345 -1.0 -1.0 13.0 78.0 7.0
346 -1.0 -1.0 92.0 12.0 7.0
347 -1.0 -1.0 92.0 59.0 6.0
348 -1.0 -1.0 89.0 0.0 13.0
349 -1.0 -1.0 62.0 59.0 15.0
350 -1.0 -1.0 38.0 65.0 4.0
351 -1.0 -1.0 14.0 84.0 11.0
352 -1.0 -1.0 26.0 84.0 8.0
353 -1.0 -1.0 17.0 26.0 4.0
354 -1.0 -1.0 59.0 90.0 19.0
355 -1.0 -1.0 56.0 57.0 6.0
356 -1.0 -1.0 92.0 43.0 10.0
357 -1.0 -1.0 51.0 60.0 9.0
358 -1.0 -1.0 96.0 45.0 18.0
359 -1.0 -1.0 89.0 38.0 18.0
360 -1.0 -1.0 47.0 23.0 5.0
361 -1.0 -1.0 3.0 87.0 6.0
362 -1.0 -1.0 61.0 16.0 17.0
363 -1.0 -1.0 45.0 35.0 4.0
364 -1.0 -1.0 29.0 95.0 11.0
365 -1.0 -1.0 14.0 55.0 9.0
366 -1.0 -1.0 99.0 29.0 14.0
367 -1.0 -1.0 19.0 99.0 4.0
368 -1.0 -1.0 82.0 60.0 15.0
369 -1.0 -1.0 11.0 2.0 15.0
370 -1.0 -1.0 31.0 34.0 15.0
371 -1.0 -1.0 11.0 49.0 11.0
372 -1.0 -1.0 61.0 74.0 16.0
373 -1.0 -1.0 48.0 75.0 8.0
374 -1.0 -1.0 35.0 5.0 9.0
375 -1.0 -1.0 65.0 41.0 7.0
376 -1.0 -1.0 32.0 62.0 17.0
377 -1.0 -1.0 75.0 24.0 10.0
378 -1.0 -1.0 39.0 25.0 7.0
379 -1.0 -1.0 69.0 89.0 4.0
380 -1.0 -1.0 72.0 52.0 18.0
381 -1.0 -1.0 24.0 37.0 13.0
382 -1.0 -1.0 82.0 73.0 15.0
383 -1.0 -1.0 42.0 62.0 6.0
384 -1.0 -1.0 11.0 95.0 7.0
385 -1.0 -1.0 51.0 47.0 12.0
386 -1.0 -1.0 57.0 74.0 5.0
387 -1.0 -1.0 70.0 6.0 8.0
388 -1.0 -1.0 28.0 36.0 10.0
389 -1.0 -1.0 73.0 10.0 17.0
390 -1.0 -1.0 14.0 14.0 18.0
391 -1.0 -1.0 42.0 96.0 17.0
392 -1.0 -1.0 41.0 15.0 7.0
393 -1.0 -1.0 26.0 87.0 5.0
394 -1.0 -1.0 2.0 0.0 19.0
395 -1.0 -1.0 100.0 87.0 16.0
396 -1.0 -1.0 46.0 53.0 11.0
397 -1.0 -1.0 88.0 83.0 19.0
398 -1.0 -1.0 17.0 41.0 15.0
399 -1.0 -1.0 47.0 2.0 4.0
400 -1.0 -1.0 23.0 66.0 8.0
401 -1.0 -1.0 10.0 13.0 7.0
402 -1.0 -1.0 45.0 94.0 14.0
403 -1.0 -1.0 24.0 33.0 13.0
404 -1.0 -1.0 37.0 66.0 4.0
405 -1.0 -1.0 6.0 23.0 10.0
406 -1.0 -1.0 81.0 91.0 18.0
407 -1.0 -1.0 99.0 84.0 15.0
408 -1.0 -1.0 85.0 21.0 16.0
409 -1.0 -1.0 24.0 78.0 14.0
410 -1.0 -1.0 56.0 1.0 18.0
411 -1.0 -1.0 80.0 37.0 9.0
412 -1.0 -1.0 81.0 90.0 16.0
413 -1.0 -1.0 43.0 5.0 14.0
414 -1.0 -1.0 22.0 98.0 5.0
415 -1.0 -1.0 77.0 62.0 10.0
416 -1.0 -1.0 99.0 57.0 7.0
417 -1.0 -1.0 50.0 72.0 13.0
418 -1.0 -1.0 9.0 98.0 5.0
419 -1.0 -1.0 72.0 22.0 19.0
420 -1.0 -1.0 7.0 10.0 5.0
421 -1.0 -1.0 22.0 1.0 14.0
422 -1.0 -1.0 31.0 64.0 13.0
423 -1.0 -1.0 54.0 57.0 13.0
424 -1.0 -1.0 54.0 56.0 9.0
425 -1.0 -1.0 73.0 86.0 9.0
426 -1.0 -1.0 24.0 57.0 17.0
427 -1.0 -1.0 60.0 14.0 15.0
428 -1.0 -1.0 21.0 84.0 8.0
429 -1.0 -1.0 59.0 17.0 6.0
430 -1.0 -1.0 99.0 96.0 6.0
431 -1.0 -1.0 66.0 16.0 8.0
432 -1.0 -1.0 8.0 20.0 14.0
433 -1.0 -1.0 78.0 68.0 11.0
434 -1.0 -1.0 47.0 50.0 6.0
435 -1.0 -1.0 50.0 41.0 16.0
436 -1.0 -1.0 56.0 47.0 9.0
437 -1.0 -1.0 3.0 25.0 6.0
438 -1.0 -1.0 27.0 77.0 7.0
439 -1.0 -1.0 18.0 48.0 16.0
440 -1.0 -1.0 89.0 55.0 6.0
441 -1.0 -1.0 4.0 46.0 9.0
442 -1.0 -1.0 94.0 92.0 6.0
443 -1.0 -1.0 38.0 71.0 15.0
444 -1.0 -1.0 46.0 26.0 10.0
445 -1.0 -1.0 43.0 20.0 16.0
446 -1.0 -1.0 64.0 76.0 18.0
447 -1.0 -1.0 40.0 73.0 10.0
448 -1.0 -1.0 91.0 75.0 18.0
449 -1.0 -1.0 15.0 23.0 4.0
450 -1.0 -1.0 66.0 75.0 18.0
451 -1.0 -1.0 89.0 4.0 4.0
452 -1.0 -1.0 0.0 59.0 16.0
453 -1.0 -1.0 29.0 38.0 5.0
454 -1.0 -1.0 9.0 88.0 4.0
455 -1.0 -1.0 58.0 46.0 19.0
456 -1.0 -1.0 29.0 10.0 14.0
457 -1.0 -1.0 39.0 30.0 17.0
458 -1.0 -1.0 98.0 23.0 15.0
459 -1.0 -1.0 47.0 6.0 14.0
460 -1.0 -1.0 50.0 54.0 9.0
461 -1.0 -1.0 91.0 39.0 5.0
462 -1.0 -1.0 62.0 73.0 9.0
463 -1.0 -1.0 10.0 47.0 15.0
464 -1.0 -1.0 50.0 24.0 15.0
465 -1.0 -1.0 92.0 4.0 18.0
466 -1.0 -1.0 2.0 92.0 15.0
467 -1.0 -1.0 63.0 71.0 4.0
468 -1.0 -1.0 66.0 4.0 8.0
469 -1.0 -1.0 86.0 19.0 13.0
470 -1.0 -1.0 26.0 34.0 13.0
471 -1.0 -1.0 23.0 99.0 14.0
472 -1.0 -1.0 68.0 39.0 6.0
473 -1.0 -1.0 90.0 45.0 15.0
474 -1.0 -1.0 26.0 47.0 10.0
475 -1.0 -1.0 21.0 7.0 12.0
476 -1.0 -1.0 70.0 82.0 9.0
477 -1.0 -1.0 10.0 54.0 10.0
478 -1.0 -1.0 49.0 96.0 4.0
479 -1.0 -1.0 62.0 83.0 6.0
480 -1.0 -1.0 5.0 97.0 13.0
481 -1.0 -1.0 36.0 88.0 8.0
482 -1.0 -1.0 12.0 23.0 18.0
483 -1.0 -1.0 12.0 71.0 14.0
484 -1.0 -1.0 98.0 46.0 8.0
485 -1.0 -1.0 69.0 63.0 9.0
486 -1.0 -1.0 94.0 3.0 12.0
487 -1.0 -1.0 83.0 9.0 6.0
488 -1.0 -1.0 47.0 36.0 11.0
489 -1.0 -1.0 29.0 11.0 18.0
490 -1.0 -1.0 94.0 17.0 9.0
491 -1.0 -1.0 52.0 58.0 12.0
492 -1.0 -1.0 2.0 12.0 10.0
493 -1.0 -1.0 74.0 3.0 8.0
494 -1.0 -1.0 90.0 30.0 19.0
495 -1.0 -1.0 85.0 64.0 6.0
496 -1.0 -1.0 47.0 44.0 16.0
497 -1.0 -1.0 1.0 14.0 11.0
498 -1.0 -1.0 96.0 21.0 15.0
499 -1.0 -1.0 36.0 82.0 10.0
1478
0 357 0
0 383 0
0 192 0
0 293 0
0 396 0
0 460 0
1 124 0
1 122 0
1 440 0
1 324 0
2 498 0
2 236 0
2 490 0
2 408 0
2 272 0
2 494 0
2 231 0
2 314 0
3 166 0
3 215 0
3 306 0
3 395 0
4 8 0
4 103 0
4 379 0
4 115 0
4 354 0
4 479 0
4 176 0
5 62 0
5 419 0
5 341 0
5 325 0
5 88 0
5 431 0
5 389 0
6 175 0
6 170 0
6 99 0
6 264 0
6 328 0
6 114 0
6 403 0
7 456 0
7 475 0
7 41 0
7 120 0
7 229 0
7 51 0
7 489 0
8 103 0
8 155 0
8 479 0
8 250 0
9 344 0
9 101 0
9 427 0
9 118 0
9 44 0
10 237 0
10 432 0
10 401 0
10 65 0
10 126 0
10 482 0
11 48 0
11 204 0
11 378 0
11 333 0
11 457 0
11 290 0
11 370 0
11 169 0
11 270 0
12 452 0
12 242 0
12 45 0
12 35 0
12 223 0
12 225 0
12 133 0
13 253 0
13 102 0
13 331 0
13 422 0
13 72 0
14 477 0
14 179 0
14 441 0
14 30 0
14 295 0
14 287 0
15 31 0
15 341 0
15 490 0
15 469 0
15 314 0
16 247 0
16 151 0
16 36 0
16 23 0
16 152 0
17 494 0
17 231 0
17 112 0
17 326 0
17 261 0
18 373 0
18 417 0
18 386 0
18 77 0
18 64 0
18 174 0
19 310 0
19 435 0
19 154 0
19 303 0
19 385 0
20 186 0
20 375 0
20 257 0
20 455 0
20 104 0
21 186 0
21 375 0
21 252 0
21 207 0
22 335 0
22 405 0
22 271 0
22 330 0
22 432 0
22 237 0
23 36 0
23 406 0
23 247 0
24 340 0
24 228 0
24 244 0
24 495 0
24 94 0
25 83 0
25 397 0
25 36 0
25 215 0
25 412 0
25 166 0
26 446 0
26 450 0
26 476 0
26 103 0
26 183 0
26 250 0
26 323 0
27 131 0
27 457 0
27 38 0
27 81 0
27 333 0
27 269 0
28 198 0
28 434 0
28 396 0
28 460 0
29 282 0
29 255 0
29 128 0
29 413 0
29 374 0
30 73 0
30 196 0
30 271 0
30 234 0
30 441 0
30 452 0
30 287 0
31 341 0
31 490 0
31 66 0
31 487 0
31 63 0
31 346 0
32 445 0
32 167 0
32 221 0
32 91 0
33 375 0
33 318 0
33 209 0
33 472 0
33 97 0
33 201 0
33 121 0
34 294 0
34 429 0
34 91 0
34 427 0
34 87 0
35 477 0
35 156 0
35 295 0
35 452 0
35 223 0
35 184 0
36 215 0
36 442 0
36 412 0
36 406 0
36 190 0
36 152 0
37 67 0
37 110 0
37 93 0
37 426 0
37 68 0
37 365 0
38 444 0
38 81 0
38 74 0
38 269 0
39 474 0
39 52 0
39 274 0
39 189 0
39 311 0
39 70 0
40 208 0
40 75 0
40 130 0
40 134 0
40 193 0
40 481 0
41 159 0
41 120 0
41 211 0
41 229 0
41 65 0
41 390 0
42 348 0
42 58 0
42 486 0
42 327 0
42 137 0
43 123 0
43 273 0
43 174 0
43 77 0
43 115 0
44 101 0
44 468 0
44 387 0
44 298 0
44 88 0
44 118 0
45 89 0
45 242 0
45 133 0
46 357 0
46 142 0
46 383 0
46 417 0
46 447 0
46 443 0
46 350 0
46 177 0
47 428 0
47 147 0
47 195 0
47 106 0
47 60 0
48 159 0
48 120 0
48 204 0
48 51 0
48 169 0
49 167 0
49 204 0
49 445 0
49 81 0
49 378 0
50 180 0
50 162 0
50 338 0
51 230 0
51 204 0
51 120 0
51 489 0
52 243 0
52 329 0
52 68 0
52 474 0
52 90 0
52 274 0
53 480 0
53 384 0
53 232 0
53 454 0
53 160 0
53 80 0
53 466 0
53 141 0
54 210 0
54 329 0
54 90 0
54 251 0
55 416 0
55 98 0
55 144 0
55 136 0
55 153 0
56 493 0
56 268 0
56 277 0
56 325 0
56 389 0
56 298 0
57 349 0
57 467 0
57 332 0
57 84 0
57 139 0
57 485 0
58 465 0
58 486 0
58 199 0
58 348 0
59 219 0
59 364 0
59 134 0
59 130 0
60 195 0
60 185 0
60 116 0
60 106 0
61 400 0
61 67 0
61 93 0
61 156 0
61 263 0
61 78 0
61 184 0
62 419 0
62 377 0
62 341 0
62 315 0
62 313 0
62 469 0
62 408 0
63 465 0
63 451 0
63 66 0
63 224 0
63 487 0
63 346 0
64 142 0
64 417 0
64 386 0
64 309 0
65 401 0
65 126 0
65 211 0
65 390 0
66 224 0
66 490 0
66 158 0
66 235 0
66 346 0
67 400 0
67 110 0
67 93 0
67 426 0
68 243 0
68 426 0
68 474 0
68 254 0
68 365 0
68 439 0
69 220 0
69 196 0
69 328 0
69 437 0
69 258 0
69 237 0
69 405 0
69 335 0
70 474 0
70 254 0
70 143 0
70 311 0
71 367 0
71 240 0
71 418 0
71 466 0
71 172 0
71 480 0
71 80 0
72 253 0
72 422 0
72 400 0
72 426 0
72 243 0
72 376 0
73 196 0
73 220 0
73 266 0
73 441 0
74 205 0
74 276 0
74 294 0
74 444 0
74 488 0
74 464 0
74 269 0
75 352 0
75 339 0
75 135 0
75 208 0
75 393 0
75 481 0
76 307 0
76 86 0
76 165 0
76 339 0
76 499 0
77 386 0
77 174 0
77 372 0
77 155 0
77 446 0
77 115 0
77 479 0
78 125 0
78 225 0
78 263 0
78 184 0
78 322 0
78 483 0
79 150 0
79 299 0
79 108 0
79 214 0
79 304 0
79 283 0
80 466 0
80 480 0
81 445 0
81 444 0
81 378 0
81 333 0
82 220 0
82 266 0
82 463 0
82 246 0
82 398 0
82 328 0
83 222 0
83 279 0
83 397 0
83 412 0
84 433 0
84 171 0
84 305 0
84 301 0
84 332 0
84 485 0
85 357 0
85 142 0
85 309 0
85 349 0
85 355 0
85 423 0
86 307 0
86 447 0
86 165 0
86 331 0
86 443 0
87 427 0
87 344 0
87 410 0
87 216 0
87 459 0
87 91 0
88 431 0
88 118 0
88 389 0
88 298 0
89 172 0
89 242 0
89 285 0
89 140 0
89 133 0
90 329 0
90 131 0
90 251 0
90 274 0
90 163 0
91 294 0
91 445 0
91 221 0
91 95 0
91 459 0
91 164 0
91 392 0
92 416 0
92 98 0
92 188 0
92 122 0
92 324 0
93 110 0
93 156 0
93 365 0
94 440 0
94 347 0
94 260 0
94 228 0
94 495 0
94 146 0
94 368 0
95 374 0
95 413 0
95 459 0
95 392 0
95 230 0
95 238 0
96 128 0
96 255 0
96 421 0
96 475 0
96 456 0
96 374 0
96 245 0
97 472 0
97 319 0
97 411 0
97 121 0
98 127 0
98 395 0
98 416 0
98 366 0
98 117 0
98 144 0
98 188 0
98 484 0
98 235 0
99 175 0
99 403 0
99 169 0
100 279 0
100 213 0
100 316 0
100 222 0
101 410 0
101 344 0
101 468 0
102 253 0
102 267 0
102 165 0
102 331 0
103 379 0
103 425 0
103 476 0
103 250 0
104 205 0
104 435 0
104 455 0
104 154 0
104 375 0
105 410 0
105 216 0
105 111 0
105 348 0
105 227 0
105 268 0
105 255 0
105 282 0
106 291 0
106 351 0
106 217 0
106 428 0
106 116 0
107 149 0
107 285 0
107 160 0
107 454 0
107 291 0
107 351 0
107 297 0
107 185 0
108 150 0
108 473 0
108 356 0
108 461 0
108 359 0
108 304 0
109 402 0
109 284 0
109 478 0
109 273 0
111 348 0
111 268 0
111 199 0
111 451 0
111 277 0
111 487 0
112 366 0
112 326 0
112 231 0
113 337 0
113 168 0
113 381 0
113 403 0
113 470 0
113 388 0
114 342 0
114 143 0
114 398 0
114 328 0
114 168 0
114 403 0
114 381 0
115 354 0
115 273 0
115 478 0
115 479 0
116 185 0
116 351 0
117 366 0
117 326 0
117 358 0
117 218 0
117 484 0
117 461 0
117 356 0
118 429 0
118 259 0
118 431 0
118 427 0
118 362 0
119 241 0
119 181 0
119 244 0
119 382 0
119 316 0
119 222 0
120 159 0
121 201 0
121 214 0
121 411 0
121 283 0
122 203 0
122 150 0
122 188 0
122 324 0
122 124 0
123 273 0
123 338 0
123 174 0
124 278 0
124 299 0
124 150 0
124 440 0
124 368 0
125 225 0
125 223 0
125 184 0
126 449 0
126 211 0
126 482 0
127 173 0
127 145 0
127 395 0
127 144 0
128 255 0
128 374 0
129 161 0
129 212 0
129 349 0
129 286 0
129 424 0
129 355 0
130 208 0
130 364 0
130 134 0
131 290 0
131 457 0
131 363 0
131 251 0
131 163 0
131 269 0
132 493 0
132 226 0
132 227 0
132 468 0
133 140 0
133 225 0
133 483 0
134 219 0
134 193 0
134 191 0
135 339 0
135 499 0
135 180 0
135 481 0
136 260 0
136 173 0
136 347 0
136 416 0
136 153 0
137 327 0
137 235 0
138 380 0
138 296 0
138 349 0
138 212 0
138 207 0
139 301 0
139 296 0
139 349 0
139 485 0
140 285 0
140 149 0
140 483 0
140 345 0
141 361 0
141 285 0
141 466 0
141 160 0
142 417 0
142 357 0
142 309 0
143 342 0
143 168 0
143 439 0
143 254 0
143 311 0
143 246 0
144 173 0
144 153 0
145 173 0
145 395 0
145 407 0
145 448 0
145 306 0
146 260 0
146 173 0
146 181 0
146 228 0
147 428 0
147 352 0
147 409 0
147 195 0
148 202 0
148 359 0
148 315 0
148 319 0
148 178 0
148 411 0
149 285 0
149 185 0
149 345 0
150 299 0
150 203 0
150 473 0
151 194 0
151 240 0
151 247 0
151 248 0
151 320 0
151 152 0
151 190 0
152 190 0
153 173 0
154 455 0
154 435 0
154 303 0
154 436 0
155 446 0
155 479 0
155 250 0
156 477 0
156 365 0
156 184 0
157 380 0
157 296 0
157 415 0
157 171 0
157 301 0
157 278 0
158 458 0
158 302 0
158 490 0
158 235 0
158 498 0
159 211 0
159 197 0
159 169 0
160 285 0
160 454 0
161 186 0
161 257 0
161 455 0
161 212 0
161 286 0
161 207 0
161 436 0
162 180 0
162 402 0
162 273 0
162 338 0
163 290 0
163 274 0
163 256 0
163 453 0
163 370 0
164 445 0
164 294 0
164 464 0
164 360 0
164 444 0
165 438 0
165 339 0
165 331 0
165 267 0
166 215 0
166 397 0
166 182 0
166 306 0
167 204 0
167 445 0
167 230 0
167 221 0
167 392 0
168 311 0
168 337 0
168 381 0
169 403 0
169 175 0
169 197 0
169 270 0
170 175 0
170 353 0
170 258 0
170 264 0
171 433 0
171 415 0
171 312 0
171 301 0
171 495 0
172 466 0
172 242 0
172 285 0
172 361 0
173 448 0
173 181 0
173 260 0
174 338 0
174 373 0
174 262 0
175 353 0
175 197 0
176 206 0
176 343 0
176 379 0
176 354 0
177 383 0
177 350 0
177 192 0
177 308 0
178 359 0
178 494 0
178 272 0
178 315 0
178 261 0
179 288 0
179 441 0
179 477 0
179 200 0
180 402 0
180 338 0
180 307 0
180 499 0
180 481 0
180 191 0
181 448 0
181 241 0
181 228 0
181 340 0
181 244 0
182 306 0
182 448 0
182 241 0
182 397 0
183 433 0
183 323 0
183 316 0
183 213 0
183 476 0
184 223 0
185 351 0
185 345 0
185 195 0
186 257 0
186 375 0
186 207 0
187 369 0
187 317 0
187 420 0
187 233 0
188 203 0
188 358 0
188 218 0
188 484 0
189 256 0
189 274 0
189 311 0
190 442 0
190 430 0
191 402 0
191 391 0
191 219 0
191 193 0
191 481 0
192 383 0
192 293 0
192 308 0
193 481 0
194 240 0
194 478 0
194 354 0
194 206 0
194 320 0
195 409 0
195 322 0
195 263 0
195 267 0
195 345 0
196 220 0
196 271 0
196 437 0
197 353 0
197 211 0
198 434 0
198 385 0
198 286 0
198 424 0
198 460 0
199 348 0
199 451 0
199 465 0
200 477 0
200 288 0
200 371 0
200 463 0
201 209 0
201 380 0
201 336 0
201 214 0
202 359 0
202 304 0
202 411 0
202 283 0
203 473 0
203 356 0
203 358 0
204 378 0
204 230 0
205 435 0
205 276 0
205 275 0
205 375 0
205 472 0
205 488 0
206 354 0
206 320 0
206 343 0
207 212 0
207 252 0
207 380 0
207 318 0
207 209 0
208 414 0
208 364 0
208 393 0
209 318 0
209 380 0
210 434 0
210 239 0
210 329 0
210 496 0
210 251 0
211 353 0
211 449 0
212 349 0
213 279 0
213 425 0
213 316 0
213 476 0
214 299 0
214 336 0
214 283 0
215 442 0
215 300 0
215 395 0
216 410 0
216 282 0
216 399 0
216 459 0
217 414 0
217 367 0
217 393 0
217 428 0
217 384 0
217 232 0
217 297 0
217 291 0
218 358 0
218 484 0
219 471 0
219 364 0
219 240 0
219 391 0
220 266 0
220 328 0
221 392 0
222 279 0
222 241 0
222 397 0
222 316 0
223 225 0
224 465 0
224 235 0
224 327 0
225 483 0
226 468 0
226 387 0
226 493 0
227 410 0
227 268 0
227 468 0
227 493 0
228 340 0
229 475 0
229 334 0
229 233 0
229 390 0
230 392 0
230 238 0
230 489 0
231 366 0
231 302 0
231 494 0
231 236 0
232 384 0
232 454 0
232 297 0
233 420 0
233 369 0
233 334 0
233 289 0
233 401 0
233 390 0
234 271 0
234 330 0
234 317 0
234 394 0
234 492 0
234 497 0
235 302 0
235 366 0
235 327 0
236 498 0
236 458 0
236 302 0
237 432 0
237 258 0
237 335 0
237 482 0
238 245 0
238 456 0
238 374 0
238 489 0
239 434 0
239 385 0
239 496 0
240 367 0
240 471 0
240 391 0
240 284 0
240 478 0
241 448 0
241 397 0
242 452 0
243 329 0
243 426 0
243 376 0
244 382 0
244 340 0
244 433 0
244 495 0
245 456 0
245 374 0
246 463 0
246 371 0
246 439 0
246 398 0
246 342 0
247 248 0
247 425 0
247 379 0
247 406 0
247 412 0
248 379 0
248 343 0
248 320 0
249 419 0
249 259 0
249 275 0
249 321 0
249 429 0
250 446 0
251 292 0
251 363 0
251 310 0
251 496 0
252 375 0
252 318 0
253 400 0
253 267 0
254 474 0
254 439 0
255 369 0
255 394 0
255 282 0
255 421 0
255 334 0
256 453 0
256 274 0
256 337 0
256 311 0
257 455 0
258 328 0
258 264 0
258 353 0
258 449 0
258 482 0
259 419 0
259 429 0
259 431 0
260 347 0
261 359 0
261 326 0
261 461 0
261 494 0
262 373 0
262 307 0
262 338 0
263 400 0
263 322 0
263 267 0
264 328 0
265 446 0
265 450 0
265 467 0
265 462 0
265 372 0
266 441 0
266 463 0
267 409 0
267 438 0
267 400 0
268 493 0
268 277 0
269 363 0
269 488 0
270 403 0
270 470 0
270 370 0
270 281 0
271 330 0
271 437 0
271 405 0
272 313 0
272 315 0
272 494 0
272 408 0
273 478 0
273 402 0
273 338 0
275 276 0
275 419 0
275 280 0
275 472 0
275 319 0
275 321 0
276 294 0
276 321 0
276 429 0
277 325 0
277 487 0
278 380 0
278 299 0
278 415 0
278 312 0
278 368 0
279 425 0
279 412 0
280 419 0
280 377 0
280 315 0
280 319 0
281 370 0
281 470 0
281 388 0
282 413 0
282 399 0
283 304 0
283 411 0
284 391 0
284 402 0
284 478 0
285 361 0
286 424 0
286 436 0
286 385 0
287 295 0
287 452 0
288 441 0
288 463 0
289 420 0
289 401 0
289 492 0
289 497 0
289 432 0
289 330 0
290 457 0
290 370 0
291 351 0
291 297 0
292 363 0
292 310 0
292 435 0
292 488 0
293 396 0
293 329 0
293 308 0
294 429 0
294 464 0
295 477 0
295 452 0
296 380 0
296 349 0
296 301 0
297 454 0
298 389 0
298 493 0
298 387 0
299 336 0
299 380 0
300 395 0
300 430 0
300 442 0
301 485 0
302 366 0
302 458 0
303 385 0
303 436 0
304 359 0
305 450 0
305 323 0
305 433 0
305 332 0
306 407 0
306 448 0
306 395 0
307 447 0
307 373 0
307 338 0
307 499 0
308 350 0
308 329 0
308 376 0
309 386 0
309 467 0
309 462 0
309 349 0
309 372 0
310 435 0
310 496 0
310 385 0
311 337 0
312 415 0
312 495 0
312 368 0
313 315 0
313 408 0
314 469 0
314 490 0
314 408 0
315 377 0
315 319 0
316 433 0
316 382 0
317 394 0
317 369 0
317 420 0
317 492 0
318 375 0
319 472 0
319 411 0
320 343 0
321 429 0
322 483 0
322 345 0
323 450 0
323 433 0
324 416 0
324 347 0
324 440 0
325 341 0
325 487 0
325 389 0
326 366 0
326 461 0
327 486 0
327 465 0
328 398 0
329 434 0
329 396 0
329 376 0
330 497 0
330 432 0
331 443 0
331 422 0
331 404 0
332 467 0
332 450 0
333 378 0
333 457 0
334 475 0
334 369 0
334 421 0
335 405 0
336 380 0
337 453 0
337 388 0
339 438 0
339 352 0
339 499 0
341 487 0
341 469 0
342 398 0
343 379 0
344 410 0
344 427 0
345 483 0
347 416 0
347 440 0
349 467 0
349 355 0
350 443 0
350 404 0
350 376 0
352 438 0
352 393 0
352 428 0
352 409 0
353 449 0
354 478 0
355 424 0
355 423 0
356 473 0
356 461 0
356 358 0
357 383 0
357 491 0
357 460 0
357 423 0
359 461 0
360 464 0
360 444 0
361 466 0
362 429 0
362 427 0
363 488 0
364 471 0
364 414 0
365 477 0
365 439 0
365 371 0
367 471 0
367 414 0
367 418 0
367 384 0
368 440 0
368 495 0
369 394 0
370 453 0
370 388 0
371 439 0
371 477 0
371 463 0
372 386 0
372 462 0
372 446 0
373 447 0
373 417 0
374 413 0
375 472 0
376 422 0
376 404 0
377 419 0
379 425 0
381 403 0
382 433 0
384 418 0
384 480 0
385 434 0
385 496 0
385 436 0
387 468 0
387 493 0
388 453 0
388 470 0
390 401 0
391 402 0
393 414 0
393 428 0
395 430 0
395 407 0
396 434 0
396 460 0
399 459 0
399 413 0
400 426 0
401 432 0
403 470 0
404 443 0
404 422 0
405 437 0
406 412 0
408 469 0
409 438 0
410 468 0
412 425 0
413 459 0
414 471 0
417 447 0
418 480 0
419 431 0
420 492 0
421 475 0
423 491 0
423 424 0
424 491 0
424 460 0
425 476 0
427 429 0
430 442 0
433 495 0
435 488 0
436 455 0
441 463 0
443 447 0
444 445 0
444 464 0
446 450 0
449 482 0
450 467 0
451 465 0
451 487 0
456 475 0
456 489 0
458 498 0
460 491 0
462 467 0
465 486 0
490 498 0
492 497 0
10 0.05 0.05 0.05
