500
0 -1.0 -1.0 2.0 14.0 16.0
1 -1.0 -1.0 12.0 56.0 5.0
2 -1.0 -1.0 50.0 92.0 16.0
3 -1.0 -1.0 45.0 86.0 18.0
4 -1.0 -1.0 14.0 92.0 11.0
5 -1.0 -1.0 5.0 6.0 17.0
6 -1.0 -1.0 1.0 73.0 19.0
7 -1.0 -1.0 20.0 55.0 6.0
8 -1.0 -1.0 46.0 20.0 12.0
9 -1.0 -1.0 67.0 27.0 16.0
10 -1.0 -1.0 82.0 0.0 8.0
11 -1.0 -1.0 32.0 6.0 16.0
12 -1.0 -1.0 91.0 73.0 13.0
13 -1.0 -1.0 6.0 6.0 10.0
14 -1.0 -1.0 24.0 75.0 17.0
15 -1.0 -1.0 91.0 29.0 13.0
16 -1.0 -1.0 52.0 50.0 6.0
17 -1.0 -1.0 35.0 57.0 16.0
18 -1.0 -1.0 87.0 11.0 9.0
19 -1.0 -1.0 43.0 28.0 5.0
20 -1.0 -1.0 55.0 6.0 14.0
21 -1.0 -1.0 82.0 91.0 14.0
22 -1.0 -1.0 73.0 8.0 15.0
23 -1.0 -1.0 64.0 17.0 10.0
24 -1.0 -1.0 6.0 61.0 9.0
25 -1.0 -1.0 52.0 1.0 10.0
26 -1.0 -1.0 6.0 49.0 16.0
27 -1.0 -1.0 37.0 11.0 15.0
28 -1.0 -1.0 88.0 80.0 16.0
29 -1.0 -1.0 23.0 100.0 19.0
30 -1.0 -1.0 94.0 68.0 16.0
31 -1.0 -1.0 12.0 50.0 12.0
32 -1.0 -1.0 99.0 68.0 4.0
33 -1.0 -1.0 43.0 70.0 15.0
34 -1.0 -1.0 79.0 24.0 18.0
35 -1.0 -1.0 86.0 36.0 10.0
36 -1.0 -1.0 48.0 45.0 15.0
37 -1.0 -1.0 31.0 8.0 11.0
38 -1.0 -1.0 40.0 19.0 9.0
39 -1.0 -1.0 9.0 3.0 8.0
40 -1.0 -1.0 74.0 21.0 11.0
41 -1.0 -1.0 56.0 61.0 5.0
42 -1.0 -1.0 83.0 99.0 13.0
43 -1.0 -1.0 39.0 64.0 9.0
44 -1.0 -1.0 59.0 87.0 10.0
45 -1.0 -1.0 3.0 73.0 11.0
46 -1.0 -1.0 25.0 24.0 19.0
47 -1.0 -1.0 65.0 7.0 13.0
48 -1.0 -1.0 29.0 18.0 15.0
49 -1.0 -1.0 29.0 93.0 18.0
50 -1.0 -1.0 39.0 19.0 5.0
51 -1.0 -1.0 71.0 56.0 5.0
52 -1.0 -1.0 74.0 35.0 15.0
53 -1.0 -1.0 32.0 60.0 7.0
54 -1.0 -1.0 59.0 34.0 15.0
55 -1.0 -1.0 59.0 32.0 17.0
56 -1.0 -1.0 88.0 15.0 15.0
57 -1.0 -1.0 21.0 73.0 4.0
58 -1.0 -1.0 63.0 34.0 6.0
59 -1.0 -1.0 100.0 68.0 13.0
60 -1.0 -1.0 3.0 32.0 5.0
61 -1.0 -1.0 43.0 27.0 14.0
62 -1.0 -1.0 0.0 62.0 4.0
63 -1.0 -1.0 8.0 34.0 14.0
64 -1.0 -1.0 10.0 13.0 9.0
65 -1.0 -1.0 62.0 33.0 15.0
66 -1.0 -1.0 14.0 76.0 15.0
67 -1.0 -1.0 63.0 2.0 13.0
68 -1.0 -1.0 58.0 3.0 18.0
69 -1.0 -1.0 84.0 55.0 17.0
70 -1.0 -1.0 99.0 40.0 6.0
71 -1.0 -1.0 88.0 45.0 6.0
72 -1.0 -1.0 4.0 62.0 17.0
73 -1.0 -1.0 85.0 94.0 15.0
74 -1.0 -1.0 5.0 55.0 18.0
75 -1.0 -1.0 43.0 62.0 17.0
76 -1.0 -1.0 99.0 22.0 19.0
77 -1.0 -1.0 35.0 92.0 6.0
78 -1.0 -1.0 7.0 43.0 15.0
79 -1.0 -1.0 99.0 66.0 6.0
80 -1.0 -1.0 1.0 49.0 17.0
81 -1.0 -1.0 72.0 41.0 13.0
82 -1.0 -1.0 81.0 33.0 8.0
83 -1.0 -1.0 41.0 52.0 9.0
84 -1.0 -1.0 89.0 4.0 11.0
85 -1.0 -1.0 9.0 96.0 8.0
86 -1.0 -1.0 38.0 91.0 7.0
87 -1.0 -1.0 46.0 50.0 14.0
88 -1.0 -1.0 80.0 15.0 10.0
89 -1.0 -1.0 49.0 82.0 4.0
90 -1.0 -1.0 38.0 90.0 9.0
91 -1.0 -1.0 65.0 68.0 11.0
92 -1.0 -1.0 12.0 75.0 10.0
93 -1.0 -1.0 15.0 61.0 14.0
94 -1.0 -1.0 98.0 87.0 5.0
95 -1.0 -1.0 65.0 99.0 14.0
96 -1.0 -1.0 23.0 12.0 12.0
97 -1.0 -1.0 56.0 40.0 7.0
98 -1.0 -1.0 40.0 91.0 4.0
99 -1.0 -1.0 42.0 51.0 17.0
100 -1.0 -1.0 97.0 10.0 9.0
101 -1.0 -1.0 23.0 68.0 8.0
102 -1.0 -1.0 91.0 0.0 11.0
103 -1.0 -1.0 39.0 27.0 11.0
104 -1.0 -1.0 45.0 2.0 12.0
105 -1.0 -1.0 51.0 33.0 10.0
106 -1.0 -1.0 100.0 79.0 7.0
107 -1.0 -1.0 40.0 22.0 7.0
108 -1.0 -1.0 71.0 20.0 11.0
109 -1.0 -1.0 29.0 99.0 6.0
110 -1.0 -1.0 85.0 69.0 9.0
111 -1.0 -1.0 74.0 71.0 8.0
112 -1.0 -1.0 68.0 89.0 7.0
113 -1.0 -1.0 99.0 7.0 5.0
114 -1.0 -1.0 4.0 59.0 5.0
115 -1.0 -1.0 16.0 10.0 19.0
116 -1.0 -1.0 63.0 39.0 7.0
117 -1.0 -1.0 3.0 56.0 9.0
118 -1.0 -1.0 37.0 81.0 8.0
119 -1.0 -1.0 60.0 37.0 15.0
120 -1.0 -1.0 31.0 58.0 15.0
121 -1.0 -1.0 95.0 83.0 5.0
122 -1.0 -1.0 26.0 78.0 17.0
123 -1.0 -1.0 33.0 15.0 7.0
124 -1.0 -1.0 60.0 25.0 19.0
125 -1.0 -1.0 4.0 42.0 19.0
126 -1.0 -1.0 68.0 88.0 5.0
127 -1.0 -1.0 42.0 10.0 7.0
128 -1.0 -1.0 29.0 46.0 19.0
129 -1.0 -1.0 68.0 35.0 6.0
130 -1.0 -1.0 35.0 70.0 8.0
131 -1.0 -1.0 69.0 10.0 14.0
132 -1.0 -1.0 99.0 46.0 9.0
133 -1.0 -1.0 98.0 47.0 17.0
134 -1.0 -1.0 63.0 31.0 7.0
135 -1.0 -1.0 3.0 72.0 11.0
136 -1.0 -1.0 63.0 77.0 17.0
137 -1.0 -1.0 42.0 50.0 15.0
138 -1.0 -1.0 30.0 15.0 9.0
139 -1.0 -1.0 62.0 30.0 18.0
140 -1.0 -1.0 97.0 91.0 15.0
141 -1.0 -1.0 22.0 32.0 19.0
142 -1.0 -1.0 94.0 27.0 10.0
143 -1.0 -1.0 14.0 31.0 19.0
144 -1.0 -1.0 72.0 29.0 8.0
145 -1.0 -1.0 24.0 38.0 15.0
146 -1.0 -1.0 70.0 86.0 17.0
147 -1.0 -1.0 81.0 25.0 6.0
148 -1.0 -1.0 86.0 27.0 13.0
149 -1.0 -1.0 68.0 66.0 16.0
150 -1.0 -1.0 4.0 88.0 8.0
151 -1.0 -1.0 54.0 28.0 6.0
152 -1.0 -1.0 68.0 96.0 17.0
153 -1.0 -1.0 40.0 64.0 15.0
154 -1.0 -1.0 35.0 79.0 7.0
155 -1.0 -1.0 34.0 34.0 10.0
156 -1.0 -1.0 4.0 71.0 19.0
157 -1.0 -1.0 98.0 15.0 19.0
158 -1.0 -1.0 24.0 2.0 10.0
159 -1.0 -1.0 7.0 86.0 19.0
160 -1.0 -1.0 33.0 21.0 6.0
161 -1.0 -1.0 66.0 100.0 9.0
162 -1.0 -1.0 46.0 5.0 8.0
163 -1.0 -1.0 15.0 15.0 7.0
164 -1.0 -1.0 47.0 33.0 5.0
165 -1.0 -1.0 54.0 8.0 5.0
166 -1.0 -1.0 39.0 0.0 7.0
167 -1.0 -1.0 78.0 36.0 13.0
168 -1.0 -1.0 18.0 5.0 19.0
169 -1.0 -1.0 88.0 67.0 15.0
170 -1.0 -1.0 94.0 81.0 4.0
171 -1.0 -1.0 84.0 89.0 16.0
172 -1.0 -1.0 79.0 98.0 16.0
173 -1.0 -1.0 52.0 53.0 18.0
174 -1.0 -1.0 6.0 15.0 8.0
175 -1.0 -1.0 8.0 75.0 5.0
176 -1.0 -1.0 6.0 44.0 18.0
177 -1.0 -1.0 57.0 35.0 14.0
178 -1.0 -1.0 35.0 88.0 5.0
179 -1.0 -1.0 42.0 37.0 11.0
180 -1.0 -1.0 47.0 21.0 12.0
181 -1.0 -1.0 33.0 89.0 10.0
182 -1.0 -1.0 93.0 97.0 4.0
183 -1.0 -1.0 100.0 53.0 11.0
184 -1.0 -1.0 1.0 42.0 8.0
185 -1.0 -1.0 26.0 41.0 11.0
186 -1.0 -1.0 45.0 18.0 19.0
187 -1.0 -1.0 8.0 95.0 17.0
188 -1.0 -1.0 65.0 71.0 14.0
189 -1.0 -1.0 61.0 32.0 5.0
190 -1.0 -1.0 25.0 76.0 15.0
191 -1.0 -1.0 12.0 74.0 9.0
192 -1.0 -1.0 99.0 63.0 5.0
193 -1.0 -1.0 76.0 45.0 10.0
194 -1.0 -1.0 17.0 32.0 7.0
195 -1.0 -1.0 98.0 75.0 6.0
196 -1.0 -1.0 47.0 81.0 5.0
197 -1.0 -1.0 22.0 25.0 13.0
198 -1.0 -1.0 51.0 83.0 17.0
199 -1.0 -1.0 37.0 86.0 18.0
200 -1.0 -1.0 94.0 42.0 19.0
201 -1.0 -1.0 22.0 24.0 10.0
202 -1.0 -1.0 59.0 50.0 14.0
203 -1.0 -1.0 100.0 39.0 14.0
204 -1.0 -1.0 67.0 82.0 14.0
205 -1.0 -1.0 21.0 72.0 15.0
206 -1.0 -1.0 52.0 89.0 12.0
207 -1.0 -1.0 98.0 80.0 4.0
208 -1.0 -1.0 100.0 29.0 19.0
209 -1.0 -1.0 96.0 36.0 14.0
210 -1.0 -1.0 92.0 25.0 10.0
211 -1.0 -1.0 43.0 9.0 11.0
212 -1.0 -1.0 46.0 27.0 16.0
213 -1.0 -1.0 80.0 92.0 19.0
214 -1.0 -1.0 34.0 39.0 15.0
215 -1.0 -1.0 7.0 63.0 11.0
216 -1.0 -1.0 47.0 78.0 14.0
217 -1.0 -1.0 78.0 54.0 9.0
218 -1.0 -1.0 51.0 77.0 15.0
219 -1.0 -1.0 61.0 14.0 12.0
220 -1.0 -1.0 7.0 48.0 17.0
221 -1.0 -1.0 28.0 38.0 12.0
222 -1.0 -1.0 9.0 21.0 6.0
223 -1.0 -1.0 9.0 63.0 13.0
224 -1.0 -1.0 70.0 23.0 13.0
225 -1.0 -1.0 57.0 38.0 6.0
226 -1.0 -1.0 33.0 10.0 19.0
227 -1.0 -1.0 68.0 2.0 4.0
228 -1.0 -1.0 63.0 70.0 18.0
229 -1.0 -1.0 60.0 70.0 9.0
230 -1.0 -1.0 14.0 57.0 10.0
231 -1.0 -1.0 49.0 85.0 8.0
232 -1.0 -1.0 26.0 88.0 10.0
233 -1.0 -1.0 9.0 74.0 12.0
234 -1.0 -1.0 60.0 20.0 11.0
235 -1.0 -1.0 93.0 32.0 4.0
236 -1.0 -1.0 84.0 54.0 19.0
237 -1.0 -1.0 81.0 5.0 11.0
238 -1.0 -1.0 91.0 32.0 6.0
239 -1.0 -1.0 17.0 77.0 4.0
240 -1.0 -1.0 86.0 84.0 7.0
241 -1.0 -1.0 54.0 71.0 5.0
242 -1.0 -1.0 53.0 82.0 18.0
243 -1.0 -1.0 31.0 62.0 18.0
244 -1.0 -1.0 44.0 21.0 19.0
245 -1.0 -1.0 24.0 78.0 16.0
246 -1.0 -1.0 42.0 59.0 5.0
247 -1.0 -1.0 78.0 51.0 6.0
248 -1.0 -1.0 73.0 54.0 17.0
249 -1.0 -1.0 32.0 17.0 10.0
250 -1.0 -1.0 41.0 37.0 16.0
251 -1.0 -1.0 37.0 3.0 9.0
252 -1.0 -1.0 51.0 80.0 7.0
253 -1.0 -1.0 99.0 2.0 12.0
254 -1.0 -1.0 41.0 30.0 18.0
255 -1.0 -1.0 24.0 19.0 4.0
256 -1.0 -1.0 34.0 49.0 13.0
257 -1.0 -1.0 83.0 84.0 7.0
258 -1.0 -1.0 81.0 21.0 16.0
259 -1.0 -1.0 9.0 76.0 16.0
260 -1.0 -1.0 12.0 94.0 10.0
261 -1.0 -1.0 9.0 77.0 13.0
262 -1.0 -1.0 66.0 99.0 13.0
263 -1.0 -1.0 53.0 41.0 16.0
264 -1.0 -1.0 61.0 81.0 6.0
265 -1.0 -1.0 10.0 30.0 16.0
266 -1.0 -1.0 64.0 66.0 12.0
267 -1.0 -1.0 96.0 58.0 5.0
268 -1.0 -1.0 97.0 100.0 9.0
269 -1.0 -1.0 76.0 47.0 15.0
270 -1.0 -1.0 30.0 6.0 6.0
271 -1.0 -1.0 18.0 89.0 15.0
272 -1.0 -1.0 66.0 97.0 18.0
273 -1.0 -1.0 26.0 68.0 11.0
274 -1.0 -1.0 82.0 72.0 6.0
275 -1.0 -1.0 70.0 34.0 6.0
276 -1.0 -1.0 34.0 72.0 18.0
277 -1.0 -1.0 57.0 49.0 5.0
278 -1.0 -1.0 57.0 30.0 13.0
279 -1.0 -1.0 88.0 39.0 8.0
280 -1.0 -1.0 95.0 13.0 6.0
281 -1.0 -1.0 35.0 0.0 18.0
282 -1.0 -1.0 68.0 5.0 7.0
283 -1.0 -1.0 66.0 72.0 10.0
284 -1.0 -1.0 18.0 88.0 14.0
285 -1.0 -1.0 45.0 95.0 18.0
286 -1.0 -1.0 15.0 7.0 14.0
287 -1.0 -1.0 81.0 80.0 14.0
288 -1.0 -1.0 12.0 93.0 9.0
289 -1.0 -1.0 17.0 2.0 19.0
290 -1.0 -1.0 22.0 54.0 12.0
291 -1.0 -1.0 34.0 61.0 18.0
292 -1.0 -1.0 78.0 85.0 13.0
293 -1.0 -1.0 56.0 30.0 12.0
294 -1.0 -1.0 29.0 24.0 19.0
295 -1.0 -1.0 68.0 76.0 14.0
296 -1.0 -1.0 2.0 13.0 6.0
297 -1.0 -1.0 58.0 51.0 5.0
298 -1.0 -1.0 74.0 59.0 9.0
299 -1.0 -1.0 48.0 13.0 17.0
300 -1.0 -1.0 17.0 78.0 8.0
301 -1.0 -1.0 75.0 17.0 10.0
302 -1.0 -1.0 46.0 41.0 18.0
303 -1.0 -1.0 36.0 1.0 4.0
304 -1.0 -1.0 36.0 31.0 16.0
305 -1.0 -1.0 84.0 56.0 15.0
306 -1.0 -1.0 15.0 54.0 9.0
307 -1.0 -1.0 47.0 20.0 9.0
308 -1.0 -1.0 63.0 25.0 7.0
309 -1.0 -1.0 48.0 32.0 7.0
310 -1.0 -1.0 97.0 29.0 14.0
311 -1.0 -1.0 20.0 33.0 17.0
312 -1.0 -1.0 59.0 39.0 12.0
313 -1.0 -1.0 45.0 45.0 8.0
314 -1.0 -1.0 2.0 82.0 4.0
315 -1.0 -1.0 79.0 85.0 16.0
316 -1.0 -1.0 3.0 12.0 6.0
317 -1.0 -1.0 69.0 74.0 10.0
318 -1.0 -1.0 3.0 22.0 5.0
319 -1.0 -1.0 46.0 0.0 17.0
320 -1.0 -1.0 87.0 58.0 7.0
321 -1.0 -1.0 12.0 68.0 8.0
322 -1.0 -1.0 15.0 92.0 15.0
323 -1.0 -1.0 49.0 18.0 14.0
324 -1.0 -1.0 26.0 55.0 5.0
325 -1.0 -1.0 63.0 65.0 4.0
326 -1.0 -1.0 77.0 20.0 5.0
327 -1.0 -1.0 69.0 51.0 18.0
328 -1.0 -1.0 63.0 81.0 10.0
329 -1.0 -1.0 54.0 63.0 17.0
330 -1.0 -1.0 13.0 62.0 5.0
331 -1.0 -1.0 8.0 77.0 8.0
332 -1.0 -1.0 73.0 15.0 16.0
333 -1.0 -1.0 44.0 92.0 6.0
334 -1.0 -1.0 63.0 33.0 17.0
335 -1.0 -1.0 16.0 2.0 5.0
336 -1.0 -1.0 24.0 73.0 10.0
337 -1.0 -1.0 47.0 69.0 17.0
338 -1.0 -1.0 71.0 50.0 16.0
339 -1.0 -1.0 92.0 33.0 10.0
340 -1.0 -1.0 4.0 20.0 14.0
341 -1.0 -1.0 76.0 85.0 18.0
342 -1.0 -1.0 55.0 12.0 17.0
343 -1.0 -1.0 43.0 57.0 16.0
344 -1.0 -1.0 48.0 6.0 14.0
345 -1.0 -1.0 97.0 89.0 19.0
346 -1.0 -1.0 16.0 45.0 9.0
347 -1.0 -1.0 23.0 92.0 6.0
348 -1.0 -1.0 16.0 78.0 12.0
349 -1.0 -1.0 31.0 21.0 12.0
350 -1.0 -1.0 47.0 35.0 19.0
351 -1.0 -1.0 85.0 88.0 10.0
352 -1.0 -1.0 44.0 78.0 12.0
353 -1.0 -1.0 15.0 76.0 14.0
354 -1.0 -1.0 84.0 14.0 11.0
355 -1.0 -1.0 86.0 50.0 18.0
356 -1.0 -1.0 60.0 6.0 15.0
357 -1.0 -1.0 34.0 21.0 5.0
358 -1.0 -1.0 12.0 47.0 19.0
359 -1.0 -1.0 50.0 42.0 6.0
360 -1.0 -1.0 90.0 75.0 19.0
361 -1.0 -1.0 11.0 74.0 9.0
362 -1.0 -1.0 62.0 11.0 15.0
363 -1.0 -1.0 53.0 38.0 11.0
364 -1.0 -1.0 6.0 1.0 9.0
365 -1.0 -1.0 24.0 43.0 4.0
366 -1.0 -1.0 85.0 86.0 4.0
367 -1.0 -1.0 44.0 3.0 6.0
368 -1.0 -1.0 95.0 67.0 15.0
369 -1.0 -1.0 5.0 92.0 8.0
370 -1.0 -1.0 17.0 10.0 19.0
371 -1.0 -1.0 46.0 77.0 17.0
372 -1.0 -1.0 93.0 45.0 6.0
373 -1.0 -1.0 22.0 50.0 6.0
374 -1.0 -1.0 56.0 62.0 7.0
375 -1.0 -1.0 37.0 37.0 16.0
376 -1.0 -1.0 3.0 51.0 17.0
377 -1.0 -1.0 72.0 14.0 10.0
378 -1.0 -1.0 98.0 38.0 11.0
379 -1.0 -1.0 31.0 27.0 4.0
380 -1.0 -1.0 7.0 30.0 4.0
381 -1.0 -1.0 27.0 27.0 4.0
382 -1.0 -1.0 75.0 11.0 11.0
383 -1.0 -1.0 42.0 22.0 5.0
384 -1.0 -1.0 72.0 91.0 4.0
385 -1.0 -1.0 91.0 6.0 7.0
386 -1.0 -1.0 73.0 12.0 4.0
387 -1.0 -1.0 26.0 60.0 14.0
388 -1.0 -1.0 31.0 54.0 11.0
389 -1.0 -1.0 34.0 94.0 11.0
390 -1.0 -1.0 15.0 74.0 15.0
391 -1.0 -1.0 18.0 12.0 7.0
392 -1.0 -1.0 79.0 59.0 17.0
393 -1.0 -1.0 38.0 86.0 14.0
394 -1.0 -1.0 64.0 32.0 8.0
395 -1.0 -1.0 71.0 90.0 11.0
396 -1.0 -1.0 59.0 64.0 18.0
397 -1.0 -1.0 86.0 0.0 14.0
398 -1.0 -1.0 61.0 74.0 16.0
399 -1.0 -1.0 63.0 47.0 11.0
400 -1.0 -1.0 78.0 50.0 18.0
401 -1.0 -1.0 8.0 52.0 10.0
402 -1.0 -1.0 96.0 54.0 6.0
403 -1.0 -1.0 81.0 40.0 9.0
404 -1.0 -1.0 70.0 11.0 10.0
405 -1.0 -1.0 61.0 12.0 8.0
406 -1.0 -1.0 57.0 66.0 16.0
407 -1.0 -1.0 53.0 11.0 16.0
408 -1.0 -1.0 70.0 47.0 18.0
409 -1.0 -1.0 91.0 51.0 15.0
410 -1.0 -1.0 62.0 50.0 13.0
411 -1.0 -1.0 28.0 43.0 11.0
412 -1.0 -1.0 84.0 36.0 13.0
413 -1.0 -1.0 3.0 15.0 16.0
414 -1.0 -1.0 37.0 14.0 10.0
415 -1.0 -1.0 2.0 44.0 9.0
416 -1.0 -1.0 68.0 55.0 6.0
417 -1.0 -1.0 86.0 95.0 16.0
418 -1.0 -1.0 4.0 25.0 14.0
419 -1.0 -1.0 62.0 25.0 13.0
420 -1.0 -1.0 72.0 92.0 17.0
421 -1.0 -1.0 60.0 35.0 16.0
422 -1.0 -1.0 15.0 47.0 12.0
423 -1.0 -1.0 78.0 53.0 17.0
424 -1.0 -1.0 6.0 95.0 5.0
425 -1.0 -1.0 48.0 0.0 5.0
426 -1.0 -1.0 25.0 29.0 8.0
427 -1.0 -1.0 19.0 82.0 4.0
428 -1.0 -1.0 87.0 98.0 12.0
429 -1.0 -1.0 78.0 71.0 15.0
430 -1.0 -1.0 24.0 51.0 5.0
431 -1.0 -1.0 76.0 14.0 7.0
432 -1.0 -1.0 46.0 46.0 16.0
433 -1.0 -1.0 30.0 55.0 12.0
434 -1.0 -1.0 51.0 68.0 17.0
435 -1.0 -1.0 61.0 39.0 4.0
436 -1.0 -1.0 64.0 65.0 7.0
437 -1.0 -1.0 43.0 3.0 14.0
438 -1.0 -1.0 21.0 22.0 18.0
439 -1.0 -1.0 13.0 9.0 10.0
440 -1.0 -1.0 49.0 96.0 13.0
441 -1.0 -1.0 23.0 25.0 10.0
442 -1.0 -1.0 93.0 95.0 9.0
443 -1.0 -1.0 89.0 14.0 7.0
444 -1.0 -1.0 55.0 57.0 9.0
445 -1.0 -1.0 2.0 47.0 6.0
446 -1.0 -1.0 79.0 19.0 13.0
447 -1.0 -1.0 77.0 36.0 12.0
448 -1.0 -1.0 86.0 90.0 13.0
449 -1.0 -1.0 71.0 85.0 16.0
450 -1.0 -1.0 72.0 85.0 9.0
451 -1.0 -1.0 69.0 99.0 15.0
452 -1.0 -1.0 13.0 40.0 9.0
453 -1.0 -1.0 86.0 55.0 4.0
454 -1.0 -1.0 74.0 36.0 14.0
455 -1.0 -1.0 31.0 73.0 13.0
456 -1.0 -1.0 55.0 55.0 17.0
457 -1.0 -1.0 1.0 37.0 16.0
458 -1.0 -1.0 45.0 68.0 5.0
459 -1.0 -1.0 75.0 54.0 15.0
460 -1.0 -1.0 76.0 84.0 12.0
461 -1.0 -1.0 95.0 79.0 12.0
462 -1.0 -1.0 20.0 1.0 7.0
463 -1.0 -1.0 67.0 31.0 12.0
464 -1.0 -1.0 96.0 53.0 8.0
465 -1.0 -1.0 92.0 51.0 17.0
466 -1.0 -1.0 62.0 89.0 8.0
467 -1.0 -1.0 81.0 35.0 15.0
468 -1.0 -1.0 96.0 68.0 14.0
469 -1.0 -1.0 9.0 5.0 11.0
470 -1.0 -1.0 14.0 64.0 4.0
471 -1.0 -1.0 22.0 80.0 4.0
472 -1.0 -1.0 27.0 73.0 5.0
473 -1.0 -1.0 91.0 23.0 19.0
474 -1.0 -1.0 16.0 82.0 6.0
475 -1.0 -1.0 92.0 76.0 14.0
476 -1.0 -1.0 19.0 25.0 17.0
477 -1.0 -1.0 41.0 85.0 8.0
478 -1.0 -1.0 11.0 15.0 19.0
479 -1.0 -1.0 7.0 75.0 10.0
480 -1.0 -1.0 30.0 48.0 11.0
481 -1.0 -1.0 63.0 98.0 18.0
482 -1.0 -1.0 43.0 96.0 19.0
483 -1.0 -1.0 82.0 11.0 15.0
484 -1.0 -1.0 45.0 37.0 19.0
485 -1.0 -1.0 94.0 19.0 12.0
486 -1.0 -1.0 9.0 25.0 15.0
487 -1.0 -1.0 48.0 69.0 8.0
488 -1.0 -1.0 37.0 64.0 9.0
489 -1.0 -1.0 52.0 74.0 11.0
490 -1.0 -1.0 82.0 15.0 9.0
491 -1.0 -1.0 39.0 70.0 9.0
492 -1.0 -1.0 26.0 31.0 9.0
493 -1.0 -1.0 1.0 21.0 18.0
494 -1.0 -1.0 86.0 24.0 10.0
495 -1.0 -1.0 14.0 20.0 13.0
496 -1.0 -1.0 77.0 16.0 17.0
497 -1.0 -1.0 33.0 38.0 7.0
498 -1.0 -1.0 92.0 71.0 5.0
499 -1.0 -1.0 81.0 38.0 7.0
1472
0 493 0
0 296 0
0 413 0
0 316 0
1 306 0
1 230 0
1 74 0
1 401 0
1 330 0
1 31 0
1 24 0
1 223 0
2 481 0
2 440 0
2 285 0
2 206 0
2 333 0
2 231 0
2 3 0
3 333 0
3 231 0
3 196 0
3 477 0
3 98 0
4 288 0
4 159 0
4 260 0
4 322 0
4 284 0
5 296 0
5 364 0
5 13 0
5 316 0
6 45 0
6 314 0
6 135 0
6 62 0
7 306 0
7 230 0
7 93 0
7 387 0
7 290 0
7 373 0
8 186 0
8 244 0
8 307 0
8 180 0
9 224 0
9 144 0
9 308 0
9 139 0
9 463 0
9 134 0
10 425 0
10 67 0
10 227 0
10 237 0
10 397 0
11 251 0
11 27 0
11 303 0
11 281 0
11 226 0
11 37 0
11 270 0
12 475 0
12 498 0
12 360 0
12 110 0
12 169 0
13 39 0
13 364 0
13 469 0
13 316 0
13 64 0
14 190 0
14 472 0
14 336 0
14 57 0
14 245 0
15 235 0
15 238 0
15 148 0
15 210 0
15 142 0
16 297 0
16 173 0
16 87 0
16 36 0
16 359 0
16 263 0
16 277 0
17 83 0
17 256 0
17 388 0
17 343 0
17 246 0
17 291 0
17 120 0
17 53 0
18 84 0
18 385 0
18 237 0
18 443 0
18 56 0
18 354 0
18 483 0
19 309 0
19 212 0
19 61 0
19 103 0
19 254 0
19 164 0
20 165 0
20 356 0
20 68 0
20 344 0
20 25 0
21 213 0
21 73 0
21 448 0
21 315 0
21 171 0
22 237 0
22 227 0
22 282 0
22 131 0
22 404 0
22 386 0
22 382 0
23 219 0
23 234 0
23 362 0
23 224 0
23 108 0
23 131 0
23 404 0
23 308 0
23 377 0
24 74 0
24 114 0
24 223 0
24 215 0
24 72 0
25 68 0
25 344 0
25 425 0
25 67 0
26 376 0
26 401 0
26 220 0
26 445 0
27 127 0
27 251 0
27 414 0
27 226 0
27 123 0
28 287 0
28 274 0
28 170 0
28 475 0
28 360 0
28 240 0
29 322 0
29 260 0
29 85 0
29 161 0
29 109 0
29 347 0
30 368 0
30 169 0
30 498 0
30 468 0
31 306 0
31 401 0
31 220 0
31 358 0
31 422 0
32 195 0
32 59 0
32 79 0
32 468 0
33 458 0
33 153 0
33 352 0
33 371 0
33 337 0
33 491 0
34 40 0
34 144 0
34 82 0
34 147 0
34 326 0
34 258 0
35 82 0
35 412 0
35 279 0
35 339 0
35 238 0
35 148 0
36 302 0
36 359 0
36 313 0
36 87 0
36 432 0
37 226 0
37 138 0
37 270 0
37 96 0
38 414 0
38 127 0
38 186 0
38 244 0
38 383 0
38 107 0
38 50 0
39 335 0
39 364 0
39 286 0
39 469 0
40 224 0
40 144 0
40 108 0
40 326 0
40 301 0
41 396 0
41 416 0
41 444 0
41 374 0
41 329 0
42 161 0
42 268 0
42 451 0
42 172 0
42 73 0
42 428 0
42 417 0
43 246 0
43 153 0
43 491 0
43 488 0
43 291 0
44 264 0
44 242 0
44 328 0
44 466 0
44 206 0
45 314 0
45 479 0
45 135 0
45 156 0
46 255 0
46 438 0
46 294 0
46 381 0
46 441 0
46 201 0
46 48 0
47 67 0
47 356 0
47 362 0
47 282 0
47 131 0
48 255 0
48 138 0
48 249 0
48 349 0
48 294 0
49 389 0
49 109 0
49 181 0
49 232 0
49 347 0
50 107 0
50 357 0
50 414 0
50 249 0
50 123 0
51 149 0
51 298 0
51 416 0
51 327 0
51 248 0
52 82 0
52 447 0
52 144 0
52 275 0
52 454 0
53 291 0
53 243 0
53 120 0
54 421 0
54 177 0
54 55 0
54 189 0
55 177 0
55 278 0
55 139 0
55 189 0
56 473 0
56 485 0
56 443 0
56 494 0
56 354 0
56 258 0
56 490 0
57 390 0
57 239 0
57 205 0
57 336 0
57 245 0
58 129 0
58 116 0
58 119 0
58 421 0
58 334 0
58 65 0
58 394 0
59 195 0
59 106 0
59 183 0
59 192 0
59 79 0
60 380 0
60 418 0
60 63 0
60 457 0
60 493 0
61 212 0
61 244 0
61 103 0
61 383 0
62 117 0
62 80 0
62 114 0
62 184 0
62 135 0
62 72 0
62 156 0
62 457 0
62 493 0
63 380 0
63 452 0
63 143 0
63 457 0
63 125 0
63 78 0
63 265 0
64 478 0
64 174 0
64 163 0
64 439 0
64 469 0
64 316 0
65 334 0
65 421 0
65 134 0
65 189 0
66 353 0
66 390 0
66 348 0
66 261 0
66 92 0
67 425 0
67 227 0
67 356 0
67 68 0
67 282 0
68 356 0
69 217 0
69 236 0
69 305 0
69 453 0
70 132 0
70 200 0
70 203 0
70 378 0
71 355 0
71 409 0
71 403 0
71 372 0
71 200 0
71 279 0
72 215 0
72 114 0
72 156 0
73 172 0
73 213 0
73 417 0
73 448 0
74 401 0
74 117 0
74 114 0
74 376 0
75 434 0
75 329 0
75 343 0
75 246 0
75 153 0
75 458 0
76 208 0
76 113 0
76 210 0
76 485 0
76 157 0
76 310 0
76 142 0
77 178 0
77 181 0
77 389 0
77 86 0
77 90 0
78 125 0
78 176 0
78 358 0
78 452 0
78 220 0
79 192 0
79 368 0
79 468 0
80 117 0
80 184 0
80 376 0
80 445 0
80 415 0
81 454 0
81 447 0
81 116 0
81 408 0
81 129 0
81 275 0
81 193 0
82 412 0
82 147 0
82 144 0
82 447 0
82 148 0
82 167 0
82 467 0
83 256 0
83 343 0
83 137 0
83 99 0
84 397 0
84 102 0
84 385 0
84 237 0
85 260 0
85 187 0
85 424 0
86 389 0
86 482 0
86 98 0
86 90 0
87 343 0
87 173 0
87 432 0
87 137 0
87 99 0
88 483 0
88 431 0
88 496 0
88 446 0
88 490 0
89 196 0
89 231 0
89 252 0
89 198 0
90 98 0
90 393 0
90 199 0
90 178 0
91 266 0
91 149 0
91 228 0
91 283 0
91 188 0
92 261 0
92 191 0
92 361 0
92 259 0
92 390 0
93 230 0
93 330 0
93 470 0
93 387 0
93 101 0
94 106 0
94 268 0
94 207 0
94 121 0
94 140 0
94 345 0
95 262 0
95 272 0
95 481 0
95 161 0
96 255 0
96 391 0
96 138 0
96 270 0
96 158 0
96 168 0
96 370 0
97 363 0
97 263 0
97 225 0
97 399 0
97 312 0
97 277 0
98 333 0
98 482 0
98 477 0
98 393 0
99 137 0
99 343 0
100 280 0
100 385 0
100 113 0
100 157 0
101 205 0
101 470 0
101 387 0
101 273 0
101 336 0
102 385 0
102 253 0
102 397 0
103 107 0
103 357 0
103 254 0
103 304 0
103 379 0
103 383 0
104 319 0
104 425 0
104 437 0
104 367 0
104 162 0
105 350 0
105 363 0
105 177 0
105 151 0
105 309 0
105 293 0
105 164 0
106 268 0
106 195 0
106 207 0
107 357 0
107 383 0
108 224 0
108 377 0
108 301 0
108 332 0
109 161 0
109 440 0
109 482 0
109 389 0
109 347 0
110 429 0
110 274 0
110 392 0
110 169 0
110 360 0
111 149 0
111 298 0
111 429 0
111 287 0
111 460 0
111 317 0
112 395 0
112 126 0
112 466 0
112 420 0
112 152 0
112 272 0
113 208 0
113 253 0
113 385 0
113 157 0
114 117 0
115 286 0
115 439 0
115 370 0
115 163 0
115 391 0
116 399 0
116 408 0
116 435 0
116 129 0
116 119 0
117 376 0
118 352 0
118 154 0
118 477 0
118 199 0
118 393 0
119 312 0
119 435 0
119 225 0
119 177 0
119 421 0
120 388 0
120 433 0
120 387 0
120 243 0
120 324 0
121 207 0
121 170 0
121 240 0
121 345 0
121 448 0
122 245 0
122 190 0
122 472 0
122 455 0
122 471 0
122 154 0
122 232 0
123 414 0
123 249 0
123 226 0
123 138 0
124 151 0
124 234 0
124 419 0
124 139 0
124 278 0
125 415 0
125 184 0
125 176 0
125 457 0
126 204 0
126 466 0
126 395 0
126 146 0
127 299 0
127 211 0
127 251 0
127 414 0
127 186 0
128 411 0
128 214 0
128 480 0
128 256 0
128 365 0
128 430 0
129 275 0
129 463 0
129 394 0
130 243 0
130 488 0
130 273 0
130 455 0
130 276 0
130 491 0
131 282 0
131 404 0
131 362 0
132 200 0
132 133 0
132 203 0
132 183 0
133 372 0
133 200 0
133 465 0
133 183 0
133 464 0
134 139 0
134 463 0
134 394 0
134 334 0
134 189 0
135 156 0
136 398 0
136 264 0
136 328 0
136 204 0
136 295 0
136 283 0
137 256 0
137 313 0
137 432 0
138 226 0
138 249 0
138 255 0
139 308 0
139 419 0
139 278 0
139 189 0
140 268 0
140 442 0
140 345 0
141 492 0
141 145 0
141 311 0
141 197 0
141 476 0
141 426 0
141 194 0
142 235 0
142 310 0
142 210 0
143 476 0
143 486 0
143 452 0
143 265 0
143 194 0
144 224 0
144 275 0
144 463 0
145 185 0
145 365 0
145 221 0
145 346 0
145 452 0
145 492 0
145 311 0
146 395 0
146 450 0
146 204 0
146 449 0
147 148 0
147 494 0
147 258 0
148 238 0
148 494 0
148 210 0
149 298 0
149 416 0
149 436 0
149 266 0
149 283 0
149 317 0
150 369 0
150 314 0
150 159 0
151 309 0
151 212 0
151 323 0
151 234 0
151 293 0
151 180 0
151 278 0
152 451 0
152 420 0
152 272 0
153 246 0
153 458 0
153 491 0
154 276 0
154 455 0
154 352 0
154 181 0
154 178 0
154 232 0
154 491 0
154 199 0
155 304 0
155 375 0
155 497 0
155 379 0
155 492 0
155 221 0
156 233 0
156 321 0
156 215 0
156 479 0
157 280 0
157 485 0
158 462 0
158 168 0
158 281 0
158 270 0
159 369 0
159 474 0
159 261 0
159 331 0
159 314 0
159 288 0
159 284 0
160 249 0
160 357 0
160 349 0
160 294 0
160 379 0
161 268 0
161 451 0
161 440 0
161 262 0
161 481 0
162 425 0
162 344 0
162 367 0
162 211 0
162 437 0
163 495 0
163 438 0
163 255 0
163 391 0
163 439 0
163 478 0
164 254 0
164 309 0
164 179 0
164 484 0
164 350 0
165 342 0
165 356 0
165 407 0
165 344 0
166 251 0
166 437 0
166 303 0
166 281 0
166 319 0
167 403 0
167 447 0
167 499 0
167 467 0
168 462 0
168 289 0
168 335 0
168 370 0
168 286 0
169 392 0
169 320 0
169 368 0
169 498 0
170 207 0
170 461 0
170 475 0
170 240 0
171 448 0
171 351 0
171 315 0
171 257 0
171 366 0
172 451 0
172 420 0
172 213 0
173 343 0
173 444 0
173 297 0
173 456 0
174 316 0
174 413 0
174 340 0
174 222 0
174 478 0
175 233 0
175 479 0
175 259 0
175 331 0
176 415 0
176 445 0
176 220 0
177 363 0
177 225 0
177 293 0
177 421 0
177 278 0
178 181 0
178 199 0
179 250 0
179 254 0
179 302 0
179 484 0
180 212 0
180 244 0
180 307 0
180 323 0
181 389 0
181 232 0
182 442 0
182 268 0
182 428 0
183 192 0
183 267 0
183 203 0
183 402 0
183 464 0
184 415 0
184 457 0
185 411 0
185 365 0
185 221 0
186 323 0
186 299 0
186 244 0
186 307 0
187 369 0
187 424 0
187 260 0
187 288 0
188 228 0
188 398 0
188 283 0
189 421 0
190 472 0
190 245 0
191 321 0
191 390 0
191 361 0
192 267 0
192 368 0
193 269 0
193 408 0
193 400 0
193 403 0
193 447 0
194 452 0
194 311 0
194 476 0
195 207 0
195 461 0
195 475 0
195 498 0
195 468 0
196 252 0
196 216 0
196 231 0
196 352 0
196 477 0
197 476 0
197 426 0
197 441 0
197 201 0
198 252 0
198 242 0
198 231 0
198 206 0
199 393 0
200 372 0
200 279 0
200 209 0
200 378 0
201 441 0
201 438 0
201 476 0
202 399 0
202 410 0
202 297 0
202 277 0
203 378 0
203 208 0
204 295 0
204 450 0
204 328 0
204 466 0
204 449 0
205 321 0
205 470 0
205 390 0
205 336 0
206 242 0
206 466 0
206 481 0
206 231 0
207 461 0
208 253 0
208 310 0
208 209 0
208 378 0
209 279 0
209 339 0
209 310 0
209 378 0
209 235 0
210 485 0
210 473 0
210 494 0
211 299 0
211 251 0
211 437 0
211 344 0
212 244 0
212 309 0
213 384 0
213 420 0
213 341 0
213 292 0
213 315 0
214 313 0
214 256 0
214 375 0
214 411 0
214 497 0
215 223 0
215 321 0
216 218 0
216 371 0
216 352 0
216 252 0
217 236 0
217 392 0
217 305 0
217 423 0
217 459 0
218 242 0
218 264 0
218 398 0
218 489 0
218 371 0
218 252 0
219 234 0
219 342 0
219 405 0
219 362 0
220 401 0
220 445 0
220 358 0
221 411 0
221 492 0
221 497 0
222 318 0
222 418 0
222 486 0
222 495 0
222 340 0
222 478 0
223 321 0
223 470 0
223 330 0
224 308 0
225 363 0
225 312 0
227 237 0
227 282 0
228 398 0
228 229 0
228 266 0
228 325 0
229 406 0
229 241 0
229 396 0
229 325 0
229 398 0
230 306 0
230 330 0
232 471 0
232 284 0
232 347 0
232 427 0
233 361 0
233 321 0
233 259 0
233 479 0
234 323 0
234 342 0
234 308 0
234 419 0
235 238 0
235 339 0
235 310 0
236 453 0
236 355 0
236 247 0
236 423 0
236 400 0
237 397 0
237 483 0
237 382 0
238 339 0
239 390 0
239 353 0
239 348 0
239 300 0
239 471 0
239 245 0
240 366 0
240 257 0
240 448 0
240 287 0
241 406 0
241 434 0
241 398 0
241 489 0
242 264 0
242 252 0
243 387 0
243 273 0
243 291 0
243 488 0
244 383 0
245 471 0
246 343 0
246 291 0
247 459 0
247 423 0
247 400 0
248 327 0
248 298 0
248 338 0
248 459 0
249 357 0
249 349 0
250 254 0
250 302 0
250 313 0
250 375 0
250 304 0
251 437 0
251 303 0
253 385 0
254 304 0
255 391 0
255 438 0
256 480 0
256 388 0
256 313 0
257 366 0
257 287 0
257 315 0
258 494 0
258 326 0
258 446 0
258 490 0
259 331 0
259 261 0
259 361 0
260 322 0
260 288 0
261 474 0
261 331 0
261 348 0
262 451 0
262 272 0
263 363 0
263 359 0
263 277 0
264 328 0
264 398 0
265 486 0
265 380 0
266 436 0
266 325 0
267 368 0
267 402 0
267 320 0
268 442 0
268 428 0
269 338 0
269 408 0
269 400 0
270 281 0
271 347 0
271 322 0
271 284 0
272 451 0
272 466 0
272 481 0
273 387 0
273 336 0
273 472 0
273 455 0
274 429 0
274 287 0
274 360 0
275 454 0
275 463 0
276 455 0
276 491 0
277 399 0
277 297 0
278 293 0
279 339 0
279 403 0
279 412 0
280 385 0
280 485 0
280 443 0
281 303 0
281 462 0
281 364 0
283 398 0
283 295 0
283 317 0
284 347 0
284 427 0
284 474 0
284 322 0
285 440 0
285 482 0
285 333 0
286 370 0
286 335 0
286 439 0
286 469 0
287 429 0
287 460 0
287 292 0
287 315 0
288 369 0
289 462 0
289 335 0
290 387 0
290 324 0
290 430 0
290 373 0
291 488 0
292 460 0
292 341 0
292 315 0
294 349 0
294 381 0
294 379 0
295 460 0
295 450 0
295 317 0
296 364 0
296 316 0
296 493 0
297 444 0
297 410 0
297 456 0
298 429 0
298 392 0
298 459 0
299 323 0
299 407 0
299 344 0
300 471 0
300 427 0
300 348 0
300 474 0
301 326 0
301 496 0
301 431 0
301 332 0
302 359 0
302 350 0
302 313 0
302 484 0
304 375 0
304 379 0
305 392 0
305 320 0
305 453 0
306 373 0
306 422 0
307 323 0
308 419 0
311 452 0
312 399 0
312 435 0
313 432 0
313 375 0
314 369 0
314 331 0
314 479 0
316 413 0
317 460 0
318 418 0
318 493 0
318 340 0
319 425 0
319 437 0
320 392 0
320 402 0
320 409 0
320 453 0
320 368 0
321 470 0
321 390 0
321 361 0
322 347 0
323 342 0
323 407 0
324 387 0
324 430 0
324 388 0
324 433 0
325 396 0
325 416 0
325 436 0
326 496 0
326 446 0
327 416 0
327 410 0
327 399 0
327 408 0
327 338 0
328 466 0
329 434 0
329 406 0
329 374 0
329 343 0
329 444 0
330 470 0
331 479 0
332 377 0
332 431 0
332 386 0
333 482 0
334 394 0
335 462 0
335 364 0
336 472 0
337 458 0
337 487 0
337 371 0
338 408 0
338 400 0
338 459 0
340 413 0
340 493 0
341 460 0
341 384 0
341 450 0
341 395 0
342 405 0
342 356 0
342 407 0
343 444 0
344 407 0
344 425 0
345 442 0
345 448 0
346 358 0
346 452 0
346 422 0
346 365 0
346 373 0
348 353 0
348 474 0
350 363 0
350 359 0
350 484 0
351 448 0
351 366 0
352 371 0
352 491 0
352 477 0
353 390 0
354 483 0
354 490 0
355 409 0
355 403 0
355 400 0
355 453 0
356 362 0
356 405 0
357 379 0
358 422 0
358 452 0
359 363 0
360 475 0
362 405 0
364 462 0
365 373 0
365 430 0
365 411 0
366 448 0
367 437 0
368 468 0
369 424 0
370 391 0
371 487 0
371 489 0
372 409 0
372 465 0
373 430 0
373 422 0
374 406 0
374 396 0
375 497 0
376 401 0
376 445 0
377 404 0
377 386 0
379 381 0
379 492 0
380 418 0
380 486 0
381 492 0
381 441 0
381 426 0
382 386 0
382 431 0
382 483 0
384 395 0
384 420 0
385 443 0
386 404 0
386 431 0
388 480 0
388 430 0
388 433 0
389 482 0
392 429 0
392 459 0
393 477 0
394 463 0
395 420 0
395 450 0
396 416 0
396 406 0
398 489 0
399 408 0
399 410 0
399 435 0
400 403 0
400 459 0
402 465 0
402 409 0
402 464 0
403 412 0
403 499 0
403 447 0
406 434 0
409 465 0
409 453 0
410 416 0
410 444 0
411 497 0
412 499 0
412 467 0
413 493 0
415 445 0
416 436 0
416 444 0
417 428 0
417 442 0
417 448 0
418 486 0
418 493 0
420 451 0
423 459 0
426 492 0
426 441 0
427 471 0
427 474 0
428 442 0
430 480 0
431 483 0
431 496 0
434 489 0
434 487 0
434 458 0
438 495 0
438 476 0
439 469 0
440 482 0
440 481 0
442 448 0
443 485 0
444 456 0
446 496 0
446 490 0
447 454 0
449 450 0
450 460 0
455 472 0
457 493 0
458 487 0
461 475 0
464 465 0
466 481 0
467 499 0
468 498 0
473 485 0
473 494 0
475 498 0
476 495 0
476 486 0
478 495 0
483 490 0
486 495 0
487 489 0
488 491 0
10 0.05 0.05 0.05
