486
0 -1.0 -1.0 7.0 137.0 62.0
1 -1.0 -1.0 7.0 195.0 43.0
2 -1.0 -1.0 10.0 146.0 99.0
3 -1.0 -1.0 8.0 245.0 49.0
4 -1.0 -1.0 17.0 207.0 95.0
5 -1.0 -1.0 15.0 21.0 56.0
6 -1.0 -1.0 9.0 196.0 76.0
7 -1.0 -1.0 16.0 228.0 76.0
8 -1.0 -1.0 6.0 49.0 47.0
9 -1.0 -1.0 19.0 38.0 88.0
10 -1.0 -1.0 11.0 338.0 63.0
11 -1.0 -1.0 11.0 374.0 83.0
12 -1.0 -1.0 7.0 20.0 56.0
13 -1.0 -1.0 8.0 86.0 21.0
14 -1.0 -1.0 9.0 191.0 91.0
15 -1.0 -1.0 15.0 396.0 62.0
16 -1.0 -1.0 4.0 369.0 81.0
17 -1.0 -1.0 20.0 246.0 55.0
18 -1.0 -1.0 6.0 249.0 92.0
19 -1.0 -1.0 6.0 19.0 37.0
20 -1.0 -1.0 20.0 20.0 83.0
21 -1.0 -1.0 5.0 395.0 43.0
22 -1.0 -1.0 14.0 350.0 59.0
23 -1.0 -1.0 12.0 274.0 92.0
24 -1.0 -1.0 5.0 155.0 67.0
25 -1.0 -1.0 19.0 204.0 34.0
26 -1.0 -1.0 17.0 65.0 22.0
27 -1.0 -1.0 6.0 74.0 51.0
28 -1.0 -1.0 14.0 28.0 69.0
29 -1.0 -1.0 8.0 268.0 26.0
30 -1.0 -1.0 14.0 333.0 53.0
31 -1.0 -1.0 4.0 38.0 69.0
32 -1.0 -1.0 18.0 373.0 23.0
33 -1.0 -1.0 11.0 288.0 53.0
34 -1.0 -1.0 18.0 324.0 62.0
35 -1.0 -1.0 15.0 20.0 34.0
36 -1.0 -1.0 18.0 273.0 55.0
37 -1.0 -1.0 12.0 34.0 25.0
38 -1.0 -1.0 6.0 42.0 34.0
39 -1.0 -1.0 14.0 28.0 96.0
40 -1.0 -1.0 4.0 343.0 52.0
41 -1.0 -1.0 11.0 46.0 93.0
42 -1.0 -1.0 5.0 247.0 33.0
43 -1.0 -1.0 5.0 55.0 36.0
44 -1.0 -1.0 11.0 353.0 92.0
45 -1.0 -1.0 19.0 108.0 67.0
46 -1.0 -1.0 6.0 349.0 84.0
47 -1.0 -1.0 15.0 42.0 47.0
48 -1.0 -1.0 18.0 324.0 85.0
49 -1.0 -1.0 19.0 70.0 18.0
50 -1.0 -1.0 13.0 326.0 77.0
51 -1.0 -1.0 19.0 104.0 45.0
52 -1.0 -1.0 8.0 381.0 41.0
53 -1.0 -1.0 7.0 63.0 83.0
54 -1.0 -1.0 8.0 345.0 95.0
55 -1.0 -1.0 8.0 164.0 69.0
56 -1.0 -1.0 16.0 299.0 25.0
57 -1.0 -1.0 19.0 393.0 18.0
58 -1.0 -1.0 4.0 300.0 35.0
59 -1.0 -1.0 17.0 301.0 82.0
60 -1.0 -1.0 6.0 193.0 33.0
61 -1.0 -1.0 14.0 383.0 94.0
62 -1.0 -1.0 11.0 260.0 30.0
63 -1.0 -1.0 8.0 153.0 54.0
64 -1.0 -1.0 7.0 200.0 74.0
65 -1.0 -1.0 14.0 320.0 35.0
66 -1.0 -1.0 5.0 116.0 20.0
67 -1.0 -1.0 13.0 302.0 47.0
68 -1.0 -1.0 8.0 29.0 74.0
69 -1.0 -1.0 5.0 145.0 92.0
70 -1.0 -1.0 12.0 391.0 25.0
71 -1.0 -1.0 10.0 315.0 64.0
72 -1.0 -1.0 5.0 297.0 52.0
73 -1.0 -1.0 13.0 373.0 45.0
74 -1.0 -1.0 11.0 164.0 16.0
75 -1.0 -1.0 12.0 217.0 98.0
76 -1.0 -1.0 20.0 306.0 94.0
77 -1.0 -1.0 16.0 371.0 59.0
78 -1.0 -1.0 17.0 205.0 96.0
79 -1.0 -1.0 7.0 31.0 33.0
80 -1.0 -1.0 16.0 388.0 63.0
81 -1.0 -1.0 20.0 369.0 20.0
82 -1.0 -1.0 19.0 76.0 72.0
83 -1.0 -1.0 20.0 157.0 26.0
84 -1.0 -1.0 20.0 251.0 40.0
85 -1.0 -1.0 18.0 61.0 74.0
86 -1.0 -1.0 9.0 367.0 88.0
87 -1.0 -1.0 10.0 168.0 77.0
88 -1.0 -1.0 14.0 314.0 92.0
89 -1.0 -1.0 11.0 28.0 72.0
90 -1.0 -1.0 13.0 176.0 84.0
91 -1.0 -1.0 12.0 179.0 32.0
92 -1.0 -1.0 10.0 348.0 74.0
93 -1.0 -1.0 8.0 253.0 84.0
94 -1.0 -1.0 19.0 358.0 80.0
95 -1.0 -1.0 17.0 109.0 20.0
96 -1.0 -1.0 18.0 363.0 57.0
97 -1.0 -1.0 17.0 374.0 87.0
98 -1.0 -1.0 7.0 113.0 32.0
99 -1.0 -1.0 14.0 227.0 89.0
100 -1.0 -1.0 9.0 279.0 63.0
101 -1.0 -1.0 20.0 357.0 52.0
102 -1.0 -1.0 16.0 391.0 53.0
103 -1.0 -1.0 10.0 212.0 39.0
104 -1.0 -1.0 6.0 59.0 26.0
105 -1.0 -1.0 14.0 73.0 54.0
106 -1.0 -1.0 20.0 15.0 98.0
107 -1.0 -1.0 18.0 262.0 22.0
108 -1.0 -1.0 16.0 200.0 83.0
109 -1.0 -1.0 20.0 55.0 63.0
110 -1.0 -1.0 8.0 84.0 91.0
111 -1.0 -1.0 7.0 304.0 22.0
112 -1.0 -1.0 4.0 50.0 76.0
113 -1.0 -1.0 16.0 200.0 93.0
114 -1.0 -1.0 11.0 364.0 32.0
115 -1.0 -1.0 14.0 185.0 71.0
116 -1.0 -1.0 15.0 305.0 65.0
117 -1.0 -1.0 17.0 81.0 72.0
118 -1.0 -1.0 4.0 367.0 46.0
119 -1.0 -1.0 5.0 305.0 96.0
120 -1.0 -1.0 7.0 364.0 20.0
121 -1.0 -1.0 19.0 83.0 75.0
122 -1.0 -1.0 6.0 69.0 81.0
123 -1.0 -1.0 4.0 226.0 84.0
124 -1.0 -1.0 14.0 334.0 58.0
125 -1.0 -1.0 14.0 23.0 98.0
126 -1.0 -1.0 17.0 342.0 48.0
127 -1.0 -1.0 4.0 229.0 73.0
128 -1.0 -1.0 5.0 316.0 76.0
129 -1.0 -1.0 19.0 221.0 68.0
130 -1.0 -1.0 11.0 100.0 57.0
131 -1.0 -1.0 5.0 172.0 78.0
132 -1.0 -1.0 11.0 287.0 93.0
133 -1.0 -1.0 11.0 197.0 83.0
134 -1.0 -1.0 4.0 231.0 50.0
135 -1.0 -1.0 10.0 177.0 70.0
136 -1.0 -1.0 11.0 397.0 96.0
137 -1.0 -1.0 7.0 343.0 82.0
138 -1.0 -1.0 8.0 61.0 36.0
139 -1.0 -1.0 18.0 114.0 74.0
140 -1.0 -1.0 5.0 390.0 93.0
141 -1.0 -1.0 19.0 39.0 83.0
142 -1.0 -1.0 14.0 95.0 98.0
143 -1.0 -1.0 9.0 272.0 70.0
144 -1.0 -1.0 12.0 387.0 95.0
145 -1.0 -1.0 17.0 37.0 62.0
146 -1.0 -1.0 5.0 148.0 47.0
147 -1.0 -1.0 5.0 340.0 53.0
148 -1.0 -1.0 20.0 175.0 94.0
149 -1.0 -1.0 15.0 136.0 84.0
150 -1.0 -1.0 5.0 347.0 98.0
151 -1.0 -1.0 18.0 30.0 41.0
152 -1.0 -1.0 11.0 118.0 59.0
153 -1.0 -1.0 15.0 169.0 55.0
154 -1.0 -1.0 5.0 239.0 79.0
155 -1.0 -1.0 20.0 54.0 100.0
156 -1.0 -1.0 15.0 314.0 31.0
157 -1.0 -1.0 18.0 225.0 81.0
158 -1.0 -1.0 20.0 292.0 20.0
159 -1.0 -1.0 9.0 391.0 81.0
160 -1.0 -1.0 20.0 165.0 93.0
161 -1.0 -1.0 11.0 95.0 27.0
162 -1.0 -1.0 14.0 254.0 78.0
163 -1.0 -1.0 11.0 373.0 82.0
164 -1.0 -1.0 9.0 337.0 48.0
165 -1.0 -1.0 9.0 382.0 20.0
166 -1.0 -1.0 15.0 222.0 93.0
167 -1.0 -1.0 18.0 74.0 38.0
168 -1.0 -1.0 6.0 379.0 29.0
169 -1.0 -1.0 11.0 224.0 38.0
170 -1.0 -1.0 19.0 136.0 55.0
171 -1.0 -1.0 10.0 282.0 78.0
172 -1.0 -1.0 19.0 312.0 35.0
173 -1.0 -1.0 11.0 258.0 31.0
174 -1.0 -1.0 8.0 208.0 97.0
175 -1.0 -1.0 10.0 374.0 39.0
176 -1.0 -1.0 8.0 149.0 57.0
177 -1.0 -1.0 8.0 398.0 23.0
178 -1.0 -1.0 17.0 118.0 16.0
179 -1.0 -1.0 16.0 21.0 16.0
180 -1.0 -1.0 14.0 393.0 65.0
181 -1.0 -1.0 6.0 141.0 86.0
182 -1.0 -1.0 8.0 394.0 24.0
183 -1.0 -1.0 13.0 55.0 18.0
184 -1.0 -1.0 16.0 239.0 34.0
185 -1.0 -1.0 20.0 303.0 17.0
186 -1.0 -1.0 14.0 129.0 16.0
187 -1.0 -1.0 5.0 140.0 92.0
188 -1.0 -1.0 9.0 149.0 24.0
189 -1.0 -1.0 16.0 107.0 51.0
190 -1.0 -1.0 4.0 261.0 79.0
191 -1.0 -1.0 9.0 50.0 70.0
192 -1.0 -1.0 6.0 285.0 94.0
193 -1.0 -1.0 5.0 155.0 37.0
194 -1.0 -1.0 4.0 350.0 75.0
195 -1.0 -1.0 5.0 26.0 77.0
196 -1.0 -1.0 13.0 155.0 19.0
197 -1.0 -1.0 8.0 150.0 40.0
198 -1.0 -1.0 17.0 198.0 85.0
199 -1.0 -1.0 16.0 132.0 24.0
200 -1.0 -1.0 18.0 251.0 74.0
201 -1.0 -1.0 18.0 243.0 61.0
202 -1.0 -1.0 19.0 338.0 100.0
203 -1.0 -1.0 4.0 278.0 77.0
204 -1.0 -1.0 4.0 310.0 19.0
205 -1.0 -1.0 18.0 297.0 61.0
206 -1.0 -1.0 12.0 364.0 91.0
207 -1.0 -1.0 12.0 118.0 96.0
208 -1.0 -1.0 8.0 160.0 65.0
209 -1.0 -1.0 20.0 71.0 76.0
210 -1.0 -1.0 10.0 124.0 98.0
211 -1.0 -1.0 10.0 301.0 31.0
212 -1.0 -1.0 9.0 72.0 35.0
213 -1.0 -1.0 19.0 380.0 80.0
214 -1.0 -1.0 5.0 188.0 64.0
215 -1.0 -1.0 7.0 207.0 82.0
216 -1.0 -1.0 14.0 34.0 84.0
217 -1.0 -1.0 12.0 309.0 55.0
218 -1.0 -1.0 6.0 68.0 55.0
219 -1.0 -1.0 9.0 290.0 96.0
220 -1.0 -1.0 14.0 285.0 94.0
221 -1.0 -1.0 10.0 229.0 59.0
222 -1.0 -1.0 15.0 176.0 92.0
223 -1.0 -1.0 15.0 203.0 93.0
224 -1.0 -1.0 11.0 389.0 64.0
225 -1.0 -1.0 16.0 333.0 94.0
226 -1.0 -1.0 17.0 90.0 88.0
227 -1.0 -1.0 4.0 282.0 45.0
228 -1.0 -1.0 10.0 200.0 43.0
229 -1.0 -1.0 8.0 49.0 39.0
230 -1.0 -1.0 6.0 144.0 32.0
231 -1.0 -1.0 5.0 359.0 68.0
232 -1.0 -1.0 19.0 350.0 76.0
233 -1.0 -1.0 16.0 29.0 20.0
234 -1.0 -1.0 13.0 311.0 88.0
235 -1.0 -1.0 4.0 173.0 74.0
236 -1.0 -1.0 18.0 290.0 81.0
237 -1.0 -1.0 4.0 154.0 65.0
238 -1.0 -1.0 13.0 267.0 78.0
239 -1.0 -1.0 14.0 220.0 40.0
240 -1.0 -1.0 6.0 75.0 47.0
241 -1.0 -1.0 18.0 286.0 64.0
242 -1.0 -1.0 10.0 252.0 97.0
243 -1.0 -1.0 5.0 216.0 93.0
244 -1.0 -1.0 14.0 340.0 37.0
245 -1.0 -1.0 4.0 230.0 77.0
246 -1.0 -1.0 13.0 59.0 30.0
247 -1.0 -1.0 13.0 329.0 27.0
248 -1.0 -1.0 7.0 16.0 89.0
249 -1.0 -1.0 15.0 215.0 69.0
250 -1.0 -1.0 5.0 355.0 26.0
251 -1.0 -1.0 7.0 311.0 73.0
252 -1.0 -1.0 13.0 120.0 56.0
253 -1.0 -1.0 18.0 314.0 35.0
254 -1.0 -1.0 7.0 118.0 25.0
255 -1.0 -1.0 5.0 219.0 29.0
256 -1.0 -1.0 5.0 225.0 23.0
257 -1.0 -1.0 9.0 369.0 18.0
258 -1.0 -1.0 10.0 59.0 56.0
259 -1.0 -1.0 15.0 284.0 50.0
260 -1.0 -1.0 5.0 395.0 32.0
261 -1.0 -1.0 17.0 73.0 45.0
262 -1.0 -1.0 17.0 334.0 76.0
263 -1.0 -1.0 4.0 237.0 23.0
264 -1.0 -1.0 8.0 89.0 43.0
265 -1.0 -1.0 4.0 301.0 97.0
266 -1.0 -1.0 18.0 126.0 31.0
267 -1.0 -1.0 15.0 93.0 35.0
268 -1.0 -1.0 8.0 371.0 71.0
269 -1.0 -1.0 16.0 228.0 55.0
270 -1.0 -1.0 18.0 398.0 82.0
271 -1.0 -1.0 12.0 132.0 56.0
272 -1.0 -1.0 12.0 213.0 26.0
273 -1.0 -1.0 5.0 213.0 22.0
274 -1.0 -1.0 6.0 165.0 15.0
275 -1.0 -1.0 20.0 367.0 79.0
276 -1.0 -1.0 12.0 58.0 84.0
277 -1.0 -1.0 20.0 340.0 19.0
278 -1.0 -1.0 15.0 341.0 87.0
279 -1.0 -1.0 9.0 295.0 63.0
280 -1.0 -1.0 18.0 366.0 63.0
281 -1.0 -1.0 15.0 300.0 57.0
282 -1.0 -1.0 6.0 251.0 16.0
283 -1.0 -1.0 8.0 159.0 17.0
284 -1.0 -1.0 18.0 91.0 69.0
285 -1.0 -1.0 13.0 59.0 68.0
286 -1.0 -1.0 16.0 189.0 92.0
287 -1.0 -1.0 10.0 161.0 61.0
288 -1.0 -1.0 11.0 124.0 78.0
289 -1.0 -1.0 13.0 86.0 83.0
290 -1.0 -1.0 4.0 252.0 86.0
291 -1.0 -1.0 9.0 320.0 20.0
292 -1.0 -1.0 10.0 123.0 23.0
293 -1.0 -1.0 11.0 151.0 86.0
294 -1.0 -1.0 9.0 198.0 33.0
295 -1.0 -1.0 16.0 60.0 31.0
296 -1.0 -1.0 12.0 261.0 94.0
297 -1.0 -1.0 16.0 321.0 31.0
298 -1.0 -1.0 9.0 114.0 18.0
299 -1.0 -1.0 5.0 64.0 43.0
300 -1.0 -1.0 13.0 189.0 70.0
301 -1.0 -1.0 18.0 349.0 37.0
302 -1.0 -1.0 11.0 43.0 78.0
303 -1.0 -1.0 20.0 327.0 92.0
304 -1.0 -1.0 6.0 62.0 35.0
305 -1.0 -1.0 6.0 223.0 63.0
306 -1.0 -1.0 20.0 30.0 60.0
307 -1.0 -1.0 9.0 101.0 47.0
308 -1.0 -1.0 17.0 348.0 20.0
309 -1.0 -1.0 20.0 335.0 51.0
310 -1.0 -1.0 5.0 72.0 87.0
311 -1.0 -1.0 6.0 384.0 15.0
312 -1.0 -1.0 17.0 107.0 30.0
313 -1.0 -1.0 18.0 392.0 84.0
314 -1.0 -1.0 16.0 205.0 30.0
315 -1.0 -1.0 12.0 319.0 83.0
316 -1.0 -1.0 8.0 294.0 44.0
317 -1.0 -1.0 19.0 73.0 96.0
318 -1.0 -1.0 10.0 137.0 66.0
319 -1.0 -1.0 11.0 382.0 88.0
320 -1.0 -1.0 12.0 213.0 24.0
321 -1.0 -1.0 7.0 251.0 59.0
322 -1.0 -1.0 11.0 363.0 31.0
323 -1.0 -1.0 19.0 203.0 57.0
324 -1.0 -1.0 5.0 323.0 89.0
325 -1.0 -1.0 12.0 142.0 28.0
326 -1.0 -1.0 18.0 24.0 54.0
327 -1.0 -1.0 19.0 59.0 15.0
328 -1.0 -1.0 9.0 240.0 73.0
329 -1.0 -1.0 11.0 116.0 56.0
330 -1.0 -1.0 6.0 306.0 57.0
331 -1.0 -1.0 13.0 166.0 54.0
332 -1.0 -1.0 20.0 283.0 88.0
333 -1.0 -1.0 19.0 334.0 57.0
334 -1.0 -1.0 7.0 154.0 47.0
335 -1.0 -1.0 16.0 291.0 66.0
336 -1.0 -1.0 13.0 196.0 42.0
337 -1.0 -1.0 8.0 228.0 19.0
338 -1.0 -1.0 18.0 134.0 69.0
339 -1.0 -1.0 18.0 57.0 27.0
340 -1.0 -1.0 5.0 61.0 91.0
341 -1.0 -1.0 18.0 139.0 84.0
342 -1.0 -1.0 4.0 146.0 49.0
343 -1.0 -1.0 6.0 221.0 69.0
344 -1.0 -1.0 20.0 287.0 99.0
345 -1.0 -1.0 12.0 180.0 33.0
346 -1.0 -1.0 19.0 129.0 76.0
347 -1.0 -1.0 20.0 387.0 88.0
348 -1.0 -1.0 20.0 274.0 37.0
349 -1.0 -1.0 6.0 40.0 44.0
350 -1.0 -1.0 13.0 136.0 96.0
351 -1.0 -1.0 12.0 91.0 46.0
352 -1.0 -1.0 13.0 169.0 51.0
353 -1.0 -1.0 13.0 140.0 53.0
354 -1.0 -1.0 13.0 317.0 56.0
355 -1.0 -1.0 6.0 267.0 74.0
356 -1.0 -1.0 4.0 174.0 62.0
357 -1.0 -1.0 4.0 315.0 91.0
358 -1.0 -1.0 8.0 17.0 53.0
359 -1.0 -1.0 6.0 342.0 18.0
360 -1.0 -1.0 18.0 21.0 40.0
361 -1.0 -1.0 8.0 249.0 94.0
362 -1.0 -1.0 12.0 381.0 35.0
363 -1.0 -1.0 8.0 54.0 69.0
364 -1.0 -1.0 7.0 251.0 33.0
365 -1.0 -1.0 12.0 112.0 82.0
366 -1.0 -1.0 16.0 287.0 44.0
367 -1.0 -1.0 15.0 342.0 37.0
368 -1.0 -1.0 6.0 270.0 22.0
369 -1.0 -1.0 16.0 214.0 54.0
370 -1.0 -1.0 11.0 385.0 99.0
371 -1.0 -1.0 10.0 112.0 65.0
372 -1.0 -1.0 20.0 274.0 44.0
373 -1.0 -1.0 19.0 83.0 99.0
374 -1.0 -1.0 12.0 111.0 67.0
375 -1.0 -1.0 5.0 120.0 32.0
376 -1.0 -1.0 14.0 377.0 55.0
377 -1.0 -1.0 9.0 114.0 64.0
378 -1.0 -1.0 4.0 282.0 82.0
379 -1.0 -1.0 7.0 130.0 46.0
380 -1.0 -1.0 14.0 355.0 89.0
381 -1.0 -1.0 10.0 321.0 39.0
382 -1.0 -1.0 18.0 332.0 50.0
383 -1.0 -1.0 14.0 38.0 33.0
384 -1.0 -1.0 20.0 224.0 73.0
385 -1.0 -1.0 8.0 152.0 41.0
386 -1.0 -1.0 4.0 149.0 84.0
387 -1.0 -1.0 6.0 140.0 75.0
388 -1.0 -1.0 11.0 33.0 69.0
389 -1.0 -1.0 18.0 391.0 55.0
390 -1.0 -1.0 13.0 331.0 72.0
391 -1.0 -1.0 6.0 128.0 85.0
392 -1.0 -1.0 19.0 237.0 45.0
393 -1.0 -1.0 9.0 211.0 24.0
394 -1.0 -1.0 19.0 258.0 69.0
395 -1.0 -1.0 7.0 210.0 70.0
396 -1.0 -1.0 9.0 144.0 77.0
397 -1.0 -1.0 19.0 102.0 72.0
398 -1.0 -1.0 10.0 236.0 66.0
399 -1.0 -1.0 7.0 199.0 43.0
400 -1.0 -1.0 10.0 334.0 43.0
401 -1.0 -1.0 11.0 201.0 58.0
402 -1.0 -1.0 20.0 111.0 81.0
403 -1.0 -1.0 17.0 223.0 53.0
404 -1.0 -1.0 12.0 35.0 87.0
405 -1.0 -1.0 19.0 49.0 38.0
406 -1.0 -1.0 10.0 223.0 24.0
407 -1.0 -1.0 14.0 32.0 84.0
408 -1.0 -1.0 14.0 237.0 59.0
409 -1.0 -1.0 13.0 331.0 43.0
410 -1.0 -1.0 20.0 297.0 57.0
411 -1.0 -1.0 5.0 114.0 55.0
412 -1.0 -1.0 6.0 188.0 48.0
413 -1.0 -1.0 15.0 152.0 38.0
414 -1.0 -1.0 4.0 316.0 35.0
415 -1.0 -1.0 4.0 115.0 90.0
416 -1.0 -1.0 7.0 315.0 81.0
417 -1.0 -1.0 10.0 323.0 60.0
418 -1.0 -1.0 18.0 400.0 27.0
419 -1.0 -1.0 12.0 44.0 87.0
420 -1.0 -1.0 18.0 291.0 20.0
421 -1.0 -1.0 17.0 246.0 67.0
422 -1.0 -1.0 20.0 22.0 72.0
423 -1.0 -1.0 8.0 183.0 53.0
424 -1.0 -1.0 17.0 286.0 39.0
425 -1.0 -1.0 6.0 234.0 19.0
426 -1.0 -1.0 5.0 211.0 49.0
427 -1.0 -1.0 7.0 73.0 70.0
428 -1.0 -1.0 12.0 207.0 29.0
429 -1.0 -1.0 4.0 320.0 98.0
430 -1.0 -1.0 19.0 91.0 27.0
431 -1.0 -1.0 18.0 111.0 75.0
432 -1.0 -1.0 19.0 166.0 94.0
433 -1.0 -1.0 10.0 146.0 18.0
434 -1.0 -1.0 11.0 291.0 23.0
435 -1.0 -1.0 10.0 317.0 68.0
436 -1.0 -1.0 13.0 270.0 69.0
437 -1.0 -1.0 11.0 375.0 77.0
438 -1.0 -1.0 18.0 185.0 86.0
439 -1.0 -1.0 14.0 283.0 98.0
440 -1.0 -1.0 17.0 353.0 76.0
441 -1.0 -1.0 7.0 250.0 33.0
442 -1.0 -1.0 17.0 364.0 45.0
443 -1.0 -1.0 20.0 212.0 57.0
444 -1.0 -1.0 11.0 339.0 46.0
445 -1.0 -1.0 16.0 278.0 93.0
446 -1.0 -1.0 13.0 75.0 31.0
447 -1.0 -1.0 10.0 332.0 38.0
448 -1.0 -1.0 8.0 132.0 18.0
449 -1.0 -1.0 20.0 204.0 61.0
450 -1.0 -1.0 16.0 359.0 25.0
451 -1.0 -1.0 18.0 399.0 17.0
452 -1.0 -1.0 16.0 389.0 54.0
453 -1.0 -1.0 13.0 46.0 80.0
454 -1.0 -1.0 9.0 216.0 27.0
455 -1.0 -1.0 13.0 376.0 79.0
456 -1.0 -1.0 20.0 167.0 99.0
457 -1.0 -1.0 19.0 298.0 73.0
458 -1.0 -1.0 5.0 336.0 27.0
459 -1.0 -1.0 11.0 265.0 42.0
460 -1.0 -1.0 9.0 89.0 22.0
461 -1.0 -1.0 5.0 190.0 35.0
462 -1.0 -1.0 4.0 274.0 65.0
463 -1.0 -1.0 4.0 185.0 77.0
464 -1.0 -1.0 15.0 317.0 58.0
465 -1.0 -1.0 4.0 336.0 30.0
466 -1.0 -1.0 7.0 314.0 96.0
467 -1.0 -1.0 9.0 49.0 53.0
468 -1.0 -1.0 6.0 102.0 25.0
469 -1.0 -1.0 16.0 91.0 29.0
470 -1.0 -1.0 5.0 363.0 26.0
471 -1.0 -1.0 16.0 373.0 83.0
472 -1.0 -1.0 16.0 398.0 71.0
473 -1.0 -1.0 8.0 319.0 78.0
474 -1.0 -1.0 18.0 279.0 52.0
475 -1.0 -1.0 8.0 350.0 47.0
476 -1.0 -1.0 8.0 72.0 78.0
477 -1.0 -1.0 18.0 21.0 52.0
478 -1.0 -1.0 13.0 179.0 88.0
479 -1.0 -1.0 20.0 208.0 71.0
480 -1.0 -1.0 20.0 313.0 55.0
481 -1.0 -1.0 18.0 54.0 75.0
482 -1.0 -1.0 15.0 249.0 34.0
483 -1.0 -1.0 8.0 65.0 76.0
484 -1.0 -1.0 15.0 260.0 91.0
485 -1.0 -1.0 19.0 359.0 22.0
633
0 17 5
0 1 6
1 18 12
1 2 7
2 19 11
3 23 10
4 24 9
4 5 9
6 26 9
6 7 8
7 27 10
8 29 5
8 9 10
9 30 9
9 10 7
10 31 5
11 12 7
12 32 7
12 13 11
13 14 8
14 33 12
14 15 12
15 34 11
16 36 6
17 18 11
18 19 7
19 20 11
20 38 8
20 21 6
21 39 10
21 22 7
22 23 12
24 40 11
25 26 7
26 27 10
27 42 10
27 28 7
28 43 5
28 29 7
29 44 12
29 30 8
30 45 5
30 31 9
33 48 8
33 34 11
34 49 10
34 35 6
35 50 8
35 36 11
36 51 9
37 52 9
38 54 12
38 39 5
39 55 9
40 59 9
40 41 5
42 43 12
43 44 12
44 45 11
45 61 5
46 63 12
47 65 10
47 48 5
48 49 7
49 66 12
49 50 8
50 67 5
50 51 7
52 68 10
52 53 7
54 55 5
55 70 5
55 56 7
56 57 7
58 72 8
58 59 6
59 73 10
60 76 7
61 80 5
62 82 11
62 63 11
63 83 12
63 64 12
64 65 11
65 84 5
66 85 6
66 67 9
67 86 5
68 88 6
69 90 10
70 93 10
71 72 9
72 96 7
72 73 10
73 74 10
74 97 8
74 75 8
75 98 5
75 76 6
76 77 8
77 99 12
77 78 8
78 100 8
78 79 6
79 80 12
80 101 11
80 81 9
81 102 10
81 82 9
82 103 10
82 83 6
83 104 7
84 105 12
85 106 8
85 86 11
86 107 5
86 87 9
87 108 12
88 89 12
89 109 10
89 90 10
90 91 6
91 110 10
91 92 10
92 111 5
92 93 7
93 112 10
93 94 6
94 95 12
95 113 6
96 115 8
97 117 7
97 98 5
98 118 10
99 119 11
99 100 6
100 120 11
101 102 10
102 121 8
102 103 10
103 122 8
103 104 8
104 123 12
105 124 11
106 107 12
107 108 12
110 111 5
111 126 7
111 112 10
112 127 9
113 128 5
113 114 8
114 129 10
114 115 9
115 130 10
115 116 6
116 131 10
116 117 9
117 118 5
118 132 7
119 120 8
121 134 5
121 122 5
122 123 9
124 135 8
124 125 6
126 139 11
126 127 7
127 140 5
128 142 7
128 129 8
129 143 12
129 130 9
130 144 12
130 131 11
131 145 10
132 147 5
133 134 5
136 152 11
136 137 10
138 154 8
139 155 10
139 140 10
140 156 7
140 141 5
141 157 9
141 142 7
142 158 11
142 143 10
143 159 11
143 144 11
144 160 7
144 145 9
145 146 6
146 161 5
146 147 8
148 165 5
149 166 11
150 169 5
150 151 9
151 152 12
152 170 8
153 171 8
153 154 11
154 172 5
155 175 8
155 156 6
156 176 5
156 157 8
157 158 10
158 177 12
158 159 10
159 160 6
161 179 10
162 181 8
162 163 11
163 182 5
163 164 12
164 183 7
164 165 9
166 185 9
166 167 7
167 168 10
168 186 8
168 169 9
169 187 11
171 190 9
171 172 8
172 173 8
173 191 8
173 174 7
174 192 8
174 175 9
175 193 8
175 176 12
176 194 9
177 196 11
178 199 10
178 179 9
179 200 7
179 180 5
180 201 6
180 181 12
181 202 12
181 182 10
182 203 8
182 183 12
184 205 7
184 185 9
185 206 9
186 207 5
186 187 6
187 188 10
189 208 6
191 192 9
192 210 8
192 193 6
193 211 12
193 194 7
194 212 12
194 195 7
195 213 10
195 196 5
196 214 12
196 197 8
197 215 9
197 198 10
198 216 12
198 199 7
199 200 5
200 217 9
200 201 5
201 202 10
202 203 5
203 218 10
204 221 10
205 206 11
206 222 9
207 224 5
208 228 8
209 230 12
210 231 6
210 211 12
211 212 7
212 213 6
213 232 5
213 214 6
214 215 6
215 216 6
216 233 11
217 235 10
218 237 11
218 219 6
219 220 11
220 221 12
221 238 9
222 223 5
223 240 5
223 224 9
224 241 11
224 225 10
225 226 7
226 242 5
226 227 11
227 243 12
227 228 12
229 244 6
229 230 10
231 245 5
233 234 9
234 250 7
234 235 11
235 251 7
235 236 5
236 252 11
237 254 6
238 257 9
238 239 9
240 260 10
240 241 11
241 261 11
242 263 7
242 243 6
243 264 6
244 265 10
245 268 7
245 246 9
246 269 8
246 247 11
247 270 8
248 272 12
248 249 5
250 251 8
251 252 10
252 274 10
252 253 9
253 254 12
254 275 10
254 255 7
255 256 5
256 257 12
257 276 8
258 278 10
258 259 6
259 279 9
259 260 9
260 280 5
260 261 5
261 281 8
261 262 12
262 282 12
262 263 6
263 264 7
264 283 9
265 285 6
265 266 5
266 286 12
266 267 8
267 287 8
267 268 9
268 288 7
268 269 11
269 289 9
269 270 5
270 271 11
271 290 7
271 272 7
272 291 5
273 293 7
275 296 5
276 277 11
277 299 10
277 278 7
278 300 11
278 279 5
279 301 8
279 280 10
280 302 8
280 281 11
281 303 11
281 282 8
283 304 11
283 284 11
285 286 11
286 305 9
286 287 5
287 306 8
287 288 9
288 307 11
288 289 10
290 309 11
290 291 8
291 310 10
291 292 10
292 311 12
292 293 6
293 312 12
293 294 9
295 296 8
296 297 6
297 315 7
297 298 6
299 317 9
299 300 12
300 318 8
300 301 7
301 319 6
301 302 12
302 303 12
303 320 12
304 321 6
305 306 7
306 324 6
306 307 7
307 325 12
308 327 11
308 309 9
309 328 7
309 310 9
310 329 10
310 311 6
311 330 11
311 312 9
312 331 11
313 333 8
313 314 11
314 334 5
315 337 9
316 338 9
316 317 9
317 318 7
318 339 6
318 319 6
320 341 11
321 344 5
321 322 10
323 345 7
324 325 6
325 326 12
326 346 10
326 327 8
327 347 5
327 328 7
328 348 8
328 329 12
329 349 5
329 330 7
330 331 9
331 332 9
332 350 6
332 333 12
333 351 11
333 334 8
334 352 11
334 335 5
335 336 12
336 353 10
336 337 9
338 354 11
340 356 7
340 341 10
341 357 10
341 342 10
342 358 8
342 343 6
343 359 12
343 344 12
344 360 6
345 362 5
346 347 12
347 348 10
348 365 11
348 349 12
349 366 5
350 351 11
351 368 11
351 352 12
353 370 11
354 372 9
354 355 9
356 374 12
356 357 11
357 375 5
357 358 7
358 376 8
358 359 7
359 377 9
359 360 11
360 378 10
360 361 10
362 379 5
363 364 12
364 380 11
365 366 6
366 383 10
366 367 12
367 384 10
369 387 10
369 370 10
370 388 9
370 371 5
371 389 9
372 390 10
373 393 10
373 374 7
374 394 10
374 375 12
375 395 5
375 376 6
376 396 5
376 377 5
377 378 7
378 397 8
379 399 9
380 402 8
380 381 12
381 382 6
383 404 12
383 384 7
384 405 11
384 385 11
385 406 8
386 387 10
387 388 9
388 409 9
388 389 11
390 411 5
390 391 10
391 392 9
392 412 10
392 393 8
393 394 9
394 413 10
394 395 6
395 396 5
396 414 5
397 415 11
397 398 11
399 400 12
400 416 11
400 401 7
401 402 11
402 417 12
403 420 6
403 404 8
404 421 6
404 405 7
405 406 8
406 422 11
406 407 10
407 423 7
407 408 12
409 426 9
410 427 8
410 411 9
412 428 5
414 430 8
415 432 6
416 435 7
417 418 5
418 436 11
418 419 9
419 420 5
420 437 6
420 421 9
422 439 11
422 423 7
423 440 8
424 442 7
424 425 10
425 443 5
425 426 11
426 444 6
427 446 11
428 429 12
429 449 10
430 452 12
430 431 12
431 432 8
432 433 10
433 453 5
434 435 12
435 454 6
437 457 11
438 439 9
439 440 10
440 459 12
440 441 11
441 460 10
441 442 8
442 443 6
443 461 9
443 444 12
444 445 9
445 446 6
446 462 10
446 447 7
447 448 5
448 463 5
449 450 6
450 451 5
451 464 11
451 452 7
452 465 7
453 466 12
454 468 9
454 455 5
455 469 8
455 456 9
456 470 8
457 472 12
457 458 7
458 473 12
459 475 7
459 460 7
461 476 8
463 480 12
464 482 6
464 465 8
465 483 10
467 468 6
468 469 12
469 470 10
470 471 8
472 473 5
474 475 6
476 477 6
477 478 8
479 480 6
480 481 7
482 483 7
483 484 7
484 485 9
10 0.05 0.05 0.05
0 6 6 6 6 6 2 2 7 7 7 2 2 2 2 2 2 6 6 6 6 6 6 6 6 7 7 7 7 7 7 7 2 2 2 2 2 9 6 6 6 6 7 7 7 7 2 2 2 2 2 2 9 9 6 6 6 6 6 6 2 7 7 2 2 2 2 2 9 9 6 6 6 2 6 2 2 2 7 7 7 7 7 7 2 2 2 2 9 9 9 9 7 9 7 6 6 2 6 7 2 7 7 7 7 2 2 2 2 6 9 9 6 6 6 6 6 2 2 7 7 7 7 7 2 2 9 9 6 9 6 6 6 7 7 2 4 4 9 9 9 9 6 9 7 0 0 0 0 4 4 4 4 9 9 9 9 9 9 9 9 0 7 7 0 0 4 4 4 4 4 9 9 9 9 9 6 9 6 6 6 6 7 0 4 4 4 4 4 4 9 9 8 9 9 9 9 0 6 7 6 7 7 7 0 4 0 0 4 8 8 8 8 9 9 0 0 7 0 0 0 0 4 0 4 4 4 4 4 8 8 8 9 0 0 0 7 0 0 0 4 4 4 4 9 8 8 9 8 8 0 0 0 0 0 0 0 0 4 4 4 4 0 4 4 8 9 8 8 9 8 8 9 8 0 0 0 4 0 4 4 4 4 3 3 8 8 9 8 8 8 8 8 8 8 0 0 0 0 4 4 4 4 0 3 8 8 8 8 8 8 8 8 8 5 0 4 0 4 4 3 3 3 1 8 8 8 8 8 5 8 5 1 8 5 8 5 0 0 4 3 3 3 3 3 1 8 1 8 5 5 5 5 5 5 4 3 3 4 3 3 4 1 1 1 5 5 8 8 5 5 5 5 3 3 3 3 3 3 1 1 1 1 5 1 8 5 5 0 5 3 5 3 3 3 3 3 3 3 1 1 1 1 8 1 1 8 1 5 5 5 5 3 3 3 3 1 1 1 1 1 1 1 5 5 5 5 5 3 3 3 3 3 3 1 1 1 1 1 1 1 5 5 5 5 5 3 5 5 3 3 3 3 3 1 1 1 1 1 5 5 5 5 5 3 3 3 1 1 1 1 1 1 1 5 5 5 5 5 5 5 5 3 3 3 3
8 8 9 9 9 2 3 2 3 2 2 3 3 3 3 3 3 9 8 8 9 9 8 8 2 3 3 3 2 2 3 3 2 2 3 3 3 9 8 9 3 2 3 2 2 3 2 2 2 3 3 2 9 8 9 8 8 8 3 9 3 3 3 2 3 2 3 2 9 9 9 2 8 2 3 3 2 2 3 2 2 3 3 2 3 2 2 3 8 9 8 9 9 8 9 9 9 2 5 2 3 2 3 2 2 2 3 3 3 9 5 9 8 9 5 2 2 5 2 5 3 3 3 3 3 3 9 8 5 9 2 2 5 3 3 3 4 7 8 9 9 5 9 8 9 2 5 3 5 7 4 4 7 8 9 8 8 8 8 8 5 8 2 5 9 8 4 7 7 7 7 8 8 9 9 8 9 8 8 8 5 5 9 5 4 0 7 0 7 7 8 8 5 9 9 8 9 8 9 9 2 2 5 2 0 4 7 0 7 8 8 8 8 9 8 5 8 5 5 5 0 7 7 7 7 7 4 7 7 8 9 5 8 5 9 5 5 5 4 7 7 7 4 4 5 1 8 1 1 5 5 2 5 8 5 5 7 4 7 7 7 0 7 7 7 6 1 5 8 9 1 9 8 1 9 5 7 7 7 4 7 7 7 7 7 1 1 6 6 6 8 5 1 1 6 5 6 5 7 7 7 7 7 4 4 9 5 8 6 1 1 1 6 5 5 5 4 7 4 7 4 4 4 6 6 9 9 8 6 6 6 6 6 5 6 5 5 5 0 4 7 4 4 4 4 6 6 6 6 1 6 6 5 0 4 0 0 7 4 4 0 0 1 6 6 1 1 1 6 0 0 0 0 4 0 7 0 4 4 1 6 6 1 6 1 6 0 0 0 5 0 4 0 4 0 4 4 4 7 6 6 6 6 1 6 6 6 6 6 0 0 0 0 4 0 7 1 1 1 1 6 1 1 1 0 1 1 0 4 0 7 4 4 7 6 6 6 6 1 1 1 1 0 0 4 0 0 0 4 0 0 4 0 0 1 1 1 6 6 6 6 6 0 0 0 4 4 6 6 1 1 1 1 1 6 1 1 1 1 0 0 0 4 4 4 4 
