726
0 -1.0 -1.0 11.0 346.0 92.0
1 -1.0 -1.0 15.0 15.0 71.0
2 -1.0 -1.0 7.0 99.0 96.0
3 -1.0 -1.0 13.0 228.0 71.0
4 -1.0 -1.0 14.0 250.0 22.0
5 -1.0 -1.0 12.0 155.0 16.0
6 -1.0 -1.0 19.0 242.0 19.0
7 -1.0 -1.0 20.0 221.0 81.0
8 -1.0 -1.0 4.0 185.0 23.0
9 -1.0 -1.0 8.0 204.0 62.0
10 -1.0 -1.0 11.0 55.0 84.0
11 -1.0 -1.0 10.0 224.0 27.0
12 -1.0 -1.0 17.0 344.0 44.0
13 -1.0 -1.0 15.0 232.0 88.0
14 -1.0 -1.0 8.0 231.0 87.0
15 -1.0 -1.0 10.0 119.0 19.0
16 -1.0 -1.0 12.0 131.0 23.0
17 -1.0 -1.0 17.0 384.0 84.0
18 -1.0 -1.0 8.0 186.0 23.0
19 -1.0 -1.0 11.0 98.0 44.0
20 -1.0 -1.0 10.0 132.0 81.0
21 -1.0 -1.0 6.0 172.0 31.0
22 -1.0 -1.0 17.0 239.0 28.0
23 -1.0 -1.0 19.0 290.0 68.0
24 -1.0 -1.0 16.0 205.0 40.0
25 -1.0 -1.0 19.0 44.0 43.0
26 -1.0 -1.0 18.0 269.0 50.0
27 -1.0 -1.0 16.0 82.0 43.0
28 -1.0 -1.0 7.0 267.0 94.0
29 -1.0 -1.0 17.0 233.0 58.0
30 -1.0 -1.0 13.0 200.0 78.0
31 -1.0 -1.0 14.0 50.0 74.0
32 -1.0 -1.0 5.0 385.0 87.0
33 -1.0 -1.0 10.0 209.0 61.0
34 -1.0 -1.0 14.0 126.0 41.0
35 -1.0 -1.0 11.0 102.0 89.0
36 -1.0 -1.0 16.0 356.0 48.0
37 -1.0 -1.0 4.0 137.0 32.0
38 -1.0 -1.0 20.0 109.0 93.0
39 -1.0 -1.0 5.0 327.0 70.0
40 -1.0 -1.0 5.0 278.0 58.0
41 -1.0 -1.0 9.0 41.0 69.0
42 -1.0 -1.0 6.0 240.0 87.0
43 -1.0 -1.0 16.0 193.0 18.0
44 -1.0 -1.0 20.0 70.0 93.0
45 -1.0 -1.0 10.0 300.0 89.0
46 -1.0 -1.0 7.0 279.0 19.0
47 -1.0 -1.0 4.0 177.0 70.0
48 -1.0 -1.0 12.0 229.0 66.0
49 -1.0 -1.0 17.0 150.0 91.0
50 -1.0 -1.0 14.0 117.0 52.0
51 -1.0 -1.0 14.0 29.0 76.0
52 -1.0 -1.0 16.0 254.0 49.0
53 -1.0 -1.0 15.0 278.0 97.0
54 -1.0 -1.0 7.0 172.0 99.0
55 -1.0 -1.0 4.0 246.0 73.0
56 -1.0 -1.0 8.0 60.0 48.0
57 -1.0 -1.0 5.0 215.0 49.0
58 -1.0 -1.0 11.0 269.0 41.0
59 -1.0 -1.0 4.0 36.0 66.0
60 -1.0 -1.0 4.0 303.0 80.0
61 -1.0 -1.0 19.0 186.0 63.0
62 -1.0 -1.0 18.0 153.0 60.0
63 -1.0 -1.0 5.0 333.0 88.0
64 -1.0 -1.0 20.0 356.0 76.0
65 -1.0 -1.0 11.0 139.0 60.0
66 -1.0 -1.0 9.0 112.0 62.0
67 -1.0 -1.0 9.0 319.0 25.0
68 -1.0 -1.0 16.0 301.0 68.0
69 -1.0 -1.0 6.0 390.0 87.0
70 -1.0 -1.0 15.0 141.0 40.0
71 -1.0 -1.0 8.0 54.0 76.0
72 -1.0 -1.0 6.0 255.0 47.0
73 -1.0 -1.0 10.0 107.0 21.0
74 -1.0 -1.0 20.0 53.0 77.0
75 -1.0 -1.0 10.0 59.0 88.0
76 -1.0 -1.0 8.0 202.0 35.0
77 -1.0 -1.0 19.0 400.0 47.0
78 -1.0 -1.0 5.0 197.0 19.0
79 -1.0 -1.0 8.0 338.0 17.0
80 -1.0 -1.0 13.0 52.0 64.0
81 -1.0 -1.0 12.0 310.0 40.0
82 -1.0 -1.0 13.0 116.0 74.0
83 -1.0 -1.0 8.0 274.0 98.0
84 -1.0 -1.0 18.0 86.0 24.0
85 -1.0 -1.0 18.0 325.0 57.0
86 -1.0 -1.0 11.0 71.0 49.0
87 -1.0 -1.0 10.0 214.0 26.0
88 -1.0 -1.0 16.0 269.0 99.0
89 -1.0 -1.0 8.0 308.0 21.0
90 -1.0 -1.0 20.0 386.0 45.0
91 -1.0 -1.0 14.0 241.0 93.0
92 -1.0 -1.0 15.0 18.0 24.0
93 -1.0 -1.0 10.0 216.0 99.0
94 -1.0 -1.0 5.0 39.0 99.0
95 -1.0 -1.0 14.0 120.0 90.0
96 -1.0 -1.0 8.0 106.0 36.0
97 -1.0 -1.0 15.0 279.0 45.0
98 -1.0 -1.0 19.0 15.0 21.0
99 -1.0 -1.0 10.0 111.0 59.0
100 -1.0 -1.0 7.0 168.0 24.0
101 -1.0 -1.0 11.0 266.0 21.0
102 -1.0 -1.0 10.0 277.0 60.0
103 -1.0 -1.0 4.0 17.0 57.0
104 -1.0 -1.0 20.0 320.0 17.0
105 -1.0 -1.0 18.0 187.0 74.0
106 -1.0 -1.0 18.0 78.0 43.0
107 -1.0 -1.0 8.0 356.0 38.0
108 -1.0 -1.0 10.0 186.0 71.0
109 -1.0 -1.0 15.0 217.0 83.0
110 -1.0 -1.0 5.0 392.0 82.0
111 -1.0 -1.0 11.0 60.0 45.0
112 -1.0 -1.0 13.0 113.0 16.0
113 -1.0 -1.0 11.0 245.0 60.0
114 -1.0 -1.0 17.0 284.0 69.0
115 -1.0 -1.0 16.0 89.0 93.0
116 -1.0 -1.0 14.0 48.0 76.0
117 -1.0 -1.0 15.0 237.0 57.0
118 -1.0 -1.0 16.0 209.0 73.0
119 -1.0 -1.0 20.0 77.0 26.0
120 -1.0 -1.0 5.0 371.0 18.0
121 -1.0 -1.0 14.0 38.0 47.0
122 -1.0 -1.0 18.0 371.0 24.0
123 -1.0 -1.0 8.0 36.0 30.0
124 -1.0 -1.0 12.0 175.0 42.0
125 -1.0 -1.0 8.0 294.0 74.0
126 -1.0 -1.0 18.0 197.0 22.0
127 -1.0 -1.0 17.0 99.0 41.0
128 -1.0 -1.0 5.0 202.0 44.0
129 -1.0 -1.0 18.0 167.0 36.0
130 -1.0 -1.0 20.0 24.0 73.0
131 -1.0 -1.0 9.0 17.0 46.0
132 -1.0 -1.0 14.0 118.0 25.0
133 -1.0 -1.0 14.0 15.0 27.0
134 -1.0 -1.0 15.0 273.0 76.0
135 -1.0 -1.0 18.0 152.0 45.0
136 -1.0 -1.0 8.0 169.0 73.0
137 -1.0 -1.0 12.0 206.0 88.0
138 -1.0 -1.0 4.0 206.0 26.0
139 -1.0 -1.0 5.0 203.0 33.0
140 -1.0 -1.0 15.0 235.0 43.0
141 -1.0 -1.0 16.0 31.0 17.0
142 -1.0 -1.0 13.0 346.0 30.0
143 -1.0 -1.0 14.0 128.0 36.0
144 -1.0 -1.0 13.0 171.0 66.0
145 -1.0 -1.0 4.0 246.0 95.0
146 -1.0 -1.0 16.0 68.0 53.0
147 -1.0 -1.0 9.0 367.0 29.0
148 -1.0 -1.0 12.0 155.0 32.0
149 -1.0 -1.0 13.0 169.0 63.0
150 -1.0 -1.0 15.0 148.0 28.0
151 -1.0 -1.0 12.0 169.0 67.0
152 -1.0 -1.0 7.0 228.0 28.0
153 -1.0 -1.0 4.0 153.0 89.0
154 -1.0 -1.0 14.0 123.0 57.0
155 -1.0 -1.0 18.0 315.0 42.0
156 -1.0 -1.0 12.0 328.0 70.0
157 -1.0 -1.0 9.0 344.0 62.0
158 -1.0 -1.0 15.0 387.0 79.0
159 -1.0 -1.0 11.0 162.0 34.0
160 -1.0 -1.0 5.0 103.0 37.0
161 -1.0 -1.0 13.0 393.0 75.0
162 -1.0 -1.0 6.0 333.0 80.0
163 -1.0 -1.0 6.0 49.0 100.0
164 -1.0 -1.0 19.0 381.0 67.0
165 -1.0 -1.0 9.0 136.0 61.0
166 -1.0 -1.0 20.0 245.0 100.0
167 -1.0 -1.0 5.0 89.0 18.0
168 -1.0 -1.0 18.0 25.0 24.0
169 -1.0 -1.0 15.0 41.0 65.0
170 -1.0 -1.0 7.0 121.0 84.0
171 -1.0 -1.0 18.0 258.0 78.0
172 -1.0 -1.0 12.0 156.0 100.0
173 -1.0 -1.0 6.0 39.0 43.0
174 -1.0 -1.0 11.0 62.0 32.0
175 -1.0 -1.0 17.0 72.0 62.0
176 -1.0 -1.0 9.0 184.0 37.0
177 -1.0 -1.0 6.0 389.0 17.0
178 -1.0 -1.0 4.0 250.0 20.0
179 -1.0 -1.0 20.0 241.0 72.0
180 -1.0 -1.0 17.0 312.0 70.0
181 -1.0 -1.0 4.0 117.0 44.0
182 -1.0 -1.0 19.0 244.0 59.0
183 -1.0 -1.0 19.0 265.0 56.0
184 -1.0 -1.0 15.0 127.0 17.0
185 -1.0 -1.0 14.0 175.0 82.0
186 -1.0 -1.0 6.0 158.0 34.0
187 -1.0 -1.0 19.0 71.0 65.0
188 -1.0 -1.0 7.0 281.0 15.0
189 -1.0 -1.0 18.0 32.0 58.0
190 -1.0 -1.0 9.0 249.0 29.0
191 -1.0 -1.0 11.0 49.0 85.0
192 -1.0 -1.0 20.0 355.0 63.0
193 -1.0 -1.0 7.0 203.0 97.0
194 -1.0 -1.0 7.0 32.0 73.0
195 -1.0 -1.0 6.0 137.0 71.0
196 -1.0 -1.0 10.0 187.0 50.0
197 -1.0 -1.0 12.0 268.0 99.0
198 -1.0 -1.0 4.0 327.0 58.0
199 -1.0 -1.0 13.0 349.0 70.0
200 -1.0 -1.0 12.0 283.0 32.0
201 -1.0 -1.0 16.0 147.0 99.0
202 -1.0 -1.0 7.0 222.0 79.0
203 -1.0 -1.0 13.0 356.0 30.0
204 -1.0 -1.0 15.0 116.0 16.0
205 -1.0 -1.0 11.0 77.0 89.0
206 -1.0 -1.0 10.0 115.0 46.0
207 -1.0 -1.0 11.0 242.0 88.0
208 -1.0 -1.0 17.0 209.0 67.0
209 -1.0 -1.0 8.0 126.0 80.0
210 -1.0 -1.0 11.0 234.0 28.0
211 -1.0 -1.0 4.0 32.0 97.0
212 -1.0 -1.0 14.0 81.0 71.0
213 -1.0 -1.0 16.0 275.0 66.0
214 -1.0 -1.0 16.0 274.0 41.0
215 -1.0 -1.0 11.0 298.0 70.0
216 -1.0 -1.0 14.0 311.0 42.0
217 -1.0 -1.0 5.0 142.0 87.0
218 -1.0 -1.0 14.0 347.0 50.0
219 -1.0 -1.0 16.0 379.0 25.0
220 -1.0 -1.0 6.0 56.0 53.0
221 -1.0 -1.0 17.0 130.0 49.0
222 -1.0 -1.0 20.0 312.0 42.0
223 -1.0 -1.0 10.0 392.0 79.0
224 -1.0 -1.0 14.0 18.0 86.0
225 -1.0 -1.0 18.0 96.0 32.0
226 -1.0 -1.0 5.0 71.0 76.0
227 -1.0 -1.0 18.0 217.0 40.0
228 -1.0 -1.0 4.0 70.0 66.0
229 -1.0 -1.0 10.0 189.0 80.0
230 -1.0 -1.0 15.0 247.0 96.0
231 -1.0 -1.0 13.0 388.0 100.0
232 -1.0 -1.0 15.0 294.0 35.0
233 -1.0 -1.0 20.0 106.0 69.0
234 -1.0 -1.0 7.0 183.0 40.0
235 -1.0 -1.0 17.0 348.0 29.0
236 -1.0 -1.0 13.0 311.0 34.0
237 -1.0 -1.0 10.0 174.0 90.0
238 -1.0 -1.0 7.0 297.0 97.0
239 -1.0 -1.0 16.0 36.0 42.0
240 -1.0 -1.0 13.0 137.0 42.0
241 -1.0 -1.0 14.0 393.0 74.0
242 -1.0 -1.0 4.0 307.0 21.0
243 -1.0 -1.0 13.0 271.0 68.0
244 -1.0 -1.0 18.0 190.0 99.0
245 -1.0 -1.0 15.0 108.0 74.0
246 -1.0 -1.0 20.0 345.0 59.0
247 -1.0 -1.0 12.0 76.0 56.0
248 -1.0 -1.0 20.0 178.0 16.0
249 -1.0 -1.0 16.0 79.0 22.0
250 -1.0 -1.0 18.0 123.0 53.0
251 -1.0 -1.0 16.0 274.0 43.0
252 -1.0 -1.0 13.0 227.0 24.0
253 -1.0 -1.0 7.0 244.0 46.0
254 -1.0 -1.0 12.0 48.0 58.0
255 -1.0 -1.0 4.0 168.0 26.0
256 -1.0 -1.0 18.0 303.0 25.0
257 -1.0 -1.0 15.0 110.0 45.0
258 -1.0 -1.0 12.0 387.0 64.0
259 -1.0 -1.0 17.0 250.0 25.0
260 -1.0 -1.0 20.0 386.0 38.0
261 -1.0 -1.0 9.0 152.0 21.0
262 -1.0 -1.0 17.0 370.0 21.0
263 -1.0 -1.0 7.0 136.0 41.0
264 -1.0 -1.0 7.0 110.0 30.0
265 -1.0 -1.0 18.0 280.0 58.0
266 -1.0 -1.0 14.0 190.0 88.0
267 -1.0 -1.0 18.0 48.0 65.0
268 -1.0 -1.0 12.0 382.0 31.0
269 -1.0 -1.0 4.0 128.0 70.0
270 -1.0 -1.0 18.0 65.0 52.0
271 -1.0 -1.0 4.0 172.0 16.0
272 -1.0 -1.0 16.0 284.0 57.0
273 -1.0 -1.0 10.0 373.0 67.0
274 -1.0 -1.0 14.0 317.0 92.0
275 -1.0 -1.0 9.0 179.0 57.0
276 -1.0 -1.0 9.0 178.0 20.0
277 -1.0 -1.0 18.0 46.0 27.0
278 -1.0 -1.0 4.0 111.0 38.0
279 -1.0 -1.0 10.0 324.0 63.0
280 -1.0 -1.0 4.0 91.0 39.0
281 -1.0 -1.0 17.0 337.0 43.0
282 -1.0 -1.0 8.0 363.0 39.0
283 -1.0 -1.0 19.0 309.0 62.0
284 -1.0 -1.0 11.0 53.0 84.0
285 -1.0 -1.0 17.0 126.0 29.0
286 -1.0 -1.0 16.0 66.0 37.0
287 -1.0 -1.0 20.0 355.0 81.0
288 -1.0 -1.0 19.0 272.0 45.0
289 -1.0 -1.0 7.0 391.0 49.0
290 -1.0 -1.0 18.0 85.0 63.0
291 -1.0 -1.0 9.0 160.0 99.0
292 -1.0 -1.0 17.0 281.0 80.0
293 -1.0 -1.0 18.0 348.0 32.0
294 -1.0 -1.0 8.0 55.0 44.0
295 -1.0 -1.0 20.0 105.0 24.0
296 -1.0 -1.0 15.0 309.0 24.0
297 -1.0 -1.0 18.0 51.0 24.0
298 -1.0 -1.0 15.0 111.0 70.0
299 -1.0 -1.0 7.0 43.0 100.0
300 -1.0 -1.0 9.0 21.0 20.0
301 -1.0 -1.0 14.0 295.0 74.0
302 -1.0 -1.0 5.0 214.0 35.0
303 -1.0 -1.0 6.0 347.0 45.0
304 -1.0 -1.0 15.0 164.0 80.0
305 -1.0 -1.0 5.0 19.0 26.0
306 -1.0 -1.0 7.0 389.0 84.0
307 -1.0 -1.0 10.0 159.0 83.0
308 -1.0 -1.0 10.0 275.0 80.0
309 -1.0 -1.0 10.0 24.0 89.0
310 -1.0 -1.0 20.0 150.0 76.0
311 -1.0 -1.0 12.0 223.0 77.0
312 -1.0 -1.0 17.0 268.0 78.0
313 -1.0 -1.0 17.0 378.0 22.0
314 -1.0 -1.0 6.0 290.0 78.0
315 -1.0 -1.0 17.0 16.0 45.0
316 -1.0 -1.0 12.0 156.0 78.0
317 -1.0 -1.0 5.0 267.0 39.0
318 -1.0 -1.0 16.0 170.0 18.0
319 -1.0 -1.0 4.0 263.0 84.0
320 -1.0 -1.0 12.0 242.0 97.0
321 -1.0 -1.0 7.0 17.0 80.0
322 -1.0 -1.0 7.0 53.0 60.0
323 -1.0 -1.0 12.0 290.0 24.0
324 -1.0 -1.0 10.0 334.0 54.0
325 -1.0 -1.0 18.0 377.0 79.0
326 -1.0 -1.0 10.0 39.0 48.0
327 -1.0 -1.0 15.0 175.0 62.0
328 -1.0 -1.0 11.0 171.0 49.0
329 -1.0 -1.0 10.0 388.0 91.0
330 -1.0 -1.0 19.0 161.0 88.0
331 -1.0 -1.0 14.0 24.0 57.0
332 -1.0 -1.0 19.0 176.0 80.0
333 -1.0 -1.0 15.0 136.0 21.0
334 -1.0 -1.0 10.0 67.0 28.0
335 -1.0 -1.0 10.0 45.0 58.0
336 -1.0 -1.0 5.0 197.0 39.0
337 -1.0 -1.0 19.0 338.0 100.0
338 -1.0 -1.0 8.0 89.0 33.0
339 -1.0 -1.0 8.0 261.0 25.0
340 -1.0 -1.0 7.0 295.0 87.0
341 -1.0 -1.0 18.0 45.0 35.0
342 -1.0 -1.0 17.0 126.0 69.0
343 -1.0 -1.0 4.0 149.0 86.0
344 -1.0 -1.0 18.0 378.0 94.0
345 -1.0 -1.0 16.0 272.0 68.0
346 -1.0 -1.0 6.0 346.0 63.0
347 -1.0 -1.0 14.0 32.0 58.0
348 -1.0 -1.0 17.0 373.0 54.0
349 -1.0 -1.0 10.0 324.0 88.0
350 -1.0 -1.0 20.0 315.0 99.0
351 -1.0 -1.0 13.0 318.0 61.0
352 -1.0 -1.0 17.0 141.0 68.0
353 -1.0 -1.0 13.0 304.0 90.0
354 -1.0 -1.0 5.0 193.0 49.0
355 -1.0 -1.0 13.0 343.0 19.0
356 -1.0 -1.0 12.0 101.0 38.0
357 -1.0 -1.0 13.0 370.0 49.0
358 -1.0 -1.0 16.0 32.0 17.0
359 -1.0 -1.0 19.0 327.0 71.0
360 -1.0 -1.0 4.0 15.0 49.0
361 -1.0 -1.0 18.0 224.0 47.0
362 -1.0 -1.0 15.0 152.0 89.0
363 -1.0 -1.0 15.0 236.0 60.0
364 -1.0 -1.0 13.0 362.0 17.0
365 -1.0 -1.0 12.0 99.0 57.0
366 -1.0 -1.0 16.0 45.0 66.0
367 -1.0 -1.0 6.0 274.0 23.0
368 -1.0 -1.0 15.0 395.0 70.0
369 -1.0 -1.0 19.0 17.0 19.0
370 -1.0 -1.0 18.0 225.0 22.0
371 -1.0 -1.0 20.0 250.0 79.0
372 -1.0 -1.0 13.0 93.0 60.0
373 -1.0 -1.0 19.0 83.0 35.0
374 -1.0 -1.0 19.0 380.0 64.0
375 -1.0 -1.0 10.0 246.0 60.0
376 -1.0 -1.0 9.0 325.0 81.0
377 -1.0 -1.0 16.0 218.0 49.0
378 -1.0 -1.0 17.0 179.0 32.0
379 -1.0 -1.0 19.0 243.0 100.0
380 -1.0 -1.0 6.0 94.0 90.0
381 -1.0 -1.0 5.0 41.0 69.0
382 -1.0 -1.0 7.0 23.0 18.0
383 -1.0 -1.0 7.0 219.0 73.0
384 -1.0 -1.0 15.0 135.0 89.0
385 -1.0 -1.0 14.0 41.0 49.0
386 -1.0 -1.0 5.0 105.0 100.0
387 -1.0 -1.0 20.0 231.0 98.0
388 -1.0 -1.0 16.0 154.0 91.0
389 -1.0 -1.0 18.0 302.0 76.0
390 -1.0 -1.0 18.0 22.0 35.0
391 -1.0 -1.0 20.0 201.0 24.0
392 -1.0 -1.0 11.0 258.0 19.0
393 -1.0 -1.0 17.0 132.0 90.0
394 -1.0 -1.0 18.0 95.0 18.0
395 -1.0 -1.0 4.0 148.0 20.0
396 -1.0 -1.0 7.0 303.0 89.0
397 -1.0 -1.0 4.0 199.0 85.0
398 -1.0 -1.0 7.0 245.0 52.0
399 -1.0 -1.0 15.0 243.0 72.0
400 -1.0 -1.0 18.0 267.0 58.0
401 -1.0 -1.0 10.0 133.0 28.0
402 -1.0 -1.0 13.0 249.0 97.0
403 -1.0 -1.0 8.0 103.0 100.0
404 -1.0 -1.0 10.0 146.0 49.0
405 -1.0 -1.0 6.0 246.0 45.0
406 -1.0 -1.0 14.0 27.0 100.0
407 -1.0 -1.0 6.0 393.0 71.0
408 -1.0 -1.0 15.0 75.0 17.0
409 -1.0 -1.0 11.0 234.0 49.0
410 -1.0 -1.0 9.0 85.0 63.0
411 -1.0 -1.0 4.0 159.0 39.0
412 -1.0 -1.0 18.0 374.0 28.0
413 -1.0 -1.0 19.0 396.0 27.0
414 -1.0 -1.0 14.0 88.0 81.0
415 -1.0 -1.0 10.0 268.0 35.0
416 -1.0 -1.0 9.0 366.0 58.0
417 -1.0 -1.0 16.0 24.0 33.0
418 -1.0 -1.0 8.0 333.0 38.0
419 -1.0 -1.0 17.0 206.0 46.0
420 -1.0 -1.0 17.0 294.0 44.0
421 -1.0 -1.0 13.0 349.0 76.0
422 -1.0 -1.0 5.0 310.0 95.0
423 -1.0 -1.0 6.0 339.0 98.0
424 -1.0 -1.0 19.0 132.0 18.0
425 -1.0 -1.0 7.0 233.0 32.0
426 -1.0 -1.0 11.0 400.0 63.0
427 -1.0 -1.0 19.0 158.0 17.0
428 -1.0 -1.0 14.0 68.0 31.0
429 -1.0 -1.0 9.0 390.0 62.0
430 -1.0 -1.0 6.0 252.0 59.0
431 -1.0 -1.0 15.0 399.0 81.0
432 -1.0 -1.0 7.0 156.0 76.0
433 -1.0 -1.0 5.0 307.0 60.0
434 -1.0 -1.0 4.0 341.0 95.0
435 -1.0 -1.0 19.0 372.0 32.0
436 -1.0 -1.0 15.0 177.0 68.0
437 -1.0 -1.0 9.0 314.0 84.0
438 -1.0 -1.0 19.0 178.0 26.0
439 -1.0 -1.0 7.0 220.0 56.0
440 -1.0 -1.0 16.0 150.0 95.0
441 -1.0 -1.0 4.0 83.0 37.0
442 -1.0 -1.0 4.0 258.0 57.0
443 -1.0 -1.0 10.0 145.0 37.0
444 -1.0 -1.0 19.0 246.0 39.0
445 -1.0 -1.0 9.0 16.0 17.0
446 -1.0 -1.0 12.0 178.0 15.0
447 -1.0 -1.0 11.0 139.0 24.0
448 -1.0 -1.0 9.0 215.0 98.0
449 -1.0 -1.0 16.0 122.0 98.0
450 -1.0 -1.0 13.0 302.0 19.0
451 -1.0 -1.0 7.0 153.0 79.0
452 -1.0 -1.0 12.0 136.0 47.0
453 -1.0 -1.0 11.0 232.0 30.0
454 -1.0 -1.0 12.0 173.0 80.0
455 -1.0 -1.0 10.0 31.0 52.0
456 -1.0 -1.0 17.0 377.0 98.0
457 -1.0 -1.0 7.0 277.0 82.0
458 -1.0 -1.0 20.0 292.0 46.0
459 -1.0 -1.0 9.0 196.0 87.0
460 -1.0 -1.0 8.0 49.0 15.0
461 -1.0 -1.0 11.0 315.0 87.0
462 -1.0 -1.0 6.0 397.0 44.0
463 -1.0 -1.0 19.0 166.0 72.0
464 -1.0 -1.0 9.0 142.0 78.0
465 -1.0 -1.0 19.0 350.0 23.0
466 -1.0 -1.0 18.0 174.0 83.0
467 -1.0 -1.0 18.0 229.0 72.0
468 -1.0 -1.0 7.0 141.0 77.0
469 -1.0 -1.0 19.0 161.0 31.0
470 -1.0 -1.0 5.0 375.0 46.0
471 -1.0 -1.0 6.0 243.0 47.0
472 -1.0 -1.0 19.0 159.0 25.0
473 -1.0 -1.0 6.0 131.0 92.0
474 -1.0 -1.0 9.0 350.0 76.0
475 -1.0 -1.0 9.0 19.0 15.0
476 -1.0 -1.0 14.0 299.0 22.0
477 -1.0 -1.0 4.0 389.0 28.0
478 -1.0 -1.0 10.0 44.0 80.0
479 -1.0 -1.0 17.0 39.0 38.0
480 -1.0 -1.0 4.0 360.0 81.0
481 -1.0 -1.0 16.0 76.0 42.0
482 -1.0 -1.0 16.0 284.0 31.0
483 -1.0 -1.0 8.0 44.0 22.0
484 -1.0 -1.0 8.0 276.0 91.0
485 -1.0 -1.0 8.0 307.0 80.0
486 -1.0 -1.0 14.0 37.0 89.0
487 -1.0 -1.0 17.0 393.0 44.0
488 -1.0 -1.0 16.0 236.0 84.0
489 -1.0 -1.0 6.0 277.0 20.0
490 -1.0 -1.0 11.0 57.0 54.0
491 -1.0 -1.0 12.0 105.0 66.0
492 -1.0 -1.0 16.0 160.0 98.0
493 -1.0 -1.0 4.0 102.0 20.0
494 -1.0 -1.0 6.0 261.0 69.0
495 -1.0 -1.0 10.0 324.0 100.0
496 -1.0 -1.0 16.0 202.0 57.0
497 -1.0 -1.0 13.0 42.0 21.0
498 -1.0 -1.0 20.0 332.0 71.0
499 -1.0 -1.0 7.0 279.0 74.0
500 -1.0 -1.0 19.0 283.0 16.0
501 -1.0 -1.0 9.0 208.0 99.0
502 -1.0 -1.0 4.0 97.0 65.0
503 -1.0 -1.0 9.0 100.0 41.0
504 -1.0 -1.0 14.0 309.0 18.0
505 -1.0 -1.0 4.0 192.0 49.0
506 -1.0 -1.0 5.0 125.0 59.0
507 -1.0 -1.0 20.0 83.0 56.0
508 -1.0 -1.0 16.0 163.0 66.0
509 -1.0 -1.0 11.0 97.0 59.0
510 -1.0 -1.0 5.0 305.0 85.0
511 -1.0 -1.0 11.0 49.0 93.0
512 -1.0 -1.0 7.0 400.0 75.0
513 -1.0 -1.0 9.0 237.0 100.0
514 -1.0 -1.0 16.0 183.0 65.0
515 -1.0 -1.0 16.0 141.0 85.0
516 -1.0 -1.0 19.0 261.0 67.0
517 -1.0 -1.0 15.0 344.0 40.0
518 -1.0 -1.0 19.0 281.0 26.0
519 -1.0 -1.0 12.0 45.0 55.0
520 -1.0 -1.0 20.0 136.0 89.0
521 -1.0 -1.0 9.0 265.0 86.0
522 -1.0 -1.0 12.0 316.0 42.0
523 -1.0 -1.0 6.0 99.0 48.0
524 -1.0 -1.0 14.0 257.0 89.0
525 -1.0 -1.0 8.0 215.0 73.0
526 -1.0 -1.0 19.0 80.0 25.0
527 -1.0 -1.0 4.0 343.0 37.0
528 -1.0 -1.0 11.0 176.0 33.0
529 -1.0 -1.0 10.0 299.0 30.0
530 -1.0 -1.0 8.0 359.0 95.0
531 -1.0 -1.0 15.0 394.0 46.0
532 -1.0 -1.0 4.0 106.0 25.0
533 -1.0 -1.0 10.0 237.0 76.0
534 -1.0 -1.0 12.0 114.0 45.0
535 -1.0 -1.0 10.0 365.0 28.0
536 -1.0 -1.0 20.0 274.0 18.0
537 -1.0 -1.0 18.0 212.0 41.0
538 -1.0 -1.0 6.0 285.0 41.0
539 -1.0 -1.0 20.0 210.0 70.0
540 -1.0 -1.0 19.0 286.0 19.0
541 -1.0 -1.0 5.0 262.0 84.0
542 -1.0 -1.0 10.0 392.0 34.0
543 -1.0 -1.0 6.0 151.0 86.0
544 -1.0 -1.0 20.0 309.0 50.0
545 -1.0 -1.0 13.0 218.0 82.0
546 -1.0 -1.0 15.0 201.0 35.0
547 -1.0 -1.0 20.0 286.0 77.0
548 -1.0 -1.0 5.0 39.0 68.0
549 -1.0 -1.0 13.0 320.0 37.0
550 -1.0 -1.0 6.0 230.0 57.0
551 -1.0 -1.0 11.0 376.0 75.0
552 -1.0 -1.0 20.0 109.0 79.0
553 -1.0 -1.0 20.0 250.0 38.0
554 -1.0 -1.0 16.0 300.0 95.0
555 -1.0 -1.0 7.0 298.0 36.0
556 -1.0 -1.0 16.0 400.0 39.0
557 -1.0 -1.0 19.0 374.0 43.0
558 -1.0 -1.0 20.0 47.0 66.0
559 -1.0 -1.0 15.0 157.0 88.0
560 -1.0 -1.0 15.0 248.0 48.0
561 -1.0 -1.0 12.0 48.0 73.0
562 -1.0 -1.0 6.0 227.0 24.0
563 -1.0 -1.0 20.0 331.0 33.0
564 -1.0 -1.0 7.0 131.0 89.0
565 -1.0 -1.0 4.0 374.0 59.0
566 -1.0 -1.0 19.0 244.0 95.0
567 -1.0 -1.0 16.0 361.0 51.0
568 -1.0 -1.0 14.0 38.0 34.0
569 -1.0 -1.0 8.0 51.0 54.0
570 -1.0 -1.0 12.0 325.0 70.0
571 -1.0 -1.0 14.0 247.0 38.0
572 -1.0 -1.0 4.0 28.0 50.0
573 -1.0 -1.0 19.0 267.0 80.0
574 -1.0 -1.0 8.0 158.0 15.0
575 -1.0 -1.0 17.0 374.0 19.0
576 -1.0 -1.0 13.0 211.0 49.0
577 -1.0 -1.0 18.0 204.0 89.0
578 -1.0 -1.0 5.0 253.0 66.0
579 -1.0 -1.0 5.0 124.0 51.0
580 -1.0 -1.0 13.0 245.0 91.0
581 -1.0 -1.0 20.0 88.0 90.0
582 -1.0 -1.0 13.0 210.0 85.0
583 -1.0 -1.0 14.0 131.0 74.0
584 -1.0 -1.0 13.0 331.0 78.0
585 -1.0 -1.0 7.0 284.0 93.0
586 -1.0 -1.0 13.0 116.0 66.0
587 -1.0 -1.0 9.0 377.0 19.0
588 -1.0 -1.0 12.0 252.0 40.0
589 -1.0 -1.0 4.0 167.0 81.0
590 -1.0 -1.0 10.0 88.0 70.0
591 -1.0 -1.0 15.0 343.0 60.0
592 -1.0 -1.0 16.0 61.0 75.0
593 -1.0 -1.0 9.0 82.0 32.0
594 -1.0 -1.0 14.0 76.0 52.0
595 -1.0 -1.0 10.0 265.0 46.0
596 -1.0 -1.0 12.0 148.0 91.0
597 -1.0 -1.0 9.0 340.0 37.0
598 -1.0 -1.0 17.0 354.0 66.0
599 -1.0 -1.0 5.0 153.0 69.0
600 -1.0 -1.0 19.0 361.0 24.0
601 -1.0 -1.0 8.0 276.0 28.0
602 -1.0 -1.0 4.0 243.0 58.0
603 -1.0 -1.0 15.0 350.0 31.0
604 -1.0 -1.0 20.0 132.0 39.0
605 -1.0 -1.0 4.0 43.0 30.0
606 -1.0 -1.0 17.0 103.0 53.0
607 -1.0 -1.0 9.0 230.0 39.0
608 -1.0 -1.0 20.0 370.0 41.0
609 -1.0 -1.0 9.0 162.0 65.0
610 -1.0 -1.0 9.0 397.0 71.0
611 -1.0 -1.0 8.0 277.0 29.0
612 -1.0 -1.0 12.0 215.0 61.0
613 -1.0 -1.0 9.0 375.0 23.0
614 -1.0 -1.0 9.0 44.0 52.0
615 -1.0 -1.0 19.0 245.0 82.0
616 -1.0 -1.0 13.0 104.0 36.0
617 -1.0 -1.0 17.0 239.0 82.0
618 -1.0 -1.0 6.0 119.0 77.0
619 -1.0 -1.0 4.0 209.0 78.0
620 -1.0 -1.0 5.0 102.0 26.0
621 -1.0 -1.0 4.0 166.0 27.0
622 -1.0 -1.0 20.0 160.0 72.0
623 -1.0 -1.0 18.0 45.0 39.0
624 -1.0 -1.0 20.0 119.0 100.0
625 -1.0 -1.0 11.0 267.0 25.0
626 -1.0 -1.0 17.0 337.0 17.0
627 -1.0 -1.0 5.0 221.0 21.0
628 -1.0 -1.0 12.0 58.0 49.0
629 -1.0 -1.0 19.0 167.0 77.0
630 -1.0 -1.0 11.0 263.0 17.0
631 -1.0 -1.0 5.0 39.0 39.0
632 -1.0 -1.0 15.0 26.0 46.0
633 -1.0 -1.0 5.0 310.0 42.0
634 -1.0 -1.0 6.0 134.0 20.0
635 -1.0 -1.0 11.0 282.0 92.0
636 -1.0 -1.0 11.0 76.0 68.0
637 -1.0 -1.0 7.0 136.0 24.0
638 -1.0 -1.0 17.0 322.0 63.0
639 -1.0 -1.0 13.0 123.0 94.0
640 -1.0 -1.0 12.0 327.0 78.0
641 -1.0 -1.0 19.0 57.0 58.0
642 -1.0 -1.0 18.0 189.0 66.0
643 -1.0 -1.0 17.0 259.0 34.0
644 -1.0 -1.0 6.0 239.0 44.0
645 -1.0 -1.0 7.0 257.0 57.0
646 -1.0 -1.0 5.0 302.0 44.0
647 -1.0 -1.0 5.0 266.0 82.0
648 -1.0 -1.0 13.0 290.0 18.0
649 -1.0 -1.0 15.0 351.0 32.0
650 -1.0 -1.0 8.0 26.0 67.0
651 -1.0 -1.0 11.0 195.0 30.0
652 -1.0 -1.0 19.0 197.0 86.0
653 -1.0 -1.0 19.0 41.0 50.0
654 -1.0 -1.0 9.0 301.0 50.0
655 -1.0 -1.0 15.0 104.0 56.0
656 -1.0 -1.0 10.0 21.0 65.0
657 -1.0 -1.0 7.0 323.0 65.0
658 -1.0 -1.0 16.0 376.0 75.0
659 -1.0 -1.0 10.0 269.0 69.0
660 -1.0 -1.0 5.0 152.0 72.0
661 -1.0 -1.0 20.0 169.0 22.0
662 -1.0 -1.0 9.0 42.0 59.0
663 -1.0 -1.0 15.0 119.0 34.0
664 -1.0 -1.0 8.0 268.0 21.0
665 -1.0 -1.0 7.0 59.0 44.0
666 -1.0 -1.0 12.0 217.0 70.0
667 -1.0 -1.0 6.0 296.0 63.0
668 -1.0 -1.0 19.0 64.0 78.0
669 -1.0 -1.0 20.0 108.0 90.0
670 -1.0 -1.0 15.0 343.0 50.0
671 -1.0 -1.0 8.0 57.0 63.0
672 -1.0 -1.0 16.0 202.0 72.0
673 -1.0 -1.0 11.0 345.0 32.0
674 -1.0 -1.0 7.0 253.0 66.0
675 -1.0 -1.0 10.0 94.0 66.0
676 -1.0 -1.0 11.0 220.0 97.0
677 -1.0 -1.0 9.0 198.0 36.0
678 -1.0 -1.0 17.0 26.0 95.0
679 -1.0 -1.0 10.0 347.0 46.0
680 -1.0 -1.0 9.0 22.0 47.0
681 -1.0 -1.0 5.0 202.0 77.0
682 -1.0 -1.0 13.0 183.0 23.0
683 -1.0 -1.0 7.0 267.0 93.0
684 -1.0 -1.0 8.0 19.0 50.0
685 -1.0 -1.0 17.0 338.0 47.0
686 -1.0 -1.0 6.0 223.0 19.0
687 -1.0 -1.0 12.0 32.0 27.0
688 -1.0 -1.0 19.0 350.0 22.0
689 -1.0 -1.0 6.0 28.0 17.0
690 -1.0 -1.0 9.0 338.0 43.0
691 -1.0 -1.0 13.0 300.0 84.0
692 -1.0 -1.0 13.0 305.0 21.0
693 -1.0 -1.0 7.0 218.0 97.0
694 -1.0 -1.0 19.0 103.0 19.0
695 -1.0 -1.0 5.0 374.0 100.0
696 -1.0 -1.0 18.0 266.0 78.0
697 -1.0 -1.0 7.0 207.0 55.0
698 -1.0 -1.0 8.0 145.0 16.0
699 -1.0 -1.0 7.0 386.0 32.0
700 -1.0 -1.0 8.0 219.0 47.0
701 -1.0 -1.0 16.0 123.0 32.0
702 -1.0 -1.0 9.0 322.0 88.0
703 -1.0 -1.0 14.0 315.0 97.0
704 -1.0 -1.0 4.0 183.0 64.0
705 -1.0 -1.0 8.0 51.0 42.0
706 -1.0 -1.0 12.0 70.0 87.0
707 -1.0 -1.0 20.0 215.0 85.0
708 -1.0 -1.0 18.0 292.0 26.0
709 -1.0 -1.0 12.0 322.0 42.0
710 -1.0 -1.0 18.0 250.0 68.0
711 -1.0 -1.0 6.0 207.0 43.0
712 -1.0 -1.0 12.0 233.0 94.0
713 -1.0 -1.0 19.0 136.0 67.0
714 -1.0 -1.0 11.0 398.0 29.0
715 -1.0 -1.0 9.0 269.0 17.0
716 -1.0 -1.0 17.0 208.0 27.0
717 -1.0 -1.0 10.0 354.0 41.0
718 -1.0 -1.0 4.0 116.0 40.0
719 -1.0 -1.0 15.0 365.0 36.0
720 -1.0 -1.0 13.0 79.0 69.0
721 -1.0 -1.0 7.0 20.0 49.0
722 -1.0 -1.0 17.0 282.0 54.0
723 -1.0 -1.0 11.0 309.0 23.0
724 -1.0 -1.0 18.0 39.0 67.0
725 -1.0 -1.0 8.0 323.0 37.0
938
0 19 9
0 1 11
1 20 5
1 2 5
2 21 5
3 25 9
3 4 8
4 26 12
5 29 5
6 7 11
7 32 11
7 8 9
8 33 5
8 9 5
9 10 5
10 34 8
10 11 8
11 35 5
11 12 5
12 36 5
12 13 8
13 37 8
14 39 12
14 15 8
15 40 7
15 16 10
16 41 10
17 42 11
18 43 6
18 19 9
19 44 8
19 20 6
20 45 8
20 21 12
21 46 7
21 22 7
22 23 5
23 47 10
23 24 10
24 25 7
25 48 9
25 26 5
26 49 8
27 28 12
28 50 6
29 53 11
29 30 6
30 31 5
31 54 8
32 55 12
32 33 9
33 56 11
34 57 8
34 35 10
35 58 7
35 36 11
36 37 10
37 59 5
38 39 7
39 61 5
39 40 6
40 62 5
40 41 9
42 64 12
43 66 5
43 44 11
44 67 7
44 45 6
45 68 11
45 46 5
46 69 5
47 71 9
48 49 7
49 72 11
50 75 12
50 51 12
51 52 12
52 76 10
52 53 11
53 77 7
55 56 11
56 78 5
57 79 5
57 58 10
58 80 8
59 81 12
59 60 7
61 62 11
62 83 9
63 85 11
64 65 12
65 66 8
66 67 8
67 68 9
68 69 5
69 70 11
70 86 11
70 71 7
71 87 12
72 73 6
73 74 12
74 75 8
76 89 12
76 77 7
77 90 11
78 95 5
79 80 10
80 97 7
81 99 9
82 100 6
83 102 11
83 84 12
84 103 5
84 85 9
85 104 11
86 109 9
86 87 5
88 89 10
89 115 12
89 90 10
90 116 12
90 91 9
91 117 11
91 92 8
92 118 8
92 93 10
93 94 10
94 119 11
94 95 6
95 120 10
95 96 10
97 98 9
98 121 12
98 99 12
100 101 5
101 123 6
101 102 9
102 124 6
102 103 8
103 104 7
105 125 6
105 106 9
106 126 10
106 107 9
107 127 6
107 108 9
109 130 12
110 131 10
110 111 7
112 133 8
112 113 7
113 134 5
113 114 7
114 135 10
115 137 11
115 116 12
116 138 9
116 117 11
117 139 5
117 118 5
118 140 12
119 142 8
119 120 11
120 143 10
122 148 9
123 124 8
124 150 8
125 126 7
126 152 7
126 127 6
127 153 8
128 129 6
129 154 11
129 130 7
131 156 10
132 157 5
132 133 11
133 158 11
133 134 8
134 135 6
135 159 7
135 136 9
136 160 9
136 137 12
137 138 10
138 161 8
138 139 12
139 162 5
139 140 10
140 141 8
141 163 10
141 142 12
142 164 11
142 143 5
143 144 5
144 165 5
144 145 11
145 166 9
145 146 11
146 167 11
147 148 12
148 168 5
148 149 7
149 169 5
150 170 7
151 172 7
152 153 9
153 174 10
154 177 8
155 178 9
155 156 9
156 179 7
157 158 10
159 181 10
159 160 10
161 183 11
161 162 5
163 164 9
164 185 5
165 186 10
165 166 11
166 187 11
166 167 9
168 169 12
169 190 7
170 171 9
171 192 10
171 172 5
172 193 10
173 194 11
174 196 12
174 175 11
175 197 8
175 176 6
176 198 12
176 177 9
177 199 10
178 179 6
179 201 5
180 181 11
181 204 6
182 183 11
184 206 5
185 207 5
186 187 7
188 210 8
188 189 6
189 211 9
190 212 7
190 191 8
191 213 5
192 215 10
192 193 9
194 195 10
195 216 6
195 196 5
196 217 7
196 197 11
197 218 9
197 198 10
198 199 12
199 200 8
201 220 9
201 202 8
202 221 7
202 203 8
203 222 5
204 205 6
205 224 9
206 228 6
207 230 5
207 208 12
209 232 10
209 210 6
210 211 5
211 233 12
212 213 11
213 234 6
213 214 8
214 235 10
214 215 12
215 236 10
216 238 12
216 217 12
217 218 11
218 239 5
219 242 5
219 220 6
220 243 10
220 221 8
221 244 7
221 222 11
222 245 7
222 223 12
224 225 12
225 248 10
225 226 5
226 249 12
226 227 5
227 250 6
227 228 12
228 229 12
229 251 5
229 230 7
230 252 8
231 254 11
231 232 6
232 255 9
234 235 11
235 259 5
235 236 9
236 260 11
237 262 9
237 238 12
239 264 10
240 241 12
241 266 11
241 242 12
242 267 7
242 243 10
243 244 8
244 268 8
244 245 9
245 269 5
246 271 9
246 247 11
248 273 12
248 249 9
249 274 6
249 250 11
250 275 8
251 277 11
251 252 12
252 278 12
252 253 11
253 279 11
254 281 8
254 255 5
255 282 5
255 256 8
256 283 8
257 285 8
257 258 12
258 286 11
259 288 11
259 260 9
260 289 9
260 261 12
261 290 8
262 291 9
263 264 12
264 293 6
264 265 5
266 294 11
266 267 12
268 296 10
268 269 9
269 297 12
269 270 10
270 271 7
271 298 10
272 300 5
272 273 6
273 274 7
274 301 8
274 275 11
275 276 9
276 302 6
276 277 9
277 278 6
278 279 9
279 303 7
279 280 6
280 304 5
280 281 8
281 305 7
281 282 6
282 283 5
283 284 12
284 306 10
284 285 11
285 307 5
285 286 11
286 287 11
287 308 12
287 288 11
288 309 10
288 289 5
289 310 9
289 290 6
291 292 12
292 311 7
294 314 10
295 296 6
296 316 6
296 297 7
297 317 11
298 299 11
299 300 6
301 319 11
303 322 9
303 304 12
304 305 7
305 323 7
306 325 10
306 307 6
307 326 5
308 309 9
309 328 11
309 310 5
310 329 12
311 331 10
312 313 11
313 314 9
314 334 7
314 315 11
316 335 10
316 317 5
317 336 7
317 318 7
318 337 9
319 320 10
320 340 5
321 322 5
322 341 9
323 324 12
325 344 7
325 326 8
326 345 9
326 327 10
328 347 7
328 329 9
329 348 8
329 330 10
330 349 11
331 351 6
331 332 10
332 352 9
332 333 11
335 355 12
335 336 12
336 356 6
336 337 6
337 357 12
337 338 7
339 359 7
341 361 8
341 342 8
343 364 8
343 344 9
344 365 5
344 345 9
345 366 12
346 347 11
347 367 12
347 348 9
348 349 7
349 368 10
350 369 8
350 351 8
351 370 8
351 352 10
352 371 9
353 373 10
353 354 11
354 374 10
355 356 10
356 378 10
356 357 7
357 379 10
358 381 8
359 383 6
360 387 5
361 388 5
362 390 12
362 363 7
363 364 10
364 391 12
364 365 12
365 366 6
368 394 8
369 395 11
369 370 6
370 396 8
370 371 8
371 372 7
372 373 9
373 397 8
373 374 8
374 398 10
374 375 10
375 399 9
375 376 8
376 400 7
376 377 11
378 379 5
379 402 8
379 380 5
380 403 11
380 381 6
381 404 10
381 382 11
382 383 6
383 405 10
383 384 12
384 385 10
385 386 5
386 387 11
388 389 6
389 390 8
390 407 10
392 411 11
393 413 7
393 394 11
395 414 6
395 396 6
396 415 12
397 417 9
397 398 7
398 418 9
398 399 9
399 419 12
399 400 10
401 421 9
402 423 11
402 403 7
403 424 12
403 404 11
405 426 9
406 431 12
407 408 5
409 434 10
409 410 5
410 435 9
410 411 7
412 437 5
412 413 11
414 415 10
415 416 6
416 438 7
417 418 8
418 439 12
418 419 5
419 440 7
420 421 10
421 422 8
422 442 7
422 423 7
423 424 6
424 443 11
425 444 8
425 426 7
426 445 8
426 427 11
427 446 12
427 428 7
428 447 11
428 429 9
429 448 8
429 430 11
430 449 12
430 431 9
431 450 11
431 432 10
432 451 5
433 455 12
433 434 9
434 456 11
434 435 11
435 457 9
436 459 11
436 437 5
438 462 5
439 465 11
439 440 10
440 441 11
443 467 5
444 468 10
444 445 8
445 469 10
445 446 8
446 470 5
446 447 9
447 471 10
447 448 7
448 472 6
448 449 9
449 450 11
450 473 10
450 451 8
451 452 5
452 474 7
452 453 11
453 475 7
453 454 10
454 455 7
455 476 12
455 456 5
456 477 12
456 457 6
457 478 6
457 458 11
458 479 11
458 459 5
459 480 10
460 482 6
461 484 5
461 462 9
462 485 5
462 463 8
463 486 5
463 464 5
464 487 10
464 465 11
465 488 11
466 492 11
466 467 8
468 494 10
468 469 12
469 495 5
469 470 8
470 496 10
470 471 11
471 472 5
473 498 7
474 475 11
475 500 10
476 502 11
476 477 8
477 478 5
478 479 8
479 503 9
479 480 7
480 504 12
481 506 9
481 482 12
482 507 8
483 484 8
484 508 11
484 485 7
485 509 12
485 486 11
486 510 7
486 487 12
487 488 5
488 511 7
489 512 12
489 490 7
490 513 12
490 491 10
491 514 7
492 515 8
493 516 7
493 494 5
494 495 8
495 517 5
495 496 9
496 518 10
497 521 12
497 498 10
498 499 10
499 522 7
500 523 10
500 501 8
501 502 12
503 504 9
504 505 6
505 506 7
506 526 8
506 507 6
507 527 7
508 509 9
509 529 6
509 510 11
512 530 12
512 513 6
513 531 5
513 514 10
517 532 10
517 518 5
518 519 11
519 533 6
519 520 8
520 521 7
521 534 6
522 536 6
524 539 6
524 525 9
526 527 12
528 541 11
529 542 7
530 546 11
530 531 11
532 552 7
534 555 10
534 535 9
535 536 8
536 556 8
537 538 7
538 559 7
538 539 5
540 560 11
541 563 12
543 566 12
543 544 9
544 567 6
544 545 8
545 546 7
546 568 8
547 570 6
547 548 8
548 571 12
548 549 11
549 572 5
549 550 7
550 551 9
552 574 9
552 553 6
553 575 5
554 576 9
554 555 9
555 577 11
556 579 10
556 557 10
557 558 6
559 580 8
560 561 7
561 582 8
562 584 5
563 564 10
564 585 10
565 586 12
565 566 7
566 587 9
566 567 10
567 588 9
568 589 6
568 569 7
569 590 7
569 570 9
570 591 6
570 571 8
571 572 10
573 592 12
573 574 10
574 593 12
574 575 10
576 594 7
576 577 12
577 595 8
577 578 5
578 596 12
578 579 6
580 600 7
581 602 8
582 603 12
582 583 6
583 604 8
584 606 10
585 608 12
586 610 5
586 587 11
587 588 8
588 611 11
589 613 7
589 590 10
590 614 12
590 591 7
591 615 12
592 593 12
593 619 10
594 621 5
594 595 11
595 596 10
597 598 6
598 623 6
598 599 5
599 624 9
599 600 8
600 601 6
601 625 7
601 602 11
602 626 6
603 604 12
604 605 5
605 628 10
605 606 10
606 629 7
607 630 5
607 608 11
608 631 11
608 609 5
609 632 5
609 610 11
610 633 5
611 634 6
611 612 8
612 613 8
613 635 8
613 614 10
614 636 12
614 615 11
615 637 11
616 639 9
616 617 6
617 618 10
618 640 12
619 642 12
619 620 11
620 643 10
621 645 10
622 648 7
623 650 11
623 624 10
624 651 9
625 653 9
625 626 5
626 654 6
626 627 12
627 655 7
628 657 12
628 629 9
629 658 8
630 631 12
631 659 10
631 632 7
632 660 11
632 633 8
633 661 10
634 663 7
635 664 10
635 636 10
636 637 5
637 638 5
638 639 5
640 666 12
640 641 7
641 667 11
641 642 7
642 643 5
643 668 7
643 644 5
644 669 9
644 645 11
645 646 5
646 647 11
647 670 9
647 648 10
648 671 12
648 649 10
649 672 10
649 650 12
650 651 9
651 673 11
651 652 7
652 674 12
652 653 5
653 675 6
653 654 6
654 676 7
654 655 12
655 677 10
656 678 7
656 657 8
657 658 7
658 679 11
659 681 6
659 660 5
660 661 7
661 662 10
662 682 5
662 663 12
663 683 7
664 685 7
665 688 5
665 666 5
666 667 8
667 689 12
668 691 12
668 669 11
669 692 10
670 693 9
670 671 9
671 694 10
671 672 8
673 674 9
674 675 5
675 696 11
675 676 5
676 677 9
677 697 7
679 699 11
680 681 10
681 700 5
682 703 5
682 683 5
683 704 9
683 684 10
684 685 8
685 705 12
686 707 11
686 687 7
687 708 12
687 688 11
689 710 5
689 690 8
690 711 9
690 691 12
691 712 8
691 692 9
693 715 7
693 694 12
694 716 9
695 718 12
696 720 6
697 721 12
698 724 7
698 699 9
699 725 10
700 701 11
701 702 10
702 703 7
703 704 7
705 706 6
707 708 10
709 710 12
710 711 12
711 712 5
713 714 11
714 715 10
715 716 10
716 717 12
717 718 6
718 719 6
721 722 5
722 723 12
723 724 12
724 725 11
10 0.05 0.05 0.05
