726
0 -1.0 -1.0 14.0 215.0 54.0
1 -1.0 -1.0 12.0 400.0 92.0
2 -1.0 -1.0 5.0 45.0 99.0
3 -1.0 -1.0 18.0 155.0 16.0
4 -1.0 -1.0 6.0 335.0 84.0
5 -1.0 -1.0 20.0 262.0 93.0
6 -1.0 -1.0 6.0 202.0 51.0
7 -1.0 -1.0 8.0 47.0 42.0
8 -1.0 -1.0 14.0 374.0 89.0
9 -1.0 -1.0 14.0 389.0 34.0
10 -1.0 -1.0 10.0 251.0 40.0
11 -1.0 -1.0 11.0 139.0 61.0
12 -1.0 -1.0 4.0 224.0 41.0
13 -1.0 -1.0 8.0 179.0 75.0
14 -1.0 -1.0 15.0 271.0 83.0
15 -1.0 -1.0 20.0 155.0 30.0
16 -1.0 -1.0 7.0 248.0 51.0
17 -1.0 -1.0 8.0 244.0 75.0
18 -1.0 -1.0 13.0 192.0 39.0
19 -1.0 -1.0 8.0 255.0 89.0
20 -1.0 -1.0 17.0 345.0 16.0
21 -1.0 -1.0 10.0 173.0 75.0
22 -1.0 -1.0 11.0 306.0 48.0
23 -1.0 -1.0 5.0 400.0 28.0
24 -1.0 -1.0 8.0 383.0 63.0
25 -1.0 -1.0 17.0 354.0 40.0
26 -1.0 -1.0 5.0 301.0 44.0
27 -1.0 -1.0 11.0 97.0 59.0
28 -1.0 -1.0 15.0 379.0 86.0
29 -1.0 -1.0 7.0 73.0 76.0
30 -1.0 -1.0 6.0 176.0 85.0
31 -1.0 -1.0 17.0 55.0 75.0
32 -1.0 -1.0 5.0 389.0 16.0
33 -1.0 -1.0 13.0 140.0 53.0
34 -1.0 -1.0 10.0 350.0 15.0
35 -1.0 -1.0 19.0 119.0 84.0
36 -1.0 -1.0 12.0 268.0 30.0
37 -1.0 -1.0 19.0 344.0 28.0
38 -1.0 -1.0 11.0 99.0 45.0
39 -1.0 -1.0 18.0 283.0 33.0
40 -1.0 -1.0 14.0 324.0 81.0
41 -1.0 -1.0 19.0 66.0 27.0
42 -1.0 -1.0 5.0 55.0 34.0
43 -1.0 -1.0 4.0 222.0 68.0
44 -1.0 -1.0 15.0 180.0 72.0
45 -1.0 -1.0 4.0 237.0 51.0
46 -1.0 -1.0 9.0 131.0 98.0
47 -1.0 -1.0 14.0 29.0 94.0
48 -1.0 -1.0 6.0 49.0 19.0
49 -1.0 -1.0 16.0 160.0 85.0
50 -1.0 -1.0 18.0 34.0 56.0
51 -1.0 -1.0 12.0 230.0 49.0
52 -1.0 -1.0 4.0 389.0 24.0
53 -1.0 -1.0 10.0 283.0 68.0
54 -1.0 -1.0 9.0 171.0 90.0
55 -1.0 -1.0 8.0 317.0 89.0
56 -1.0 -1.0 20.0 127.0 30.0
57 -1.0 -1.0 13.0 33.0 41.0
58 -1.0 -1.0 5.0 249.0 18.0
59 -1.0 -1.0 4.0 362.0 35.0
60 -1.0 -1.0 19.0 41.0 36.0
61 -1.0 -1.0 18.0 341.0 34.0
62 -1.0 -1.0 19.0 387.0 75.0
63 -1.0 -1.0 11.0 144.0 99.0
64 -1.0 -1.0 10.0 213.0 22.0
65 -1.0 -1.0 16.0 397.0 41.0
66 -1.0 -1.0 19.0 169.0 67.0
67 -1.0 -1.0 9.0 380.0 37.0
68 -1.0 -1.0 19.0 117.0 82.0
69 -1.0 -1.0 20.0 122.0 65.0
70 -1.0 -1.0 17.0 162.0 98.0
71 -1.0 -1.0 16.0 330.0 43.0
72 -1.0 -1.0 18.0 223.0 41.0
73 -1.0 -1.0 16.0 276.0 62.0
74 -1.0 -1.0 8.0 251.0 21.0
75 -1.0 -1.0 11.0 48.0 22.0
76 -1.0 -1.0 8.0 25.0 72.0
77 -1.0 -1.0 16.0 97.0 61.0
78 -1.0 -1.0 6.0 282.0 62.0
79 -1.0 -1.0 10.0 216.0 43.0
80 -1.0 -1.0 20.0 75.0 98.0
81 -1.0 -1.0 6.0 358.0 95.0
82 -1.0 -1.0 18.0 58.0 93.0
83 -1.0 -1.0 12.0 220.0 72.0
84 -1.0 -1.0 16.0 127.0 93.0
85 -1.0 -1.0 17.0 91.0 17.0
86 -1.0 -1.0 5.0 384.0 80.0
87 -1.0 -1.0 17.0 206.0 54.0
88 -1.0 -1.0 12.0 304.0 32.0
89 -1.0 -1.0 7.0 334.0 34.0
90 -1.0 -1.0 6.0 204.0 39.0
91 -1.0 -1.0 11.0 384.0 76.0
92 -1.0 -1.0 20.0 312.0 47.0
93 -1.0 -1.0 9.0 287.0 87.0
94 -1.0 -1.0 4.0 49.0 76.0
95 -1.0 -1.0 8.0 185.0 28.0
96 -1.0 -1.0 4.0 229.0 86.0
97 -1.0 -1.0 16.0 309.0 70.0
98 -1.0 -1.0 9.0 159.0 80.0
99 -1.0 -1.0 16.0 254.0 56.0
100 -1.0 -1.0 14.0 344.0 17.0
101 -1.0 -1.0 8.0 365.0 78.0
102 -1.0 -1.0 18.0 311.0 37.0
103 -1.0 -1.0 19.0 16.0 99.0
104 -1.0 -1.0 20.0 84.0 88.0
105 -1.0 -1.0 20.0 108.0 48.0
106 -1.0 -1.0 9.0 191.0 86.0
107 -1.0 -1.0 14.0 44.0 15.0
108 -1.0 -1.0 11.0 227.0 33.0
109 -1.0 -1.0 7.0 260.0 68.0
110 -1.0 -1.0 18.0 256.0 58.0
111 -1.0 -1.0 10.0 253.0 79.0
112 -1.0 -1.0 9.0 185.0 33.0
113 -1.0 -1.0 13.0 202.0 65.0
114 -1.0 -1.0 8.0 51.0 19.0
115 -1.0 -1.0 13.0 396.0 48.0
116 -1.0 -1.0 18.0 380.0 57.0
117 -1.0 -1.0 13.0 135.0 47.0
118 -1.0 -1.0 17.0 339.0 49.0
119 -1.0 -1.0 18.0 38.0 26.0
120 -1.0 -1.0 16.0 285.0 73.0
121 -1.0 -1.0 19.0 138.0 35.0
122 -1.0 -1.0 14.0 115.0 87.0
123 -1.0 -1.0 4.0 379.0 66.0
124 -1.0 -1.0 14.0 385.0 83.0
125 -1.0 -1.0 18.0 134.0 16.0
126 -1.0 -1.0 10.0 340.0 25.0
127 -1.0 -1.0 12.0 65.0 15.0
128 -1.0 -1.0 8.0 165.0 75.0
129 -1.0 -1.0 20.0 112.0 64.0
130 -1.0 -1.0 11.0 334.0 43.0
131 -1.0 -1.0 15.0 175.0 68.0
132 -1.0 -1.0 11.0 365.0 70.0
133 -1.0 -1.0 10.0 247.0 20.0
134 -1.0 -1.0 8.0 228.0 15.0
135 -1.0 -1.0 11.0 142.0 31.0
136 -1.0 -1.0 18.0 378.0 82.0
137 -1.0 -1.0 6.0 228.0 44.0
138 -1.0 -1.0 4.0 316.0 52.0
139 -1.0 -1.0 16.0 296.0 80.0
140 -1.0 -1.0 5.0 369.0 44.0
141 -1.0 -1.0 14.0 344.0 50.0
142 -1.0 -1.0 19.0 241.0 38.0
143 -1.0 -1.0 20.0 116.0 23.0
144 -1.0 -1.0 18.0 131.0 98.0
145 -1.0 -1.0 18.0 55.0 73.0
146 -1.0 -1.0 13.0 359.0 79.0
147 -1.0 -1.0 4.0 291.0 18.0
148 -1.0 -1.0 5.0 237.0 55.0
149 -1.0 -1.0 17.0 394.0 31.0
150 -1.0 -1.0 9.0 364.0 95.0
151 -1.0 -1.0 15.0 336.0 28.0
152 -1.0 -1.0 17.0 153.0 68.0
153 -1.0 -1.0 15.0 293.0 65.0
154 -1.0 -1.0 11.0 127.0 27.0
155 -1.0 -1.0 6.0 354.0 90.0
156 -1.0 -1.0 6.0 97.0 56.0
157 -1.0 -1.0 17.0 328.0 49.0
158 -1.0 -1.0 7.0 370.0 95.0
159 -1.0 -1.0 11.0 201.0 74.0
160 -1.0 -1.0 9.0 311.0 60.0
161 -1.0 -1.0 11.0 140.0 28.0
162 -1.0 -1.0 4.0 364.0 90.0
163 -1.0 -1.0 16.0 296.0 54.0
164 -1.0 -1.0 19.0 232.0 32.0
165 -1.0 -1.0 14.0 72.0 94.0
166 -1.0 -1.0 7.0 135.0 38.0
167 -1.0 -1.0 20.0 24.0 75.0
168 -1.0 -1.0 8.0 49.0 33.0
169 -1.0 -1.0 18.0 149.0 34.0
170 -1.0 -1.0 12.0 229.0 59.0
171 -1.0 -1.0 13.0 97.0 54.0
172 -1.0 -1.0 20.0 52.0 99.0
173 -1.0 -1.0 20.0 358.0 27.0
174 -1.0 -1.0 20.0 131.0 38.0
175 -1.0 -1.0 16.0 377.0 43.0
176 -1.0 -1.0 18.0 214.0 63.0
177 -1.0 -1.0 20.0 260.0 91.0
178 -1.0 -1.0 5.0 201.0 75.0
179 -1.0 -1.0 20.0 49.0 88.0
180 -1.0 -1.0 12.0 304.0 88.0
181 -1.0 -1.0 17.0 385.0 51.0
182 -1.0 -1.0 14.0 60.0 55.0
183 -1.0 -1.0 6.0 65.0 56.0
184 -1.0 -1.0 8.0 288.0 100.0
185 -1.0 -1.0 18.0 204.0 76.0
186 -1.0 -1.0 7.0 15.0 84.0
187 -1.0 -1.0 12.0 385.0 16.0
188 -1.0 -1.0 16.0 368.0 62.0
189 -1.0 -1.0 13.0 376.0 77.0
190 -1.0 -1.0 4.0 69.0 70.0
191 -1.0 -1.0 13.0 336.0 50.0
192 -1.0 -1.0 11.0 181.0 17.0
193 -1.0 -1.0 16.0 272.0 95.0
194 -1.0 -1.0 19.0 239.0 78.0
195 -1.0 -1.0 17.0 100.0 69.0
196 -1.0 -1.0 6.0 118.0 35.0
197 -1.0 -1.0 13.0 315.0 29.0
198 -1.0 -1.0 16.0 251.0 27.0
199 -1.0 -1.0 16.0 46.0 17.0
200 -1.0 -1.0 15.0 274.0 29.0
201 -1.0 -1.0 4.0 328.0 86.0
202 -1.0 -1.0 7.0 343.0 56.0
203 -1.0 -1.0 20.0 381.0 42.0
204 -1.0 -1.0 10.0 95.0 23.0
205 -1.0 -1.0 19.0 141.0 56.0
206 -1.0 -1.0 15.0 309.0 79.0
207 -1.0 -1.0 11.0 399.0 99.0
208 -1.0 -1.0 6.0 70.0 53.0
209 -1.0 -1.0 11.0 62.0 70.0
210 -1.0 -1.0 19.0 213.0 41.0
211 -1.0 -1.0 8.0 220.0 39.0
212 -1.0 -1.0 6.0 368.0 77.0
213 -1.0 -1.0 10.0 31.0 42.0
214 -1.0 -1.0 11.0 294.0 62.0
215 -1.0 -1.0 19.0 372.0 99.0
216 -1.0 -1.0 20.0 364.0 26.0
217 -1.0 -1.0 14.0 369.0 49.0
218 -1.0 -1.0 11.0 202.0 51.0
219 -1.0 -1.0 11.0 39.0 77.0
220 -1.0 -1.0 14.0 104.0 63.0
221 -1.0 -1.0 5.0 24.0 80.0
222 -1.0 -1.0 16.0 259.0 46.0
223 -1.0 -1.0 16.0 105.0 98.0
224 -1.0 -1.0 12.0 24.0 35.0
225 -1.0 -1.0 16.0 63.0 41.0
226 -1.0 -1.0 4.0 52.0 97.0
227 -1.0 -1.0 15.0 115.0 56.0
228 -1.0 -1.0 6.0 82.0 62.0
229 -1.0 -1.0 9.0 185.0 54.0
230 -1.0 -1.0 15.0 336.0 18.0
231 -1.0 -1.0 19.0 283.0 60.0
232 -1.0 -1.0 11.0 346.0 61.0
233 -1.0 -1.0 14.0 300.0 43.0
234 -1.0 -1.0 7.0 377.0 64.0
235 -1.0 -1.0 10.0 346.0 86.0
236 -1.0 -1.0 4.0 207.0 65.0
237 -1.0 -1.0 18.0 386.0 19.0
238 -1.0 -1.0 12.0 306.0 34.0
239 -1.0 -1.0 7.0 23.0 70.0
240 -1.0 -1.0 20.0 216.0 48.0
241 -1.0 -1.0 9.0 255.0 89.0
242 -1.0 -1.0 11.0 162.0 84.0
243 -1.0 -1.0 8.0 78.0 83.0
244 -1.0 -1.0 8.0 31.0 62.0
245 -1.0 -1.0 6.0 389.0 54.0
246 -1.0 -1.0 14.0 158.0 67.0
247 -1.0 -1.0 8.0 374.0 72.0
248 -1.0 -1.0 19.0 49.0 72.0
249 -1.0 -1.0 18.0 111.0 70.0
250 -1.0 -1.0 10.0 160.0 21.0
251 -1.0 -1.0 14.0 57.0 92.0
252 -1.0 -1.0 11.0 143.0 64.0
253 -1.0 -1.0 12.0 87.0 68.0
254 -1.0 -1.0 14.0 53.0 91.0
255 -1.0 -1.0 9.0 131.0 56.0
256 -1.0 -1.0 18.0 142.0 46.0
257 -1.0 -1.0 16.0 135.0 75.0
258 -1.0 -1.0 19.0 156.0 25.0
259 -1.0 -1.0 7.0 32.0 16.0
260 -1.0 -1.0 5.0 400.0 46.0
261 -1.0 -1.0 15.0 261.0 40.0
262 -1.0 -1.0 20.0 192.0 43.0
263 -1.0 -1.0 8.0 150.0 17.0
264 -1.0 -1.0 6.0 214.0 24.0
265 -1.0 -1.0 17.0 65.0 31.0
266 -1.0 -1.0 9.0 211.0 77.0
267 -1.0 -1.0 12.0 320.0 28.0
268 -1.0 -1.0 11.0 207.0 72.0
269 -1.0 -1.0 19.0 322.0 67.0
270 -1.0 -1.0 13.0 336.0 94.0
271 -1.0 -1.0 17.0 311.0 48.0
272 -1.0 -1.0 6.0 128.0 39.0
273 -1.0 -1.0 17.0 175.0 43.0
274 -1.0 -1.0 17.0 346.0 32.0
275 -1.0 -1.0 11.0 310.0 16.0
276 -1.0 -1.0 15.0 166.0 75.0
277 -1.0 -1.0 9.0 281.0 76.0
278 -1.0 -1.0 7.0 54.0 53.0
279 -1.0 -1.0 8.0 77.0 69.0
280 -1.0 -1.0 13.0 122.0 60.0
281 -1.0 -1.0 10.0 158.0 84.0
282 -1.0 -1.0 18.0 36.0 37.0
283 -1.0 -1.0 10.0 62.0 29.0
284 -1.0 -1.0 13.0 110.0 46.0
285 -1.0 -1.0 19.0 330.0 34.0
286 -1.0 -1.0 16.0 266.0 99.0
287 -1.0 -1.0 8.0 225.0 35.0
288 -1.0 -1.0 20.0 338.0 34.0
289 -1.0 -1.0 19.0 312.0 25.0
290 -1.0 -1.0 7.0 21.0 62.0
291 -1.0 -1.0 19.0 350.0 94.0
292 -1.0 -1.0 9.0 116.0 38.0
293 -1.0 -1.0 17.0 349.0 39.0
294 -1.0 -1.0 4.0 195.0 37.0
295 -1.0 -1.0 9.0 72.0 95.0
296 -1.0 -1.0 16.0 216.0 19.0
297 -1.0 -1.0 6.0 360.0 44.0
298 -1.0 -1.0 8.0 223.0 49.0
299 -1.0 -1.0 17.0 227.0 81.0
300 -1.0 -1.0 11.0 237.0 74.0
301 -1.0 -1.0 14.0 146.0 24.0
302 -1.0 -1.0 15.0 235.0 72.0
303 -1.0 -1.0 17.0 44.0 90.0
304 -1.0 -1.0 19.0 259.0 43.0
305 -1.0 -1.0 18.0 131.0 18.0
306 -1.0 -1.0 17.0 158.0 88.0
307 -1.0 -1.0 18.0 377.0 94.0
308 -1.0 -1.0 13.0 98.0 33.0
309 -1.0 -1.0 8.0 261.0 68.0
310 -1.0 -1.0 11.0 161.0 26.0
311 -1.0 -1.0 18.0 267.0 59.0
312 -1.0 -1.0 10.0 182.0 55.0
313 -1.0 -1.0 20.0 279.0 18.0
314 -1.0 -1.0 18.0 183.0 47.0
315 -1.0 -1.0 14.0 43.0 38.0
316 -1.0 -1.0 12.0 251.0 64.0
317 -1.0 -1.0 4.0 202.0 61.0
318 -1.0 -1.0 12.0 79.0 46.0
319 -1.0 -1.0 16.0 355.0 64.0
320 -1.0 -1.0 18.0 32.0 16.0
321 -1.0 -1.0 20.0 42.0 83.0
322 -1.0 -1.0 5.0 205.0 18.0
323 -1.0 -1.0 15.0 28.0 77.0
324 -1.0 -1.0 8.0 227.0 33.0
325 -1.0 -1.0 8.0 235.0 71.0
326 -1.0 -1.0 6.0 288.0 34.0
327 -1.0 -1.0 13.0 195.0 82.0
328 -1.0 -1.0 14.0 125.0 22.0
329 -1.0 -1.0 10.0 343.0 97.0
330 -1.0 -1.0 7.0 333.0 76.0
331 -1.0 -1.0 12.0 149.0 72.0
332 -1.0 -1.0 10.0 361.0 64.0
333 -1.0 -1.0 9.0 135.0 97.0
334 -1.0 -1.0 17.0 236.0 25.0
335 -1.0 -1.0 12.0 301.0 91.0
336 -1.0 -1.0 18.0 296.0 62.0
337 -1.0 -1.0 14.0 341.0 76.0
338 -1.0 -1.0 4.0 90.0 85.0
339 -1.0 -1.0 9.0 183.0 44.0
340 -1.0 -1.0 18.0 383.0 91.0
341 -1.0 -1.0 12.0 395.0 76.0
342 -1.0 -1.0 7.0 369.0 72.0
343 -1.0 -1.0 6.0 143.0 57.0
344 -1.0 -1.0 9.0 54.0 37.0
345 -1.0 -1.0 6.0 261.0 25.0
346 -1.0 -1.0 9.0 87.0 24.0
347 -1.0 -1.0 4.0 50.0 72.0
348 -1.0 -1.0 18.0 320.0 32.0
349 -1.0 -1.0 4.0 161.0 31.0
350 -1.0 -1.0 17.0 219.0 55.0
351 -1.0 -1.0 7.0 319.0 89.0
352 -1.0 -1.0 12.0 354.0 39.0
353 -1.0 -1.0 4.0 200.0 66.0
354 -1.0 -1.0 5.0 334.0 99.0
355 -1.0 -1.0 13.0 400.0 26.0
356 -1.0 -1.0 13.0 101.0 37.0
357 -1.0 -1.0 20.0 147.0 86.0
358 -1.0 -1.0 13.0 248.0 45.0
359 -1.0 -1.0 20.0 371.0 59.0
360 -1.0 -1.0 10.0 102.0 21.0
361 -1.0 -1.0 4.0 139.0 60.0
362 -1.0 -1.0 15.0 37.0 22.0
363 -1.0 -1.0 18.0 254.0 38.0
364 -1.0 -1.0 8.0 359.0 44.0
365 -1.0 -1.0 18.0 361.0 46.0
366 -1.0 -1.0 18.0 137.0 20.0
367 -1.0 -1.0 12.0 298.0 96.0
368 -1.0 -1.0 7.0 274.0 38.0
369 -1.0 -1.0 7.0 382.0 56.0
370 -1.0 -1.0 13.0 45.0 95.0
371 -1.0 -1.0 6.0 265.0 61.0
372 -1.0 -1.0 10.0 104.0 83.0
373 -1.0 -1.0 10.0 347.0 78.0
374 -1.0 -1.0 19.0 26.0 36.0
375 -1.0 -1.0 13.0 395.0 81.0
376 -1.0 -1.0 9.0 184.0 35.0
377 -1.0 -1.0 13.0 242.0 71.0
378 -1.0 -1.0 20.0 380.0 49.0
379 -1.0 -1.0 18.0 313.0 38.0
380 -1.0 -1.0 19.0 137.0 76.0
381 -1.0 -1.0 20.0 16.0 46.0
382 -1.0 -1.0 5.0 293.0 90.0
383 -1.0 -1.0 13.0 84.0 69.0
384 -1.0 -1.0 18.0 323.0 23.0
385 -1.0 -1.0 14.0 286.0 84.0
386 -1.0 -1.0 7.0 400.0 38.0
387 -1.0 -1.0 13.0 278.0 31.0
388 -1.0 -1.0 18.0 180.0 77.0
389 -1.0 -1.0 12.0 278.0 83.0
390 -1.0 -1.0 13.0 265.0 95.0
391 -1.0 -1.0 15.0 283.0 73.0
392 -1.0 -1.0 15.0 157.0 90.0
393 -1.0 -1.0 5.0 98.0 42.0
394 -1.0 -1.0 9.0 281.0 31.0
395 -1.0 -1.0 15.0 193.0 63.0
396 -1.0 -1.0 9.0 142.0 20.0
397 -1.0 -1.0 13.0 28.0 35.0
398 -1.0 -1.0 7.0 47.0 62.0
399 -1.0 -1.0 13.0 68.0 43.0
400 -1.0 -1.0 19.0 364.0 81.0
401 -1.0 -1.0 19.0 157.0 90.0
402 -1.0 -1.0 17.0 257.0 61.0
403 -1.0 -1.0 9.0 26.0 81.0
404 -1.0 -1.0 11.0 141.0 96.0
405 -1.0 -1.0 5.0 307.0 70.0
406 -1.0 -1.0 18.0 163.0 32.0
407 -1.0 -1.0 13.0 328.0 22.0
408 -1.0 -1.0 17.0 335.0 66.0
409 -1.0 -1.0 16.0 228.0 27.0
410 -1.0 -1.0 7.0 23.0 72.0
411 -1.0 -1.0 18.0 150.0 69.0
412 -1.0 -1.0 17.0 99.0 38.0
413 -1.0 -1.0 7.0 279.0 61.0
414 -1.0 -1.0 18.0 386.0 82.0
415 -1.0 -1.0 11.0 304.0 48.0
416 -1.0 -1.0 16.0 340.0 28.0
417 -1.0 -1.0 8.0 200.0 36.0
418 -1.0 -1.0 19.0 178.0 57.0
419 -1.0 -1.0 15.0 194.0 56.0
420 -1.0 -1.0 12.0 395.0 42.0
421 -1.0 -1.0 5.0 238.0 48.0
422 -1.0 -1.0 19.0 43.0 82.0
423 -1.0 -1.0 19.0 332.0 88.0
424 -1.0 -1.0 8.0 390.0 46.0
425 -1.0 -1.0 4.0 373.0 41.0
426 -1.0 -1.0 11.0 87.0 28.0
427 -1.0 -1.0 8.0 209.0 51.0
428 -1.0 -1.0 13.0 238.0 24.0
429 -1.0 -1.0 18.0 251.0 85.0
430 -1.0 -1.0 16.0 312.0 63.0
431 -1.0 -1.0 11.0 299.0 51.0
432 -1.0 -1.0 10.0 32.0 74.0
433 -1.0 -1.0 12.0 171.0 95.0
434 -1.0 -1.0 6.0 332.0 73.0
435 -1.0 -1.0 8.0 330.0 88.0
436 -1.0 -1.0 5.0 194.0 78.0
437 -1.0 -1.0 19.0 123.0 34.0
438 -1.0 -1.0 18.0 130.0 83.0
439 -1.0 -1.0 20.0 98.0 52.0
440 -1.0 -1.0 7.0 118.0 22.0
441 -1.0 -1.0 20.0 295.0 91.0
442 -1.0 -1.0 13.0 86.0 35.0
443 -1.0 -1.0 12.0 363.0 29.0
444 -1.0 -1.0 13.0 71.0 47.0
445 -1.0 -1.0 6.0 343.0 40.0
446 -1.0 -1.0 20.0 176.0 49.0
447 -1.0 -1.0 16.0 362.0 52.0
448 -1.0 -1.0 9.0 148.0 43.0
449 -1.0 -1.0 18.0 203.0 61.0
450 -1.0 -1.0 17.0 77.0 83.0
451 -1.0 -1.0 14.0 197.0 83.0
452 -1.0 -1.0 8.0 211.0 35.0
453 -1.0 -1.0 7.0 16.0 89.0
454 -1.0 -1.0 10.0 259.0 20.0
455 -1.0 -1.0 4.0 290.0 41.0
456 -1.0 -1.0 4.0 211.0 50.0
457 -1.0 -1.0 12.0 117.0 35.0
458 -1.0 -1.0 7.0 234.0 79.0
459 -1.0 -1.0 8.0 245.0 94.0
460 -1.0 -1.0 11.0 299.0 52.0
461 -1.0 -1.0 15.0 283.0 74.0
462 -1.0 -1.0 10.0 387.0 81.0
463 -1.0 -1.0 18.0 182.0 22.0
464 -1.0 -1.0 12.0 158.0 68.0
465 -1.0 -1.0 9.0 209.0 97.0
466 -1.0 -1.0 8.0 383.0 86.0
467 -1.0 -1.0 12.0 383.0 75.0
468 -1.0 -1.0 17.0 333.0 63.0
469 -1.0 -1.0 18.0 275.0 98.0
470 -1.0 -1.0 18.0 117.0 41.0
471 -1.0 -1.0 20.0 60.0 62.0
472 -1.0 -1.0 9.0 269.0 99.0
473 -1.0 -1.0 20.0 338.0 84.0
474 -1.0 -1.0 4.0 204.0 56.0
475 -1.0 -1.0 8.0 85.0 49.0
476 -1.0 -1.0 13.0 309.0 87.0
477 -1.0 -1.0 13.0 251.0 58.0
478 -1.0 -1.0 19.0 208.0 76.0
479 -1.0 -1.0 13.0 203.0 93.0
480 -1.0 -1.0 20.0 207.0 62.0
481 -1.0 -1.0 10.0 94.0 58.0
482 -1.0 -1.0 13.0 117.0 85.0
483 -1.0 -1.0 20.0 267.0 37.0
484 -1.0 -1.0 18.0 331.0 97.0
485 -1.0 -1.0 4.0 381.0 15.0
486 -1.0 -1.0 13.0 111.0 88.0
487 -1.0 -1.0 15.0 118.0 56.0
488 -1.0 -1.0 6.0 173.0 32.0
489 -1.0 -1.0 10.0 312.0 81.0
490 -1.0 -1.0 11.0 276.0 45.0
491 -1.0 -1.0 11.0 177.0 61.0
492 -1.0 -1.0 5.0 182.0 89.0
493 -1.0 -1.0 15.0 311.0 85.0
494 -1.0 -1.0 10.0 282.0 24.0
495 -1.0 -1.0 20.0 83.0 97.0
496 -1.0 -1.0 14.0 87.0 44.0
497 -1.0 -1.0 8.0 142.0 44.0
498 -1.0 -1.0 18.0 154.0 36.0
499 -1.0 -1.0 9.0 354.0 98.0
500 -1.0 -1.0 10.0 16.0 66.0
501 -1.0 -1.0 11.0 97.0 40.0
502 -1.0 -1.0 10.0 289.0 28.0
503 -1.0 -1.0 13.0 372.0 61.0
504 -1.0 -1.0 14.0 259.0 69.0
505 -1.0 -1.0 14.0 164.0 46.0
506 -1.0 -1.0 13.0 85.0 28.0
507 -1.0 -1.0 18.0 290.0 67.0
508 -1.0 -1.0 17.0 400.0 64.0
509 -1.0 -1.0 20.0 239.0 60.0
510 -1.0 -1.0 4.0 316.0 66.0
511 -1.0 -1.0 13.0 316.0 57.0
512 -1.0 -1.0 12.0 346.0 48.0
513 -1.0 -1.0 6.0 139.0 23.0
514 -1.0 -1.0 4.0 278.0 60.0
515 -1.0 -1.0 8.0 105.0 95.0
516 -1.0 -1.0 15.0 153.0 58.0
517 -1.0 -1.0 11.0 208.0 84.0
518 -1.0 -1.0 17.0 314.0 39.0
519 -1.0 -1.0 20.0 40.0 98.0
520 -1.0 -1.0 14.0 29.0 43.0
521 -1.0 -1.0 11.0 80.0 62.0
522 -1.0 -1.0 8.0 178.0 31.0
523 -1.0 -1.0 17.0 331.0 48.0
524 -1.0 -1.0 19.0 130.0 36.0
525 -1.0 -1.0 19.0 156.0 85.0
526 -1.0 -1.0 8.0 299.0 80.0
527 -1.0 -1.0 19.0 81.0 83.0
528 -1.0 -1.0 19.0 58.0 28.0
529 -1.0 -1.0 7.0 80.0 80.0
530 -1.0 -1.0 11.0 86.0 75.0
531 -1.0 -1.0 18.0 78.0 33.0
532 -1.0 -1.0 17.0 40.0 52.0
533 -1.0 -1.0 17.0 130.0 100.0
534 -1.0 -1.0 10.0 143.0 20.0
535 -1.0 -1.0 17.0 27.0 21.0
536 -1.0 -1.0 9.0 298.0 15.0
537 -1.0 -1.0 14.0 396.0 22.0
538 -1.0 -1.0 16.0 334.0 62.0
539 -1.0 -1.0 16.0 30.0 45.0
540 -1.0 -1.0 4.0 283.0 35.0
541 -1.0 -1.0 18.0 154.0 58.0
542 -1.0 -1.0 20.0 233.0 53.0
543 -1.0 -1.0 9.0 47.0 80.0
544 -1.0 -1.0 5.0 103.0 43.0
545 -1.0 -1.0 5.0 38.0 19.0
546 -1.0 -1.0 20.0 161.0 57.0
547 -1.0 -1.0 6.0 153.0 39.0
548 -1.0 -1.0 9.0 77.0 33.0
549 -1.0 -1.0 7.0 72.0 53.0
550 -1.0 -1.0 12.0 215.0 35.0
551 -1.0 -1.0 20.0 156.0 35.0
552 -1.0 -1.0 11.0 330.0 50.0
553 -1.0 -1.0 11.0 382.0 88.0
554 -1.0 -1.0 6.0 296.0 92.0
555 -1.0 -1.0 7.0 299.0 51.0
556 -1.0 -1.0 5.0 165.0 82.0
557 -1.0 -1.0 9.0 365.0 90.0
558 -1.0 -1.0 4.0 330.0 30.0
559 -1.0 -1.0 7.0 190.0 98.0
560 -1.0 -1.0 19.0 15.0 51.0
561 -1.0 -1.0 16.0 102.0 30.0
562 -1.0 -1.0 6.0 135.0 88.0
563 -1.0 -1.0 20.0 218.0 48.0
564 -1.0 -1.0 19.0 303.0 46.0
565 -1.0 -1.0 13.0 26.0 40.0
566 -1.0 -1.0 6.0 302.0 100.0
567 -1.0 -1.0 6.0 105.0 92.0
568 -1.0 -1.0 9.0 181.0 40.0
569 -1.0 -1.0 9.0 265.0 66.0
570 -1.0 -1.0 17.0 58.0 64.0
571 -1.0 -1.0 13.0 393.0 93.0
572 -1.0 -1.0 14.0 240.0 63.0
573 -1.0 -1.0 19.0 295.0 84.0
574 -1.0 -1.0 14.0 43.0 22.0
575 -1.0 -1.0 15.0 330.0 100.0
576 -1.0 -1.0 16.0 246.0 65.0
577 -1.0 -1.0 6.0 255.0 61.0
578 -1.0 -1.0 16.0 351.0 74.0
579 -1.0 -1.0 13.0 49.0 30.0
580 -1.0 -1.0 19.0 366.0 45.0
581 -1.0 -1.0 8.0 368.0 16.0
582 -1.0 -1.0 14.0 261.0 84.0
583 -1.0 -1.0 9.0 42.0 55.0
584 -1.0 -1.0 9.0 349.0 59.0
585 -1.0 -1.0 18.0 99.0 50.0
586 -1.0 -1.0 10.0 238.0 56.0
587 -1.0 -1.0 16.0 109.0 15.0
588 -1.0 -1.0 15.0 379.0 80.0
589 -1.0 -1.0 8.0 200.0 28.0
590 -1.0 -1.0 17.0 112.0 62.0
591 -1.0 -1.0 20.0 180.0 53.0
592 -1.0 -1.0 12.0 25.0 41.0
593 -1.0 -1.0 9.0 357.0 25.0
594 -1.0 -1.0 11.0 311.0 59.0
595 -1.0 -1.0 5.0 198.0 54.0
596 -1.0 -1.0 20.0 225.0 76.0
597 -1.0 -1.0 4.0 328.0 90.0
598 -1.0 -1.0 16.0 23.0 88.0
599 -1.0 -1.0 20.0 217.0 34.0
600 -1.0 -1.0 5.0 172.0 58.0
601 -1.0 -1.0 12.0 374.0 39.0
602 -1.0 -1.0 5.0 360.0 41.0
603 -1.0 -1.0 9.0 249.0 66.0
604 -1.0 -1.0 17.0 269.0 28.0
605 -1.0 -1.0 12.0 297.0 59.0
606 -1.0 -1.0 4.0 85.0 82.0
607 -1.0 -1.0 10.0 237.0 59.0
608 -1.0 -1.0 20.0 267.0 91.0
609 -1.0 -1.0 9.0 246.0 22.0
610 -1.0 -1.0 14.0 184.0 41.0
611 -1.0 -1.0 5.0 136.0 49.0
612 -1.0 -1.0 9.0 24.0 18.0
613 -1.0 -1.0 5.0 365.0 51.0
614 -1.0 -1.0 4.0 83.0 28.0
615 -1.0 -1.0 13.0 317.0 79.0
616 -1.0 -1.0 5.0 323.0 52.0
617 -1.0 -1.0 12.0 397.0 81.0
618 -1.0 -1.0 4.0 331.0 70.0
619 -1.0 -1.0 18.0 333.0 45.0
620 -1.0 -1.0 15.0 345.0 25.0
621 -1.0 -1.0 7.0 240.0 22.0
622 -1.0 -1.0 11.0 329.0 40.0
623 -1.0 -1.0 12.0 274.0 96.0
624 -1.0 -1.0 18.0 207.0 25.0
625 -1.0 -1.0 10.0 100.0 90.0
626 -1.0 -1.0 16.0 195.0 64.0
627 -1.0 -1.0 6.0 339.0 57.0
628 -1.0 -1.0 10.0 200.0 81.0
629 -1.0 -1.0 4.0 245.0 95.0
630 -1.0 -1.0 10.0 365.0 73.0
631 -1.0 -1.0 17.0 41.0 60.0
632 -1.0 -1.0 20.0 30.0 15.0
633 -1.0 -1.0 15.0 70.0 71.0
634 -1.0 -1.0 15.0 120.0 38.0
635 -1.0 -1.0 13.0 360.0 38.0
636 -1.0 -1.0 11.0 76.0 35.0
637 -1.0 -1.0 11.0 57.0 55.0
638 -1.0 -1.0 16.0 351.0 60.0
639 -1.0 -1.0 17.0 18.0 19.0
640 -1.0 -1.0 4.0 219.0 46.0
641 -1.0 -1.0 13.0 320.0 73.0
642 -1.0 -1.0 9.0 267.0 55.0
643 -1.0 -1.0 17.0 149.0 88.0
644 -1.0 -1.0 20.0 233.0 78.0
645 -1.0 -1.0 10.0 345.0 37.0
646 -1.0 -1.0 14.0 322.0 19.0
647 -1.0 -1.0 17.0 307.0 39.0
648 -1.0 -1.0 10.0 112.0 33.0
649 -1.0 -1.0 15.0 138.0 69.0
650 -1.0 -1.0 14.0 144.0 68.0
651 -1.0 -1.0 15.0 340.0 28.0
652 -1.0 -1.0 9.0 70.0 38.0
653 -1.0 -1.0 4.0 65.0 90.0
654 -1.0 -1.0 12.0 188.0 28.0
655 -1.0 -1.0 12.0 163.0 77.0
656 -1.0 -1.0 17.0 201.0 85.0
657 -1.0 -1.0 13.0 353.0 94.0
658 -1.0 -1.0 15.0 144.0 70.0
659 -1.0 -1.0 18.0 329.0 54.0
660 -1.0 -1.0 9.0 90.0 86.0
661 -1.0 -1.0 8.0 90.0 31.0
662 -1.0 -1.0 12.0 370.0 100.0
663 -1.0 -1.0 19.0 116.0 88.0
664 -1.0 -1.0 16.0 333.0 28.0
665 -1.0 -1.0 19.0 96.0 43.0
666 -1.0 -1.0 8.0 127.0 31.0
667 -1.0 -1.0 10.0 367.0 56.0
668 -1.0 -1.0 7.0 109.0 48.0
669 -1.0 -1.0 20.0 312.0 48.0
670 -1.0 -1.0 20.0 340.0 62.0
671 -1.0 -1.0 5.0 113.0 90.0
672 -1.0 -1.0 11.0 126.0 100.0
673 -1.0 -1.0 13.0 199.0 32.0
674 -1.0 -1.0 5.0 229.0 68.0
675 -1.0 -1.0 11.0 120.0 21.0
676 -1.0 -1.0 11.0 171.0 36.0
677 -1.0 -1.0 16.0 24.0 55.0
678 -1.0 -1.0 6.0 378.0 24.0
679 -1.0 -1.0 15.0 31.0 90.0
680 -1.0 -1.0 15.0 390.0 92.0
681 -1.0 -1.0 19.0 388.0 39.0
682 -1.0 -1.0 12.0 309.0 40.0
683 -1.0 -1.0 15.0 235.0 99.0
684 -1.0 -1.0 6.0 363.0 65.0
685 -1.0 -1.0 9.0 24.0 43.0
686 -1.0 -1.0 7.0 64.0 55.0
687 -1.0 -1.0 16.0 22.0 46.0
688 -1.0 -1.0 14.0 374.0 70.0
689 -1.0 -1.0 9.0 342.0 93.0
690 -1.0 -1.0 16.0 262.0 53.0
691 -1.0 -1.0 4.0 250.0 96.0
692 -1.0 -1.0 11.0 21.0 67.0
693 -1.0 -1.0 6.0 36.0 22.0
694 -1.0 -1.0 7.0 286.0 59.0
695 -1.0 -1.0 15.0 209.0 97.0
696 -1.0 -1.0 4.0 370.0 21.0
697 -1.0 -1.0 12.0 303.0 98.0
698 -1.0 -1.0 17.0 47.0 23.0
699 -1.0 -1.0 12.0 138.0 90.0
700 -1.0 -1.0 16.0 238.0 29.0
701 -1.0 -1.0 17.0 160.0 36.0
702 -1.0 -1.0 6.0 28.0 19.0
703 -1.0 -1.0 4.0 35.0 40.0
704 -1.0 -1.0 17.0 232.0 35.0
705 -1.0 -1.0 16.0 266.0 47.0
706 -1.0 -1.0 8.0 52.0 59.0
707 -1.0 -1.0 19.0 202.0 59.0
708 -1.0 -1.0 9.0 247.0 18.0
709 -1.0 -1.0 15.0 179.0 77.0
710 -1.0 -1.0 10.0 59.0 88.0
711 -1.0 -1.0 18.0 205.0 17.0
712 -1.0 -1.0 17.0 263.0 78.0
713 -1.0 -1.0 5.0 110.0 51.0
714 -1.0 -1.0 6.0 367.0 48.0
715 -1.0 -1.0 19.0 271.0 87.0
716 -1.0 -1.0 8.0 351.0 51.0
717 -1.0 -1.0 20.0 372.0 52.0
718 -1.0 -1.0 8.0 335.0 25.0
719 -1.0 -1.0 18.0 65.0 84.0
720 -1.0 -1.0 14.0 336.0 90.0
721 -1.0 -1.0 19.0 257.0 29.0
722 -1.0 -1.0 9.0 249.0 26.0
723 -1.0 -1.0 13.0 24.0 15.0
724 -1.0 -1.0 11.0 359.0 24.0
725 -1.0 -1.0 19.0 386.0 59.0
952
0 26 5
0 1 7
1 27 10
2 3 11
3 29 9
3 4 11
4 30 8
4 5 11
5 6 5
6 31 9
6 7 9
7 8 5
8 9 7
10 11 11
11 33 11
11 12 10
12 13 5
13 14 6
14 34 10
14 15 7
15 35 7
16 37 7
16 17 7
17 18 5
18 38 12
18 19 8
20 41 10
20 21 12
21 42 8
21 22 8
22 43 8
23 44 7
23 24 11
25 45 11
25 26 12
26 27 9
27 28 7
28 46 9
29 48 9
29 30 10
30 49 7
31 50 11
32 54 12
33 55 5
34 57 5
34 35 5
35 58 5
35 36 9
36 59 7
36 37 12
37 60 5
38 62 9
39 63 5
39 40 12
40 64 7
40 41 6
41 65 6
41 42 8
42 66 7
42 43 12
43 67 11
44 69 10
45 71 9
46 74 8
46 47 9
47 48 11
48 49 5
50 51 11
51 75 6
51 52 6
52 76 7
52 53 11
53 54 9
55 79 11
55 56 5
57 80 5
57 58 7
58 59 11
59 60 10
60 81 7
60 61 12
61 82 8
61 62 8
62 83 9
63 85 6
63 64 9
64 86 11
64 65 12
65 87 8
65 66 8
66 67 11
67 88 12
67 68 9
68 69 11
69 89 12
69 70 8
70 90 11
71 72 11
72 91 7
72 73 10
73 92 6
73 74 8
75 97 8
75 76 5
76 98 9
77 101 9
77 78 8
78 102 12
78 79 7
79 103 10
80 106 9
81 108 11
81 82 10
82 109 7
82 83 6
83 110 7
83 84 6
84 111 8
84 85 5
85 86 7
86 87 5
88 112 12
89 90 11
90 113 5
91 114 12
91 92 6
93 115 11
93 94 5
94 95 5
95 116 10
95 96 10
96 117 11
97 119 12
97 98 11
98 99 11
99 120 5
99 100 7
100 121 7
100 101 9
101 122 6
101 102 8
102 123 8
102 103 10
103 124 11
103 104 8
104 125 8
104 105 8
105 126 10
105 106 11
106 127 9
107 108 6
108 129 12
108 109 12
109 130 6
109 110 10
110 131 8
110 111 6
112 135 7
113 138 7
114 139 5
115 142 8
116 117 8
117 144 11
117 118 11
118 119 10
119 145 12
120 146 9
120 121 12
121 147 6
121 122 6
122 148 7
122 123 5
123 149 8
123 124 10
124 150 5
124 125 6
125 151 11
125 126 11
126 127 7
127 152 9
127 128 11
128 153 5
129 130 7
130 131 9
131 155 5
132 157 11
132 133 8
134 159 5
134 135 5
135 160 6
135 136 7
136 161 8
136 137 9
137 162 10
137 138 6
139 140 5
140 164 7
140 141 8
141 165 9
141 142 8
142 166 11
142 143 11
145 167 10
146 168 9
146 147 8
147 148 10
148 169 9
148 149 8
149 150 6
150 170 7
150 151 7
152 172 5
152 153 11
153 173 8
153 154 12
154 174 6
155 177 11
155 156 6
156 178 5
156 157 5
157 179 7
158 181 9
158 159 7
159 160 5
160 182 9
160 161 11
161 162 6
162 183 11
163 185 8
164 187 10
164 165 12
165 188 8
165 166 8
166 189 8
168 193 10
170 195 12
171 196 6
171 172 12
172 173 6
173 197 8
173 174 10
174 175 11
175 198 10
175 176 11
176 199 12
176 177 10
177 200 11
177 178 9
178 201 12
178 179 7
179 202 7
179 180 10
180 181 5
182 203 10
183 184 10
185 186 11
186 187 12
187 205 6
187 188 11
188 206 7
188 189 9
190 191 7
191 208 7
191 192 11
192 209 10
193 212 6
193 194 7
195 215 10
197 218 10
198 219 6
198 199 10
199 220 8
199 200 6
200 221 8
200 201 10
201 222 7
201 202 6
202 223 12
203 227 7
203 204 8
205 230 6
205 206 5
207 232 7
208 234 5
208 209 11
209 210 9
210 235 5
210 211 12
211 212 10
212 236 7
213 238 12
213 214 9
214 215 7
215 239 7
215 216 11
216 240 10
217 242 11
217 218 8
218 243 9
219 245 12
219 220 7
220 246 8
220 221 11
221 247 12
221 222 6
222 248 12
222 223 11
223 224 6
224 225 10
225 226 11
226 249 10
226 227 12
228 251 12
229 253 6
229 230 9
231 255 11
231 232 12
232 256 6
232 233 7
233 234 9
236 259 7
236 237 9
237 260 7
237 238 8
238 261 6
239 262 12
239 240 12
240 263 12
240 241 10
241 242 10
242 264 5
242 243 5
243 265 8
243 244 9
244 266 8
244 245 8
245 246 10
246 247 5
247 267 11
247 248 8
248 268 6
250 273 9
250 251 12
251 274 7
252 275 9
252 253 11
254 277 7
254 255 12
255 278 6
255 256 7
257 280 6
258 259 12
259 260 7
260 282 10
260 261 6
262 263 6
263 283 7
264 265 9
265 266 6
267 268 9
268 284 6
268 269 7
269 285 8
269 270 10
270 271 6
272 288 10
272 273 6
273 289 10
273 274 12
274 290 8
276 292 7
276 277 5
277 293 9
277 278 5
279 295 12
280 297 5
280 281 12
281 298 6
283 304 10
284 310 7
284 285 7
286 287 5
287 313 8
287 288 8
288 314 10
288 289 12
289 315 10
289 290 7
291 317 9
291 292 5
292 293 12
293 318 12
294 320 10
294 295 8
295 321 12
295 296 7
296 322 12
296 297 12
297 323 5
297 298 11
298 324 9
298 299 5
299 325 6
299 300 10
300 326 12
301 327 12
301 302 5
302 303 7
303 328 11
303 304 9
304 329 12
305 331 6
306 333 12
306 307 11
307 334 10
307 308 8
308 335 11
308 309 9
309 310 11
310 336 12
311 312 7
312 338 11
313 340 10
313 314 10
314 341 7
314 315 10
316 342 11
316 317 8
317 343 10
318 319 8
319 320 7
320 344 10
320 321 9
321 322 8
322 345 11
322 323 10
323 324 11
324 325 10
325 346 10
325 326 9
326 347 9
327 348 5
328 329 11
329 349 7
329 330 11
330 350 6
330 331 9
331 332 7
332 351 8
332 333 6
333 352 8
333 334 6
334 335 11
336 354 10
336 337 7
338 356 10
338 339 10
339 340 12
340 341 5
341 357 6
342 360 7
342 343 10
343 361 9
344 362 12
345 364 12
346 367 5
346 347 9
347 368 9
349 371 7
349 350 7
351 372 12
351 352 10
352 373 12
353 376 7
353 354 9
354 377 9
355 356 5
356 378 8
357 381 9
357 358 6
358 382 12
358 359 8
360 383 9
360 361 12
361 384 8
362 363 9
363 387 5
363 364 7
364 388 8
364 365 10
365 366 5
366 389 9
366 367 11
367 368 6
368 390 8
368 369 12
369 391 9
370 371 11
372 395 5
372 373 7
373 396 6
373 374 5
374 397 6
374 375 10
375 398 5
375 376 7
376 377 10
378 400 12
378 379 8
379 401 5
379 380 6
380 381 12
381 402 8
381 382 9
382 403 9
383 404 9
383 384 8
384 405 5
384 385 5
385 386 8
386 406 6
387 409 6
387 388 7
388 410 10
389 412 11
390 413 10
390 391 11
391 414 5
391 392 11
392 393 5
393 415 11
394 418 6
394 395 12
395 396 11
396 419 10
396 397 10
397 420 5
397 398 12
398 421 9
399 423 6
399 400 6
400 424 6
400 401 9
402 425 6
402 403 7
404 405 11
405 427 10
406 407 8
407 429 9
407 408 9
408 409 10
409 430 12
409 410 7
410 431 10
410 411 5
411 432 10
411 412 8
413 433 9
413 414 10
416 436 9
416 417 9
417 437 12
417 418 9
419 438 5
419 420 6
420 439 12
420 421 8
421 440 11
422 423 8
423 424 6
424 443 10
425 446 7
426 448 5
427 450 9
427 428 10
428 451 8
430 454 5
430 431 7
431 455 7
431 432 6
434 457 12
435 459 11
435 436 6
436 437 12
437 460 10
438 439 5
439 462 7
439 440 6
440 463 10
440 441 11
441 442 12
442 464 9
443 467 10
443 444 5
444 468 6
444 445 9
445 446 8
446 469 9
446 447 12
447 470 12
447 448 5
448 471 9
449 472 11
449 450 10
450 473 9
450 451 8
451 474 6
451 452 6
453 475 7
453 454 9
454 455 10
455 476 11
456 457 6
457 458 6
458 459 7
459 480 9
460 482 11
461 484 7
462 486 8
462 463 6
463 487 10
464 488 6
464 465 8
465 489 10
465 466 10
466 490 5
466 467 12
467 468 7
469 491 11
469 470 10
470 471 8
472 473 8
473 492 5
473 474 11
474 493 12
475 496 7
476 497 6
476 477 6
477 478 5
478 479 6
479 498 10
480 503 12
480 481 6
481 482 7
482 483 6
483 504 9
483 484 9
484 505 8
484 485 5
485 506 9
485 486 8
486 507 10
486 487 7
487 508 6
488 510 12
488 489 6
489 511 10
489 490 9
490 512 7
491 515 6
492 518 8
492 493 10
493 519 6
493 494 7
494 495 7
495 496 12
496 520 10
497 522 10
498 524 6
498 499 11
499 500 12
500 525 5
500 501 7
501 502 6
502 526 6
502 503 12
503 527 10
504 505 9
505 506 9
506 529 12
506 507 12
507 530 8
507 508 10
508 531 6
508 509 9
509 532 5
509 510 7
510 533 9
510 511 12
511 512 9
512 534 11
513 514 8
514 515 8
515 536 8
515 516 5
516 517 9
517 537 5
518 538 12
518 519 7
520 541 5
520 521 9
521 542 12
521 522 7
522 523 9
525 544 8
526 545 7
526 527 11
527 546 8
528 547 6
529 530 7
530 550 7
530 531 10
531 551 11
531 532 6
532 552 11
532 533 10
534 553 7
534 535 7
535 554 12
536 556 9
537 557 6
538 559 8
539 560 9
539 540 9
540 561 11
540 541 6
541 562 12
541 542 5
542 563 11
543 565 11
543 544 12
544 566 8
545 567 11
545 546 5
547 548 11
548 568 12
548 549 12
549 569 5
550 551 6
551 570 5
551 552 12
552 571 5
553 574 10
553 554 5
554 555 11
556 576 5
558 559 12
559 578 12
560 561 6
561 580 8
561 562 10
562 581 12
562 563 7
563 582 6
564 584 7
565 586 7
565 566 6
566 587 11
568 569 8
569 590 10
570 593 6
570 571 10
571 594 11
571 572 5
572 595 5
572 573 12
573 574 5
574 596 12
575 598 10
575 576 8
576 599 5
576 577 9
577 600 8
578 579 10
579 603 5
580 604 8
580 581 6
581 605 5
581 582 12
582 606 12
582 583 8
583 584 8
584 607 10
585 586 5
586 608 11
586 587 5
587 588 11
588 609 7
589 611 9
590 591 11
591 614 5
591 592 10
592 593 11
593 615 7
593 594 11
594 595 8
595 616 11
596 617 6
597 619 5
597 598 5
598 620 8
598 599 12
599 600 10
600 601 8
602 621 9
603 623 8
604 605 5
605 625 6
605 606 10
606 626 7
607 627 11
609 631 8
609 610 7
610 632 10
610 611 11
611 633 12
611 612 7
612 613 10
613 634 12
614 635 5
615 637 5
616 639 11
617 640 12
617 618 12
618 641 10
618 619 12
619 642 12
619 620 12
620 643 9
621 622 9
622 623 10
623 624 9
625 646 10
625 626 9
626 647 12
627 628 12
628 629 5
629 649 6
630 631 8
631 651 12
631 632 6
632 652 10
632 633 10
633 653 10
635 655 7
635 636 11
636 637 7
637 638 6
638 639 10
639 656 10
640 641 6
641 658 6
641 642 9
642 643 8
643 659 6
643 644 8
644 660 11
644 645 9
645 661 6
646 647 10
647 663 11
647 648 12
648 664 6
649 666 5
649 650 8
650 667 10
651 669 10
651 652 9
652 670 10
652 653 10
653 654 12
654 671 12
655 674 8
656 676 8
656 657 6
657 677 5
659 679 8
659 660 9
660 680 6
660 661 12
661 662 10
663 686 5
663 664 8
664 687 10
665 689 11
665 666 12
666 690 5
666 667 8
667 691 7
667 668 6
668 669 7
669 670 5
671 693 8
671 672 7
672 694 5
673 674 7
674 696 6
675 698 11
676 677 8
677 699 7
677 678 6
678 700 5
679 702 5
679 680 11
680 703 12
681 682 6
682 683 8
683 705 10
683 684 7
684 706 6
684 685 9
685 707 9
686 709 8
686 687 7
687 710 7
687 688 9
688 689 9
689 711 8
689 690 11
690 712 8
690 691 6
691 713 9
692 715 12
692 693 7
693 694 8
694 716 11
694 695 9
696 718 5
696 697 8
697 719 12
697 698 9
698 720 10
699 722 10
699 700 11
701 724 9
701 702 12
702 703 6
703 704 6
704 725 7
705 706 9
706 707 10
707 708 6
708 709 8
709 710 6
711 712 5
712 713 5
714 715 11
717 718 9
718 719 6
719 720 7
721 722 9
723 724 5
10 0.05 0.05 0.05
