726
0 -1.0 -1.0 17.0 210.0 69.0
1 -1.0 -1.0 8.0 211.0 92.0
2 -1.0 -1.0 15.0 26.0 42.0
3 -1.0 -1.0 19.0 138.0 20.0
4 -1.0 -1.0 7.0 354.0 52.0
5 -1.0 -1.0 18.0 300.0 50.0
6 -1.0 -1.0 19.0 309.0 23.0
7 -1.0 -1.0 17.0 333.0 30.0
8 -1.0 -1.0 16.0 199.0 65.0
9 -1.0 -1.0 19.0 181.0 81.0
10 -1.0 -1.0 11.0 278.0 82.0
11 -1.0 -1.0 16.0 100.0 97.0
12 -1.0 -1.0 12.0 296.0 22.0
13 -1.0 -1.0 12.0 382.0 99.0
14 -1.0 -1.0 19.0 369.0 36.0
15 -1.0 -1.0 9.0 344.0 42.0
16 -1.0 -1.0 15.0 89.0 97.0
17 -1.0 -1.0 14.0 340.0 73.0
18 -1.0 -1.0 10.0 274.0 32.0
19 -1.0 -1.0 14.0 119.0 96.0
20 -1.0 -1.0 4.0 260.0 22.0
21 -1.0 -1.0 10.0 182.0 61.0
22 -1.0 -1.0 7.0 148.0 46.0
23 -1.0 -1.0 11.0 258.0 37.0
24 -1.0 -1.0 6.0 249.0 45.0
25 -1.0 -1.0 13.0 241.0 32.0
26 -1.0 -1.0 7.0 197.0 41.0
27 -1.0 -1.0 10.0 272.0 51.0
28 -1.0 -1.0 12.0 389.0 48.0
29 -1.0 -1.0 17.0 368.0 85.0
30 -1.0 -1.0 7.0 198.0 39.0
31 -1.0 -1.0 19.0 15.0 39.0
32 -1.0 -1.0 18.0 113.0 97.0
33 -1.0 -1.0 13.0 354.0 50.0
34 -1.0 -1.0 6.0 228.0 71.0
35 -1.0 -1.0 8.0 353.0 62.0
36 -1.0 -1.0 14.0 243.0 42.0
37 -1.0 -1.0 20.0 43.0 44.0
38 -1.0 -1.0 10.0 349.0 77.0
39 -1.0 -1.0 9.0 370.0 100.0
40 -1.0 -1.0 18.0 171.0 56.0
41 -1.0 -1.0 14.0 304.0 16.0
42 -1.0 -1.0 19.0 60.0 48.0
43 -1.0 -1.0 5.0 245.0 25.0
44 -1.0 -1.0 15.0 118.0 88.0
45 -1.0 -1.0 11.0 326.0 85.0
46 -1.0 -1.0 13.0 272.0 93.0
47 -1.0 -1.0 9.0 55.0 52.0
48 -1.0 -1.0 18.0 271.0 54.0
49 -1.0 -1.0 6.0 303.0 71.0
50 -1.0 -1.0 17.0 235.0 15.0
51 -1.0 -1.0 4.0 264.0 19.0
52 -1.0 -1.0 9.0 69.0 100.0
53 -1.0 -1.0 16.0 217.0 57.0
54 -1.0 -1.0 20.0 116.0 89.0
55 -1.0 -1.0 8.0 340.0 29.0
56 -1.0 -1.0 11.0 168.0 88.0
57 -1.0 -1.0 4.0 311.0 90.0
58 -1.0 -1.0 13.0 374.0 18.0
59 -1.0 -1.0 20.0 67.0 53.0
60 -1.0 -1.0 13.0 189.0 40.0
61 -1.0 -1.0 7.0 51.0 41.0
62 -1.0 -1.0 15.0 354.0 91.0
63 -1.0 -1.0 19.0 241.0 21.0
64 -1.0 -1.0 11.0 206.0 43.0
65 -1.0 -1.0 4.0 59.0 57.0
66 -1.0 -1.0 8.0 219.0 69.0
67 -1.0 -1.0 8.0 40.0 25.0
68 -1.0 -1.0 4.0 233.0 74.0
69 -1.0 -1.0 9.0 329.0 81.0
70 -1.0 -1.0 15.0 392.0 75.0
71 -1.0 -1.0 11.0 190.0 96.0
72 -1.0 -1.0 17.0 199.0 55.0
73 -1.0 -1.0 8.0 67.0 33.0
74 -1.0 -1.0 16.0 399.0 62.0
75 -1.0 -1.0 19.0 329.0 62.0
76 -1.0 -1.0 9.0 201.0 31.0
77 -1.0 -1.0 11.0 189.0 48.0
78 -1.0 -1.0 7.0 387.0 28.0
79 -1.0 -1.0 19.0 320.0 90.0
80 -1.0 -1.0 13.0 329.0 83.0
81 -1.0 -1.0 15.0 193.0 90.0
82 -1.0 -1.0 16.0 371.0 89.0
83 -1.0 -1.0 11.0 341.0 47.0
84 -1.0 -1.0 15.0 351.0 99.0
85 -1.0 -1.0 13.0 350.0 25.0
86 -1.0 -1.0 17.0 211.0 16.0
87 -1.0 -1.0 18.0 33.0 72.0
88 -1.0 -1.0 13.0 395.0 29.0
89 -1.0 -1.0 10.0 178.0 40.0
90 -1.0 -1.0 17.0 207.0 40.0
91 -1.0 -1.0 8.0 86.0 27.0
92 -1.0 -1.0 13.0 248.0 36.0
93 -1.0 -1.0 9.0 208.0 40.0
94 -1.0 -1.0 19.0 205.0 96.0
95 -1.0 -1.0 16.0 254.0 47.0
96 -1.0 -1.0 7.0 290.0 86.0
97 -1.0 -1.0 19.0 355.0 68.0
98 -1.0 -1.0 20.0 349.0 46.0
99 -1.0 -1.0 8.0 393.0 44.0
100 -1.0 -1.0 13.0 183.0 22.0
101 -1.0 -1.0 10.0 209.0 35.0
102 -1.0 -1.0 17.0 336.0 64.0
103 -1.0 -1.0 7.0 128.0 78.0
104 -1.0 -1.0 14.0 235.0 24.0
105 -1.0 -1.0 15.0 359.0 60.0
106 -1.0 -1.0 15.0 210.0 66.0
107 -1.0 -1.0 13.0 224.0 70.0
108 -1.0 -1.0 18.0 88.0 35.0
109 -1.0 -1.0 11.0 204.0 70.0
110 -1.0 -1.0 20.0 32.0 66.0
111 -1.0 -1.0 16.0 208.0 94.0
112 -1.0 -1.0 6.0 236.0 37.0
113 -1.0 -1.0 4.0 113.0 25.0
114 -1.0 -1.0 14.0 141.0 24.0
115 -1.0 -1.0 17.0 289.0 71.0
116 -1.0 -1.0 4.0 279.0 72.0
117 -1.0 -1.0 11.0 254.0 44.0
118 -1.0 -1.0 16.0 366.0 26.0
119 -1.0 -1.0 16.0 58.0 59.0
120 -1.0 -1.0 5.0 86.0 90.0
121 -1.0 -1.0 14.0 208.0 81.0
122 -1.0 -1.0 11.0 295.0 77.0
123 -1.0 -1.0 5.0 91.0 89.0
124 -1.0 -1.0 5.0 347.0 54.0
125 -1.0 -1.0 7.0 308.0 23.0
126 -1.0 -1.0 19.0 184.0 15.0
127 -1.0 -1.0 6.0 72.0 40.0
128 -1.0 -1.0 20.0 43.0 16.0
129 -1.0 -1.0 18.0 123.0 80.0
130 -1.0 -1.0 18.0 176.0 85.0
131 -1.0 -1.0 11.0 344.0 82.0
132 -1.0 -1.0 13.0 306.0 97.0
133 -1.0 -1.0 18.0 291.0 71.0
134 -1.0 -1.0 8.0 311.0 89.0
135 -1.0 -1.0 16.0 373.0 54.0
136 -1.0 -1.0 10.0 256.0 34.0
137 -1.0 -1.0 4.0 41.0 45.0
138 -1.0 -1.0 14.0 298.0 36.0
139 -1.0 -1.0 5.0 275.0 89.0
140 -1.0 -1.0 12.0 15.0 69.0
141 -1.0 -1.0 14.0 265.0 37.0
142 -1.0 -1.0 8.0 136.0 38.0
143 -1.0 -1.0 18.0 26.0 56.0
144 -1.0 -1.0 11.0 339.0 93.0
145 -1.0 -1.0 15.0 389.0 20.0
146 -1.0 -1.0 5.0 379.0 90.0
147 -1.0 -1.0 8.0 135.0 92.0
148 -1.0 -1.0 5.0 30.0 63.0
149 -1.0 -1.0 9.0 360.0 65.0
150 -1.0 -1.0 4.0 329.0 43.0
151 -1.0 -1.0 5.0 383.0 67.0
152 -1.0 -1.0 6.0 316.0 15.0
153 -1.0 -1.0 9.0 132.0 21.0
154 -1.0 -1.0 6.0 320.0 19.0
155 -1.0 -1.0 14.0 210.0 39.0
156 -1.0 -1.0 15.0 189.0 89.0
157 -1.0 -1.0 4.0 303.0 32.0
158 -1.0 -1.0 17.0 305.0 70.0
159 -1.0 -1.0 16.0 349.0 72.0
160 -1.0 -1.0 5.0 400.0 76.0
161 -1.0 -1.0 14.0 289.0 85.0
162 -1.0 -1.0 6.0 163.0 20.0
163 -1.0 -1.0 12.0 370.0 48.0
164 -1.0 -1.0 6.0 142.0 50.0
165 -1.0 -1.0 15.0 362.0 62.0
166 -1.0 -1.0 9.0 229.0 64.0
167 -1.0 -1.0 17.0 135.0 47.0
168 -1.0 -1.0 13.0 112.0 40.0
169 -1.0 -1.0 11.0 81.0 25.0
170 -1.0 -1.0 9.0 199.0 78.0
171 -1.0 -1.0 15.0 207.0 81.0
172 -1.0 -1.0 9.0 376.0 81.0
173 -1.0 -1.0 7.0 57.0 26.0
174 -1.0 -1.0 10.0 99.0 36.0
175 -1.0 -1.0 8.0 296.0 77.0
176 -1.0 -1.0 11.0 201.0 33.0
177 -1.0 -1.0 15.0 151.0 43.0
178 -1.0 -1.0 4.0 187.0 72.0
179 -1.0 -1.0 13.0 160.0 54.0
180 -1.0 -1.0 12.0 200.0 48.0
181 -1.0 -1.0 13.0 372.0 17.0
182 -1.0 -1.0 12.0 40.0 93.0
183 -1.0 -1.0 11.0 389.0 35.0
184 -1.0 -1.0 11.0 380.0 20.0
185 -1.0 -1.0 17.0 45.0 74.0
186 -1.0 -1.0 13.0 319.0 31.0
187 -1.0 -1.0 20.0 171.0 18.0
188 -1.0 -1.0 19.0 375.0 33.0
189 -1.0 -1.0 15.0 121.0 46.0
190 -1.0 -1.0 19.0 213.0 29.0
191 -1.0 -1.0 14.0 205.0 71.0
192 -1.0 -1.0 5.0 141.0 85.0
193 -1.0 -1.0 6.0 131.0 21.0
194 -1.0 -1.0 4.0 160.0 34.0
195 -1.0 -1.0 14.0 259.0 56.0
196 -1.0 -1.0 15.0 66.0 67.0
197 -1.0 -1.0 8.0 124.0 67.0
198 -1.0 -1.0 13.0 365.0 24.0
199 -1.0 -1.0 18.0 371.0 98.0
200 -1.0 -1.0 12.0 188.0 44.0
201 -1.0 -1.0 8.0 112.0 60.0
202 -1.0 -1.0 18.0 187.0 41.0
203 -1.0 -1.0 8.0 398.0 96.0
204 -1.0 -1.0 18.0 159.0 95.0
205 -1.0 -1.0 5.0 137.0 44.0
206 -1.0 -1.0 7.0 24.0 35.0
207 -1.0 -1.0 16.0 255.0 44.0
208 -1.0 -1.0 11.0 205.0 35.0
209 -1.0 -1.0 13.0 74.0 81.0
210 -1.0 -1.0 8.0 392.0 42.0
211 -1.0 -1.0 14.0 127.0 20.0
212 -1.0 -1.0 7.0 153.0 60.0
213 -1.0 -1.0 7.0 91.0 35.0
214 -1.0 -1.0 14.0 304.0 69.0
215 -1.0 -1.0 16.0 108.0 73.0
216 -1.0 -1.0 13.0 381.0 70.0
217 -1.0 -1.0 6.0 265.0 71.0
218 -1.0 -1.0 8.0 382.0 74.0
219 -1.0 -1.0 13.0 365.0 61.0
220 -1.0 -1.0 13.0 288.0 92.0
221 -1.0 -1.0 15.0 305.0 38.0
222 -1.0 -1.0 19.0 199.0 44.0
223 -1.0 -1.0 12.0 325.0 88.0
224 -1.0 -1.0 4.0 121.0 87.0
225 -1.0 -1.0 20.0 183.0 27.0
226 -1.0 -1.0 4.0 260.0 33.0
227 -1.0 -1.0 8.0 175.0 60.0
228 -1.0 -1.0 20.0 32.0 40.0
229 -1.0 -1.0 17.0 101.0 58.0
230 -1.0 -1.0 6.0 319.0 19.0
231 -1.0 -1.0 16.0 256.0 16.0
232 -1.0 -1.0 14.0 215.0 38.0
233 -1.0 -1.0 8.0 138.0 28.0
234 -1.0 -1.0 5.0 339.0 52.0
235 -1.0 -1.0 20.0 400.0 88.0
236 -1.0 -1.0 18.0 115.0 64.0
237 -1.0 -1.0 13.0 214.0 100.0
238 -1.0 -1.0 20.0 300.0 52.0
239 -1.0 -1.0 20.0 153.0 52.0
240 -1.0 -1.0 12.0 359.0 76.0
241 -1.0 -1.0 9.0 370.0 63.0
242 -1.0 -1.0 4.0 301.0 71.0
243 -1.0 -1.0 14.0 18.0 76.0
244 -1.0 -1.0 11.0 398.0 66.0
245 -1.0 -1.0 15.0 129.0 47.0
246 -1.0 -1.0 15.0 299.0 48.0
247 -1.0 -1.0 6.0 399.0 57.0
248 -1.0 -1.0 16.0 278.0 67.0
249 -1.0 -1.0 4.0 120.0 30.0
250 -1.0 -1.0 9.0 131.0 58.0
251 -1.0 -1.0 13.0 161.0 61.0
252 -1.0 -1.0 9.0 336.0 77.0
253 -1.0 -1.0 19.0 248.0 56.0
254 -1.0 -1.0 5.0 375.0 89.0
255 -1.0 -1.0 18.0 20.0 89.0
256 -1.0 -1.0 20.0 143.0 84.0
257 -1.0 -1.0 20.0 155.0 95.0
258 -1.0 -1.0 8.0 328.0 36.0
259 -1.0 -1.0 10.0 89.0 76.0
260 -1.0 -1.0 19.0 156.0 33.0
261 -1.0 -1.0 14.0 105.0 47.0
262 -1.0 -1.0 17.0 352.0 25.0
263 -1.0 -1.0 4.0 67.0 38.0
264 -1.0 -1.0 15.0 272.0 78.0
265 -1.0 -1.0 5.0 16.0 86.0
266 -1.0 -1.0 16.0 233.0 36.0
267 -1.0 -1.0 12.0 251.0 57.0
268 -1.0 -1.0 17.0 40.0 84.0
269 -1.0 -1.0 14.0 189.0 69.0
270 -1.0 -1.0 5.0 131.0 36.0
271 -1.0 -1.0 20.0 254.0 44.0
272 -1.0 -1.0 15.0 78.0 34.0
273 -1.0 -1.0 17.0 46.0 49.0
274 -1.0 -1.0 5.0 309.0 76.0
275 -1.0 -1.0 6.0 24.0 19.0
276 -1.0 -1.0 8.0 380.0 68.0
277 -1.0 -1.0 20.0 38.0 39.0
278 -1.0 -1.0 9.0 141.0 81.0
279 -1.0 -1.0 10.0 146.0 22.0
280 -1.0 -1.0 13.0 282.0 25.0
281 -1.0 -1.0 18.0 378.0 34.0
282 -1.0 -1.0 8.0 312.0 41.0
283 -1.0 -1.0 9.0 351.0 37.0
284 -1.0 -1.0 20.0 59.0 93.0
285 -1.0 -1.0 10.0 348.0 15.0
286 -1.0 -1.0 16.0 115.0 41.0
287 -1.0 -1.0 7.0 91.0 87.0
288 -1.0 -1.0 6.0 209.0 60.0
289 -1.0 -1.0 5.0 51.0 32.0
290 -1.0 -1.0 5.0 270.0 21.0
291 -1.0 -1.0 7.0 380.0 26.0
292 -1.0 -1.0 9.0 49.0 41.0
293 -1.0 -1.0 8.0 263.0 93.0
294 -1.0 -1.0 15.0 255.0 96.0
295 -1.0 -1.0 13.0 156.0 21.0
296 -1.0 -1.0 19.0 17.0 78.0
297 -1.0 -1.0 8.0 276.0 59.0
298 -1.0 -1.0 6.0 219.0 29.0
299 -1.0 -1.0 20.0 318.0 33.0
300 -1.0 -1.0 17.0 256.0 49.0
301 -1.0 -1.0 5.0 368.0 90.0
302 -1.0 -1.0 5.0 232.0 67.0
303 -1.0 -1.0 4.0 19.0 37.0
304 -1.0 -1.0 15.0 315.0 57.0
305 -1.0 -1.0 5.0 238.0 86.0
306 -1.0 -1.0 8.0 311.0 63.0
307 -1.0 -1.0 18.0 238.0 68.0
308 -1.0 -1.0 13.0 46.0 51.0
309 -1.0 -1.0 20.0 19.0 53.0
310 -1.0 -1.0 17.0 138.0 17.0
311 -1.0 -1.0 8.0 116.0 65.0
312 -1.0 -1.0 4.0 290.0 46.0
313 -1.0 -1.0 4.0 15.0 73.0
314 -1.0 -1.0 13.0 394.0 27.0
315 -1.0 -1.0 11.0 371.0 54.0
316 -1.0 -1.0 16.0 241.0 64.0
317 -1.0 -1.0 10.0 299.0 88.0
318 -1.0 -1.0 11.0 215.0 37.0
319 -1.0 -1.0 19.0 344.0 16.0
320 -1.0 -1.0 16.0 193.0 23.0
321 -1.0 -1.0 19.0 264.0 82.0
322 -1.0 -1.0 13.0 383.0 83.0
323 -1.0 -1.0 11.0 169.0 74.0
324 -1.0 -1.0 8.0 224.0 39.0
325 -1.0 -1.0 6.0 97.0 74.0
326 -1.0 -1.0 10.0 335.0 62.0
327 -1.0 -1.0 18.0 205.0 99.0
328 -1.0 -1.0 8.0 378.0 79.0
329 -1.0 -1.0 12.0 225.0 58.0
330 -1.0 -1.0 18.0 246.0 71.0
331 -1.0 -1.0 18.0 231.0 73.0
332 -1.0 -1.0 6.0 53.0 51.0
333 -1.0 -1.0 11.0 206.0 19.0
334 -1.0 -1.0 13.0 100.0 15.0
335 -1.0 -1.0 19.0 160.0 38.0
336 -1.0 -1.0 9.0 388.0 52.0
337 -1.0 -1.0 9.0 131.0 69.0
338 -1.0 -1.0 11.0 245.0 83.0
339 -1.0 -1.0 20.0 84.0 53.0
340 -1.0 -1.0 9.0 22.0 74.0
341 -1.0 -1.0 9.0 253.0 96.0
342 -1.0 -1.0 4.0 177.0 38.0
343 -1.0 -1.0 14.0 227.0 75.0
344 -1.0 -1.0 13.0 134.0 29.0
345 -1.0 -1.0 5.0 129.0 67.0
346 -1.0 -1.0 9.0 341.0 18.0
347 -1.0 -1.0 13.0 214.0 56.0
348 -1.0 -1.0 13.0 278.0 58.0
349 -1.0 -1.0 7.0 116.0 96.0
350 -1.0 -1.0 7.0 49.0 72.0
351 -1.0 -1.0 5.0 77.0 83.0
352 -1.0 -1.0 5.0 300.0 99.0
353 -1.0 -1.0 8.0 195.0 57.0
354 -1.0 -1.0 13.0 385.0 19.0
355 -1.0 -1.0 7.0 339.0 55.0
356 -1.0 -1.0 18.0 363.0 20.0
357 -1.0 -1.0 17.0 367.0 34.0
358 -1.0 -1.0 17.0 315.0 82.0
359 -1.0 -1.0 7.0 291.0 22.0
360 -1.0 -1.0 19.0 395.0 94.0
361 -1.0 -1.0 6.0 61.0 92.0
362 -1.0 -1.0 10.0 365.0 46.0
363 -1.0 -1.0 6.0 166.0 88.0
364 -1.0 -1.0 10.0 303.0 18.0
365 -1.0 -1.0 7.0 101.0 40.0
366 -1.0 -1.0 8.0 97.0 30.0
367 -1.0 -1.0 19.0 258.0 84.0
368 -1.0 -1.0 9.0 19.0 100.0
369 -1.0 -1.0 13.0 315.0 90.0
370 -1.0 -1.0 8.0 20.0 33.0
371 -1.0 -1.0 11.0 181.0 87.0
372 -1.0 -1.0 14.0 53.0 82.0
373 -1.0 -1.0 7.0 274.0 69.0
374 -1.0 -1.0 13.0 312.0 85.0
375 -1.0 -1.0 7.0 203.0 42.0
376 -1.0 -1.0 15.0 296.0 69.0
377 -1.0 -1.0 17.0 199.0 94.0
378 -1.0 -1.0 13.0 261.0 24.0
379 -1.0 -1.0 17.0 106.0 45.0
380 -1.0 -1.0 16.0 352.0 39.0
381 -1.0 -1.0 13.0 163.0 15.0
382 -1.0 -1.0 13.0 281.0 92.0
383 -1.0 -1.0 8.0 195.0 68.0
384 -1.0 -1.0 11.0 293.0 57.0
385 -1.0 -1.0 6.0 306.0 25.0
386 -1.0 -1.0 6.0 346.0 36.0
387 -1.0 -1.0 7.0 396.0 36.0
388 -1.0 -1.0 14.0 120.0 68.0
389 -1.0 -1.0 6.0 310.0 72.0
390 -1.0 -1.0 16.0 37.0 26.0
391 -1.0 -1.0 6.0 167.0 95.0
392 -1.0 -1.0 18.0 140.0 42.0
393 -1.0 -1.0 4.0 99.0 26.0
394 -1.0 -1.0 11.0 169.0 23.0
395 -1.0 -1.0 18.0 297.0 53.0
396 -1.0 -1.0 9.0 253.0 88.0
397 -1.0 -1.0 7.0 317.0 39.0
398 -1.0 -1.0 10.0 77.0 37.0
399 -1.0 -1.0 20.0 392.0 34.0
400 -1.0 -1.0 15.0 23.0 62.0
401 -1.0 -1.0 16.0 150.0 71.0
402 -1.0 -1.0 6.0 394.0 94.0
403 -1.0 -1.0 16.0 186.0 54.0
404 -1.0 -1.0 20.0 166.0 83.0
405 -1.0 -1.0 13.0 372.0 59.0
406 -1.0 -1.0 4.0 256.0 100.0
407 -1.0 -1.0 16.0 224.0 40.0
408 -1.0 -1.0 15.0 382.0 67.0
409 -1.0 -1.0 7.0 241.0 42.0
410 -1.0 -1.0 7.0 218.0 61.0
411 -1.0 -1.0 8.0 48.0 37.0
412 -1.0 -1.0 12.0 313.0 61.0
413 -1.0 -1.0 6.0 299.0 81.0
414 -1.0 -1.0 20.0 239.0 57.0
415 -1.0 -1.0 17.0 301.0 20.0
416 -1.0 -1.0 8.0 247.0 34.0
417 -1.0 -1.0 20.0 364.0 58.0
418 -1.0 -1.0 6.0 144.0 34.0
419 -1.0 -1.0 5.0 18.0 57.0
420 -1.0 -1.0 15.0 33.0 26.0
421 -1.0 -1.0 17.0 295.0 47.0
422 -1.0 -1.0 13.0 298.0 68.0
423 -1.0 -1.0 9.0 304.0 86.0
424 -1.0 -1.0 16.0 388.0 44.0
425 -1.0 -1.0 8.0 50.0 24.0
426 -1.0 -1.0 6.0 282.0 62.0
427 -1.0 -1.0 13.0 214.0 74.0
428 -1.0 -1.0 16.0 369.0 89.0
429 -1.0 -1.0 7.0 95.0 87.0
430 -1.0 -1.0 20.0 153.0 97.0
431 -1.0 -1.0 16.0 37.0 20.0
432 -1.0 -1.0 8.0 57.0 84.0
433 -1.0 -1.0 10.0 135.0 36.0
434 -1.0 -1.0 12.0 346.0 76.0
435 -1.0 -1.0 5.0 25.0 74.0
436 -1.0 -1.0 8.0 381.0 41.0
437 -1.0 -1.0 5.0 167.0 82.0
438 -1.0 -1.0 8.0 130.0 45.0
439 -1.0 -1.0 9.0 325.0 17.0
440 -1.0 -1.0 6.0 341.0 59.0
441 -1.0 -1.0 9.0 223.0 53.0
442 -1.0 -1.0 6.0 305.0 79.0
443 -1.0 -1.0 15.0 275.0 44.0
444 -1.0 -1.0 18.0 56.0 20.0
445 -1.0 -1.0 10.0 128.0 17.0
446 -1.0 -1.0 4.0 90.0 48.0
447 -1.0 -1.0 12.0 325.0 45.0
448 -1.0 -1.0 17.0 317.0 30.0
449 -1.0 -1.0 7.0 167.0 96.0
450 -1.0 -1.0 5.0 117.0 69.0
451 -1.0 -1.0 7.0 68.0 91.0
452 -1.0 -1.0 5.0 196.0 61.0
453 -1.0 -1.0 7.0 384.0 41.0
454 -1.0 -1.0 15.0 25.0 76.0
455 -1.0 -1.0 14.0 144.0 79.0
456 -1.0 -1.0 11.0 225.0 47.0
457 -1.0 -1.0 8.0 386.0 81.0
458 -1.0 -1.0 5.0 46.0 64.0
459 -1.0 -1.0 15.0 175.0 78.0
460 -1.0 -1.0 19.0 191.0 32.0
461 -1.0 -1.0 20.0 52.0 58.0
462 -1.0 -1.0 7.0 105.0 93.0
463 -1.0 -1.0 4.0 86.0 81.0
464 -1.0 -1.0 10.0 204.0 17.0
465 -1.0 -1.0 5.0 343.0 39.0
466 -1.0 -1.0 18.0 134.0 18.0
467 -1.0 -1.0 18.0 75.0 25.0
468 -1.0 -1.0 14.0 145.0 27.0
469 -1.0 -1.0 17.0 361.0 43.0
470 -1.0 -1.0 11.0 57.0 38.0
471 -1.0 -1.0 9.0 36.0 65.0
472 -1.0 -1.0 19.0 285.0 21.0
473 -1.0 -1.0 10.0 227.0 33.0
474 -1.0 -1.0 4.0 277.0 22.0
475 -1.0 -1.0 4.0 174.0 38.0
476 -1.0 -1.0 7.0 218.0 42.0
477 -1.0 -1.0 17.0 214.0 83.0
478 -1.0 -1.0 10.0 283.0 88.0
479 -1.0 -1.0 16.0 129.0 37.0
480 -1.0 -1.0 15.0 309.0 62.0
481 -1.0 -1.0 17.0 69.0 88.0
482 -1.0 -1.0 12.0 128.0 62.0
483 -1.0 -1.0 19.0 376.0 62.0
484 -1.0 -1.0 7.0 90.0 56.0
485 -1.0 -1.0 18.0 378.0 28.0
486 -1.0 -1.0 16.0 107.0 74.0
487 -1.0 -1.0 4.0 264.0 76.0
488 -1.0 -1.0 9.0 160.0 76.0
489 -1.0 -1.0 18.0 271.0 24.0
490 -1.0 -1.0 13.0 300.0 92.0
491 -1.0 -1.0 17.0 179.0 100.0
492 -1.0 -1.0 4.0 139.0 35.0
493 -1.0 -1.0 6.0 301.0 86.0
494 -1.0 -1.0 4.0 223.0 95.0
495 -1.0 -1.0 20.0 242.0 66.0
496 -1.0 -1.0 5.0 37.0 21.0
497 -1.0 -1.0 20.0 160.0 63.0
498 -1.0 -1.0 12.0 154.0 41.0
499 -1.0 -1.0 17.0 144.0 20.0
500 -1.0 -1.0 7.0 106.0 56.0
501 -1.0 -1.0 8.0 160.0 22.0
502 -1.0 -1.0 15.0 270.0 15.0
503 -1.0 -1.0 11.0 268.0 72.0
504 -1.0 -1.0 17.0 78.0 45.0
505 -1.0 -1.0 5.0 325.0 42.0
506 -1.0 -1.0 10.0 273.0 94.0
507 -1.0 -1.0 5.0 198.0 51.0
508 -1.0 -1.0 5.0 67.0 58.0
509 -1.0 -1.0 12.0 397.0 40.0
510 -1.0 -1.0 7.0 400.0 36.0
511 -1.0 -1.0 7.0 117.0 98.0
512 -1.0 -1.0 7.0 44.0 46.0
513 -1.0 -1.0 9.0 64.0 98.0
514 -1.0 -1.0 8.0 122.0 78.0
515 -1.0 -1.0 10.0 143.0 86.0
516 -1.0 -1.0 6.0 363.0 85.0
517 -1.0 -1.0 10.0 34.0 26.0
518 -1.0 -1.0 19.0 26.0 87.0
519 -1.0 -1.0 16.0 112.0 28.0
520 -1.0 -1.0 15.0 16.0 79.0
521 -1.0 -1.0 19.0 323.0 72.0
522 -1.0 -1.0 5.0 60.0 32.0
523 -1.0 -1.0 11.0 38.0 67.0
524 -1.0 -1.0 16.0 307.0 31.0
525 -1.0 -1.0 17.0 358.0 78.0
526 -1.0 -1.0 8.0 74.0 29.0
527 -1.0 -1.0 6.0 172.0 22.0
528 -1.0 -1.0 18.0 178.0 44.0
529 -1.0 -1.0 7.0 95.0 35.0
530 -1.0 -1.0 17.0 41.0 18.0
531 -1.0 -1.0 9.0 138.0 78.0
532 -1.0 -1.0 16.0 350.0 33.0
533 -1.0 -1.0 7.0 352.0 78.0
534 -1.0 -1.0 16.0 379.0 47.0
535 -1.0 -1.0 18.0 135.0 99.0
536 -1.0 -1.0 19.0 294.0 19.0
537 -1.0 -1.0 15.0 226.0 95.0
538 -1.0 -1.0 10.0 254.0 86.0
539 -1.0 -1.0 6.0 177.0 30.0
540 -1.0 -1.0 14.0 271.0 48.0
541 -1.0 -1.0 17.0 231.0 64.0
542 -1.0 -1.0 6.0 239.0 76.0
543 -1.0 -1.0 5.0 338.0 59.0
544 -1.0 -1.0 10.0 262.0 73.0
545 -1.0 -1.0 10.0 194.0 41.0
546 -1.0 -1.0 11.0 271.0 42.0
547 -1.0 -1.0 14.0 248.0 44.0
548 -1.0 -1.0 15.0 384.0 72.0
549 -1.0 -1.0 7.0 199.0 48.0
550 -1.0 -1.0 17.0 126.0 81.0
551 -1.0 -1.0 20.0 370.0 76.0
552 -1.0 -1.0 14.0 396.0 43.0
553 -1.0 -1.0 14.0 53.0 18.0
554 -1.0 -1.0 6.0 291.0 25.0
555 -1.0 -1.0 14.0 371.0 61.0
556 -1.0 -1.0 12.0 220.0 45.0
557 -1.0 -1.0 20.0 70.0 90.0
558 -1.0 -1.0 4.0 187.0 88.0
559 -1.0 -1.0 6.0 117.0 70.0
560 -1.0 -1.0 17.0 395.0 23.0
561 -1.0 -1.0 13.0 252.0 62.0
562 -1.0 -1.0 14.0 342.0 56.0
563 -1.0 -1.0 14.0 321.0 29.0
564 -1.0 -1.0 6.0 186.0 77.0
565 -1.0 -1.0 5.0 26.0 15.0
566 -1.0 -1.0 7.0 285.0 62.0
567 -1.0 -1.0 7.0 348.0 44.0
568 -1.0 -1.0 15.0 146.0 47.0
569 -1.0 -1.0 15.0 307.0 91.0
570 -1.0 -1.0 11.0 100.0 27.0
571 -1.0 -1.0 8.0 243.0 38.0
572 -1.0 -1.0 14.0 157.0 82.0
573 -1.0 -1.0 6.0 32.0 82.0
574 -1.0 -1.0 9.0 301.0 44.0
575 -1.0 -1.0 16.0 120.0 78.0
576 -1.0 -1.0 8.0 337.0 97.0
577 -1.0 -1.0 5.0 90.0 22.0
578 -1.0 -1.0 5.0 361.0 80.0
579 -1.0 -1.0 5.0 126.0 84.0
580 -1.0 -1.0 10.0 70.0 18.0
581 -1.0 -1.0 9.0 47.0 43.0
582 -1.0 -1.0 10.0 94.0 31.0
583 -1.0 -1.0 17.0 330.0 77.0
584 -1.0 -1.0 11.0 27.0 19.0
585 -1.0 -1.0 20.0 32.0 94.0
586 -1.0 -1.0 18.0 379.0 61.0
587 -1.0 -1.0 16.0 56.0 50.0
588 -1.0 -1.0 9.0 364.0 94.0
589 -1.0 -1.0 19.0 237.0 68.0
590 -1.0 -1.0 18.0 315.0 16.0
591 -1.0 -1.0 18.0 306.0 20.0
592 -1.0 -1.0 7.0 371.0 42.0
593 -1.0 -1.0 16.0 75.0 26.0
594 -1.0 -1.0 16.0 212.0 17.0
595 -1.0 -1.0 14.0 335.0 28.0
596 -1.0 -1.0 16.0 133.0 55.0
597 -1.0 -1.0 15.0 303.0 60.0
598 -1.0 -1.0 14.0 204.0 84.0
599 -1.0 -1.0 4.0 264.0 83.0
600 -1.0 -1.0 4.0 256.0 40.0
601 -1.0 -1.0 13.0 329.0 86.0
602 -1.0 -1.0 18.0 359.0 43.0
603 -1.0 -1.0 14.0 271.0 53.0
604 -1.0 -1.0 6.0 390.0 83.0
605 -1.0 -1.0 5.0 353.0 39.0
606 -1.0 -1.0 17.0 225.0 83.0
607 -1.0 -1.0 8.0 43.0 19.0
608 -1.0 -1.0 19.0 352.0 46.0
609 -1.0 -1.0 5.0 21.0 54.0
610 -1.0 -1.0 13.0 142.0 39.0
611 -1.0 -1.0 13.0 253.0 82.0
612 -1.0 -1.0 16.0 24.0 85.0
613 -1.0 -1.0 7.0 385.0 83.0
614 -1.0 -1.0 10.0 107.0 28.0
615 -1.0 -1.0 9.0 387.0 58.0
616 -1.0 -1.0 18.0 149.0 72.0
617 -1.0 -1.0 18.0 60.0 51.0
618 -1.0 -1.0 14.0 291.0 38.0
619 -1.0 -1.0 8.0 315.0 77.0
620 -1.0 -1.0 4.0 177.0 19.0
621 -1.0 -1.0 10.0 339.0 67.0
622 -1.0 -1.0 20.0 176.0 84.0
623 -1.0 -1.0 20.0 174.0 38.0
624 -1.0 -1.0 4.0 197.0 51.0
625 -1.0 -1.0 8.0 36.0 15.0
626 -1.0 -1.0 4.0 96.0 16.0
627 -1.0 -1.0 10.0 193.0 61.0
628 -1.0 -1.0 15.0 351.0 15.0
629 -1.0 -1.0 7.0 283.0 85.0
630 -1.0 -1.0 19.0 78.0 32.0
631 -1.0 -1.0 13.0 388.0 100.0
632 -1.0 -1.0 11.0 45.0 24.0
633 -1.0 -1.0 9.0 375.0 15.0
634 -1.0 -1.0 9.0 99.0 83.0
635 -1.0 -1.0 5.0 38.0 86.0
636 -1.0 -1.0 10.0 267.0 19.0
637 -1.0 -1.0 5.0 214.0 23.0
638 -1.0 -1.0 12.0 32.0 24.0
639 -1.0 -1.0 15.0 271.0 45.0
640 -1.0 -1.0 12.0 71.0 46.0
641 -1.0 -1.0 20.0 212.0 24.0
642 -1.0 -1.0 17.0 117.0 49.0
643 -1.0 -1.0 9.0 150.0 56.0
644 -1.0 -1.0 18.0 214.0 56.0
645 -1.0 -1.0 7.0 386.0 64.0
646 -1.0 -1.0 10.0 38.0 22.0
647 -1.0 -1.0 8.0 29.0 96.0
648 -1.0 -1.0 4.0 102.0 41.0
649 -1.0 -1.0 13.0 123.0 92.0
650 -1.0 -1.0 13.0 231.0 78.0
651 -1.0 -1.0 17.0 119.0 51.0
652 -1.0 -1.0 15.0 225.0 59.0
653 -1.0 -1.0 11.0 278.0 84.0
654 -1.0 -1.0 13.0 375.0 51.0
655 -1.0 -1.0 20.0 112.0 96.0
656 -1.0 -1.0 7.0 294.0 17.0
657 -1.0 -1.0 18.0 286.0 63.0
658 -1.0 -1.0 11.0 135.0 95.0
659 -1.0 -1.0 10.0 278.0 80.0
660 -1.0 -1.0 19.0 294.0 15.0
661 -1.0 -1.0 10.0 242.0 20.0
662 -1.0 -1.0 5.0 19.0 73.0
663 -1.0 -1.0 4.0 284.0 94.0
664 -1.0 -1.0 12.0 183.0 43.0
665 -1.0 -1.0 10.0 113.0 52.0
666 -1.0 -1.0 8.0 332.0 44.0
667 -1.0 -1.0 10.0 248.0 90.0
668 -1.0 -1.0 18.0 201.0 69.0
669 -1.0 -1.0 9.0 114.0 63.0
670 -1.0 -1.0 18.0 42.0 41.0
671 -1.0 -1.0 11.0 155.0 74.0
672 -1.0 -1.0 6.0 92.0 42.0
673 -1.0 -1.0 9.0 264.0 73.0
674 -1.0 -1.0 5.0 308.0 26.0
675 -1.0 -1.0 20.0 36.0 92.0
676 -1.0 -1.0 18.0 23.0 87.0
677 -1.0 -1.0 13.0 38.0 25.0
678 -1.0 -1.0 17.0 374.0 29.0
679 -1.0 -1.0 16.0 55.0 75.0
680 -1.0 -1.0 11.0 257.0 21.0
681 -1.0 -1.0 20.0 209.0 45.0
682 -1.0 -1.0 9.0 25.0 89.0
683 -1.0 -1.0 7.0 155.0 95.0
684 -1.0 -1.0 5.0 259.0 39.0
685 -1.0 -1.0 7.0 155.0 17.0
686 -1.0 -1.0 17.0 145.0 37.0
687 -1.0 -1.0 14.0 358.0 54.0
688 -1.0 -1.0 10.0 311.0 87.0
689 -1.0 -1.0 6.0 256.0 72.0
690 -1.0 -1.0 7.0 220.0 41.0
691 -1.0 -1.0 19.0 216.0 32.0
692 -1.0 -1.0 9.0 156.0 65.0
693 -1.0 -1.0 16.0 86.0 96.0
694 -1.0 -1.0 15.0 337.0 59.0
695 -1.0 -1.0 4.0 245.0 41.0
696 -1.0 -1.0 7.0 77.0 44.0
697 -1.0 -1.0 18.0 123.0 34.0
698 -1.0 -1.0 20.0 339.0 37.0
699 -1.0 -1.0 13.0 92.0 94.0
700 -1.0 -1.0 13.0 309.0 19.0
701 -1.0 -1.0 20.0 285.0 82.0
702 -1.0 -1.0 13.0 372.0 24.0
703 -1.0 -1.0 11.0 104.0 40.0
704 -1.0 -1.0 5.0 29.0 58.0
705 -1.0 -1.0 12.0 330.0 92.0
706 -1.0 -1.0 6.0 36.0 34.0
707 -1.0 -1.0 18.0 276.0 41.0
708 -1.0 -1.0 11.0 67.0 63.0
709 -1.0 -1.0 20.0 285.0 96.0
710 -1.0 -1.0 8.0 153.0 91.0
711 -1.0 -1.0 7.0 49.0 55.0
712 -1.0 -1.0 10.0 334.0 22.0
713 -1.0 -1.0 8.0 347.0 52.0
714 -1.0 -1.0 11.0 158.0 51.0
715 -1.0 -1.0 5.0 220.0 46.0
716 -1.0 -1.0 14.0 182.0 76.0
717 -1.0 -1.0 7.0 364.0 74.0
718 -1.0 -1.0 15.0 82.0 40.0
719 -1.0 -1.0 11.0 392.0 43.0
720 -1.0 -1.0 4.0 134.0 99.0
721 -1.0 -1.0 14.0 392.0 73.0
722 -1.0 -1.0 8.0 90.0 62.0
723 -1.0 -1.0 13.0 162.0 39.0
724 -1.0 -1.0 5.0 336.0 59.0
725 -1.0 -1.0 15.0 204.0 89.0
944
0 1 9
1 22 5
2 24 9
3 4 10
4 28 11
4 5 6
5 29 6
6 32 12
7 35 10
7 8 12
8 36 5
8 9 12
9 37 9
9 10 6
10 38 11
10 11 12
11 39 12
11 12 10
13 41 9
13 14 10
14 42 10
15 16 8
16 43 12
16 17 5
17 44 6
17 18 6
19 45 10
19 20 10
20 21 6
21 46 11
22 47 6
22 23 12
23 24 12
24 48 9
24 25 9
25 49 5
25 26 12
26 50 5
27 52 5
28 29 9
29 54 7
29 30 8
30 31 5
31 55 6
31 32 8
32 56 9
32 33 9
33 57 8
33 34 10
34 35 6
35 58 6
35 36 9
36 37 12
37 59 7
37 38 12
38 60 6
38 39 10
39 61 8
40 62 5
40 41 9
41 63 5
41 42 5
42 64 6
43 67 6
43 44 8
44 68 12
45 70 7
46 71 12
48 73 10
48 49 5
49 74 8
49 50 11
50 75 10
50 51 8
51 76 5
51 52 8
52 53 7
53 77 7
55 80 11
55 56 5
56 57 6
57 81 8
59 60 5
60 83 6
60 61 5
62 85 12
62 63 8
63 86 11
63 64 8
64 87 5
64 65 8
65 88 7
65 66 8
66 89 5
66 67 12
67 68 12
68 90 6
68 69 9
70 91 6
71 72 9
72 93 6
73 96 11
73 74 6
74 97 12
74 75 9
75 98 7
75 76 9
77 100 9
77 78 6
79 101 6
79 80 12
80 102 6
81 103 5
82 106 6
84 108 11
84 85 12
85 86 10
86 109 6
86 87 9
87 110 5
87 88 5
88 111 6
88 89 10
89 112 10
90 113 6
91 115 12
91 92 12
92 116 6
93 117 9
93 94 6
94 95 11
95 118 10
95 96 7
96 97 10
97 98 12
98 119 9
99 100 6
100 121 12
101 122 12
101 102 12
103 124 9
103 104 5
104 105 8
105 125 8
105 106 8
106 126 6
107 108 7
108 129 11
109 130 6
109 110 5
110 131 7
110 111 6
111 132 5
111 112 10
113 133 8
113 114 10
115 134 7
115 116 8
117 136 9
118 138 11
119 140 5
119 120 9
121 142 8
122 145 8
123 146 5
123 124 5
125 126 9
126 147 12
126 127 12
127 148 6
127 128 6
129 149 9
130 151 7
130 131 12
131 152 9
131 132 6
132 153 8
133 156 5
134 157 11
135 159 7
135 136 8
136 160 9
136 137 9
137 161 10
137 138 5
139 162 12
139 140 8
140 163 8
141 165 11
141 142 10
142 166 9
142 143 8
143 167 7
143 144 9
144 168 10
144 145 6
145 169 8
147 148 8
149 150 5
150 175 12
150 151 10
151 176 6
151 152 10
152 153 9
153 154 9
154 177 5
154 155 11
155 156 8
156 178 12
157 180 12
157 158 9
158 181 11
158 159 8
159 182 10
159 160 5
160 183 5
160 161 11
161 184 5
162 163 11
163 185 10
163 164 6
164 165 8
165 186 6
165 166 8
166 187 7
166 167 9
167 188 6
167 168 11
168 169 11
169 189 11
169 170 5
170 190 8
171 172 8
172 192 11
173 196 11
173 174 8
175 198 9
175 176 6
177 201 12
178 179 8
180 181 8
181 203 12
181 182 10
182 183 9
183 204 8
183 184 9
184 205 5
185 209 9
186 211 6
186 187 11
187 212 11
187 188 8
189 190 5
190 213 9
190 191 9
192 193 10
193 215 9
193 194 6
194 216 10
194 195 6
195 217 7
195 196 10
197 218 10
197 198 7
198 219 6
199 221 6
199 200 11
200 222 11
200 201 7
201 223 6
201 202 10
203 226 6
204 205 11
205 206 5
206 228 7
206 207 6
207 229 11
207 208 12
208 230 8
208 209 9
209 231 5
209 210 8
210 232 7
210 211 7
211 212 7
212 233 10
213 237 6
214 239 12
215 241 7
215 216 10
216 217 10
218 244 5
218 219 12
219 220 8
220 221 8
221 245 11
221 222 7
222 246 11
222 223 12
223 247 12
224 248 12
224 225 6
226 250 12
226 227 7
227 251 11
228 253 5
228 229 9
229 254 12
229 230 12
230 255 5
230 231 12
231 232 10
232 256 6
233 258 10
233 234 10
234 235 10
235 259 8
235 236 10
236 260 9
236 237 12
237 238 8
238 261 12
238 239 5
239 240 12
240 262 10
240 241 9
241 263 10
242 266 5
242 243 12
243 244 5
244 267 8
245 270 8
245 246 12
246 271 6
246 247 11
247 272 8
248 274 8
249 250 11
250 275 5
250 251 10
251 276 6
252 278 10
252 253 7
253 279 9
253 254 9
254 280 11
254 255 8
255 281 10
256 283 5
256 257 7
257 258 8
258 284 9
259 286 5
259 260 5
261 288 9
262 290 12
262 263 6
263 291 6
263 264 11
264 292 7
264 265 10
265 293 6
265 266 9
267 268 8
268 295 11
268 269 9
269 270 10
270 296 12
270 271 10
271 297 10
271 272 5
272 298 8
272 273 6
273 299 8
273 274 5
275 300 11
275 276 8
276 301 10
276 277 10
277 302 7
277 278 7
278 303 7
278 279 6
279 304 12
279 280 9
280 305 8
280 281 11
281 282 7
282 306 11
282 283 6
283 307 12
284 285 8
285 309 8
285 286 7
287 288 7
288 289 5
289 290 7
290 310 7
290 291 10
291 311 12
291 292 11
292 293 8
293 312 9
294 314 6
295 315 9
296 297 5
297 317 9
297 298 10
298 299 11
300 301 11
301 320 5
301 302 11
302 321 10
302 303 8
303 304 9
304 322 8
304 305 6
306 324 12
306 307 10
307 308 12
308 325 6
310 330 8
310 311 5
311 331 6
312 313 10
313 314 9
314 333 5
315 316 6
317 336 5
318 337 11
318 319 8
320 340 8
320 321 8
321 341 7
322 343 9
323 324 11
325 345 12
326 327 7
327 328 12
328 329 11
329 348 11
330 350 8
330 331 11
331 332 11
332 351 12
333 354 7
333 334 12
335 357 12
335 336 11
337 358 10
338 360 7
338 339 7
339 361 8
339 340 5
340 362 5
340 341 7
341 363 12
341 342 10
342 364 5
342 343 8
343 365 10
344 345 10
345 346 6
346 347 10
348 349 9
349 350 6
350 372 8
351 352 12
352 374 6
352 353 8
353 375 9
353 354 9
355 376 7
355 356 11
356 357 12
357 377 12
358 378 5
358 359 8
360 379 6
360 361 6
361 380 8
361 362 8
362 381 6
362 363 9
363 382 8
363 364 11
364 383 6
364 365 5
365 384 6
365 366 5
366 385 12
366 367 12
367 386 12
367 368 5
368 387 10
369 390 10
369 370 8
370 391 8
370 371 10
372 373 7
374 394 9
374 375 5
378 399 5
379 401 5
379 380 5
380 381 6
381 382 10
382 402 9
382 383 10
383 403 5
383 384 8
384 404 8
384 385 7
385 405 9
385 386 7
386 406 10
386 387 5
387 407 9
388 409 5
388 389 11
390 410 7
390 391 11
391 411 11
392 413 9
392 393 10
395 415 12
396 418 5
397 398 7
398 420 10
399 400 11
400 422 12
401 423 8
402 424 6
402 403 7
403 404 11
404 405 5
405 425 11
405 406 11
406 407 8
407 408 9
408 426 12
408 409 12
409 427 11
410 428 5
410 411 6
411 412 9
412 413 8
414 429 9
415 416 5
416 434 8
416 417 8
417 418 8
418 435 7
418 419 9
419 436 12
420 421 10
421 438 11
422 440 7
423 441 12
424 444 12
426 447 6
426 427 11
427 448 5
428 450 11
429 430 5
430 454 9
430 431 10
431 455 9
431 432 11
432 456 7
432 433 9
435 458 7
435 436 10
436 437 7
437 459 5
438 461 6
438 439 5
439 462 10
439 440 10
440 463 11
441 464 6
441 442 5
442 465 9
442 443 8
443 444 9
444 466 6
444 445 8
445 467 9
446 471 11
446 447 7
447 472 6
447 448 8
448 473 8
449 474 11
449 450 6
450 475 5
450 451 9
451 476 9
451 452 7
453 478 5
454 480 7
454 455 10
455 481 12
455 456 7
457 458 5
459 485 9
459 460 11
460 461 11
461 462 10
462 486 8
462 463 12
464 487 7
464 465 8
465 488 9
466 467 11
467 489 9
467 468 12
468 469 12
469 470 9
470 471 9
471 490 9
471 472 10
472 491 11
472 473 10
473 492 12
474 494 8
474 475 10
475 495 8
475 476 11
476 496 12
477 478 11
478 497 10
478 479 6
479 498 5
479 480 12
480 481 12
481 499 7
482 483 11
483 500 10
484 485 10
486 501 9
487 488 9
488 502 6
489 505 12
490 491 12
491 508 8
491 492 8
492 493 5
493 494 12
494 509 12
494 495 7
495 510 10
495 496 8
496 511 11
497 513 10
497 498 6
498 514 5
499 516 8
500 518 5
501 523 10
502 526 10
502 503 11
503 527 10
503 504 5
504 528 10
504 505 5
505 506 11
506 529 9
506 507 12
507 530 7
508 531 11
509 534 7
509 510 7
510 535 8
510 511 12
511 536 12
512 537 6
512 513 11
513 538 6
513 514 9
514 515 11
515 539 8
515 516 6
516 517 7
517 540 7
518 519 8
519 543 6
520 545 5
521 547 7
521 522 7
522 548 9
522 523 9
523 549 8
523 524 9
524 550 11
525 526 5
526 527 5
527 528 8
529 530 12
530 552 9
531 532 5
532 555 10
532 533 12
533 556 5
533 534 8
534 535 6
535 536 12
536 557 10
537 538 5
538 559 10
540 561 12
540 541 12
541 542 11
543 544 7
544 562 7
544 545 7
545 563 7
545 546 5
546 564 9
546 547 11
547 548 11
548 549 6
549 565 7
549 550 5
550 566 12
551 571 12
552 573 12
552 553 7
553 574 7
553 554 8
555 556 12
556 576 8
557 558 7
558 579 10
559 580 8
559 560 7
561 582 6
562 585 6
562 563 5
563 586 9
563 564 6
565 566 7
567 568 8
568 589 12
568 569 10
569 570 12
570 571 11
571 590 11
571 572 8
572 591 7
572 573 6
573 592 12
573 574 6
574 593 8
575 594 12
576 596 7
576 577 6
577 597 7
577 578 12
578 598 7
580 601 9
581 604 5
581 582 6
583 584 8
584 606 12
585 608 5
585 586 5
586 609 10
587 588 5
588 611 7
589 614 6
590 615 10
590 591 12
591 616 5
591 592 9
592 617 6
592 593 8
593 618 12
594 595 6
595 620 8
595 596 7
596 621 5
596 597 8
597 598 9
598 622 11
598 599 8
599 623 5
600 625 11
600 601 12
601 626 11
601 602 10
602 627 5
602 603 10
603 628 11
603 604 5
605 630 12
606 607 12
607 608 8
608 609 6
609 631 5
609 610 7
610 632 8
611 634 8
611 612 6
612 635 9
612 613 6
614 637 6
615 616 11
616 638 6
616 617 10
617 639 7
617 618 10
618 640 6
618 619 12
619 641 10
620 621 10
621 643 10
622 644 5
622 623 11
623 624 12
624 645 5
624 625 6
625 646 9
625 626 10
626 627 12
627 647 10
627 628 7
629 649 11
629 630 10
630 650 11
631 654 7
631 632 12
632 655 8
632 633 9
633 656 7
633 634 11
634 657 6
634 635 6
636 637 9
637 658 5
638 661 12
638 639 11
639 662 12
639 640 11
640 663 6
640 641 10
641 642 9
643 664 10
644 666 12
645 668 8
645 646 10
646 669 6
647 670 6
648 649 6
649 671 11
649 650 7
650 672 11
651 673 5
651 652 11
652 674 7
652 653 5
653 675 7
653 654 6
654 676 12
654 655 7
655 677 11
655 656 5
656 678 12
656 657 6
657 679 6
658 681 10
658 659 5
659 682 10
659 660 9
660 683 5
661 685 9
661 662 6
662 663 7
663 686 8
664 688 12
664 665 5
665 666 6
666 667 7
667 689 6
667 668 11
668 690 5
668 669 10
670 692 12
671 694 12
671 672 12
673 696 8
673 674 6
674 675 12
675 676 5
676 697 9
676 677 6
677 678 9
678 698 10
678 679 12
680 699 5
681 701 11
681 682 5
682 702 5
682 683 8
683 684 11
684 703 10
684 685 10
685 704 9
686 687 10
687 706 8
689 710 5
689 690 11
690 711 11
691 712 6
691 692 8
692 713 11
693 715 12
693 694 6
694 716 10
695 718 11
695 696 7
696 719 11
698 722 10
699 725 7
700 701 8
701 702 11
703 704 7
704 705 6
706 707 10
708 709 5
709 710 8
710 711 12
712 713 6
713 714 10
714 715 7
715 716 11
716 717 10
717 718 5
718 719 9
719 720 6
721 722 8
722 723 7
723 724 6
724 725 10
10 0.05 0.05 0.05
