726
0 -1.0 -1.0 14.0 113.0 50.0
1 -1.0 -1.0 8.0 202.0 80.0
2 -1.0 -1.0 15.0 347.0 34.0
3 -1.0 -1.0 10.0 125.0 90.0
4 -1.0 -1.0 13.0 77.0 73.0
5 -1.0 -1.0 8.0 117.0 20.0
6 -1.0 -1.0 7.0 160.0 51.0
7 -1.0 -1.0 5.0 183.0 53.0
8 -1.0 -1.0 13.0 332.0 46.0
9 -1.0 -1.0 6.0 153.0 98.0
10 -1.0 -1.0 9.0 283.0 89.0
11 -1.0 -1.0 4.0 155.0 34.0
12 -1.0 -1.0 4.0 214.0 18.0
13 -1.0 -1.0 20.0 287.0 98.0
14 -1.0 -1.0 9.0 165.0 95.0
15 -1.0 -1.0 8.0 264.0 52.0
16 -1.0 -1.0 9.0 299.0 62.0
17 -1.0 -1.0 20.0 353.0 40.0
18 -1.0 -1.0 15.0 187.0 36.0
19 -1.0 -1.0 18.0 196.0 17.0
20 -1.0 -1.0 13.0 70.0 17.0
21 -1.0 -1.0 8.0 184.0 54.0
22 -1.0 -1.0 13.0 279.0 21.0
23 -1.0 -1.0 15.0 93.0 15.0
24 -1.0 -1.0 10.0 289.0 20.0
25 -1.0 -1.0 16.0 68.0 70.0
26 -1.0 -1.0 6.0 288.0 77.0
27 -1.0 -1.0 11.0 128.0 39.0
28 -1.0 -1.0 18.0 270.0 98.0
29 -1.0 -1.0 15.0 307.0 57.0
30 -1.0 -1.0 20.0 390.0 64.0
31 -1.0 -1.0 20.0 323.0 98.0
32 -1.0 -1.0 17.0 28.0 44.0
33 -1.0 -1.0 16.0 85.0 70.0
34 -1.0 -1.0 19.0 346.0 96.0
35 -1.0 -1.0 20.0 250.0 50.0
36 -1.0 -1.0 10.0 253.0 74.0
37 -1.0 -1.0 17.0 128.0 57.0
38 -1.0 -1.0 11.0 319.0 82.0
39 -1.0 -1.0 13.0 192.0 74.0
40 -1.0 -1.0 19.0 71.0 46.0
41 -1.0 -1.0 15.0 373.0 56.0
42 -1.0 -1.0 17.0 363.0 49.0
43 -1.0 -1.0 7.0 345.0 38.0
44 -1.0 -1.0 7.0 140.0 80.0
45 -1.0 -1.0 18.0 27.0 39.0
46 -1.0 -1.0 13.0 352.0 81.0
47 -1.0 -1.0 13.0 301.0 22.0
48 -1.0 -1.0 11.0 268.0 77.0
49 -1.0 -1.0 9.0 299.0 24.0
50 -1.0 -1.0 17.0 308.0 76.0
51 -1.0 -1.0 13.0 254.0 68.0
52 -1.0 -1.0 7.0 114.0 23.0
53 -1.0 -1.0 9.0 365.0 93.0
54 -1.0 -1.0 4.0 396.0 43.0
55 -1.0 -1.0 14.0 350.0 38.0
56 -1.0 -1.0 17.0 339.0 97.0
57 -1.0 -1.0 6.0 193.0 84.0
58 -1.0 -1.0 5.0 59.0 21.0
59 -1.0 -1.0 4.0 181.0 32.0
60 -1.0 -1.0 17.0 370.0 43.0
61 -1.0 -1.0 19.0 137.0 28.0
62 -1.0 -1.0 11.0 267.0 57.0
63 -1.0 -1.0 14.0 199.0 32.0
64 -1.0 -1.0 11.0 124.0 78.0
65 -1.0 -1.0 4.0 146.0 31.0
66 -1.0 -1.0 18.0 206.0 37.0
67 -1.0 -1.0 13.0 265.0 92.0
68 -1.0 -1.0 18.0 24.0 47.0
69 -1.0 -1.0 13.0 85.0 46.0
70 -1.0 -1.0 13.0 345.0 63.0
71 -1.0 -1.0 20.0 196.0 82.0
72 -1.0 -1.0 7.0 356.0 59.0
73 -1.0 -1.0 14.0 289.0 63.0
74 -1.0 -1.0 20.0 130.0 48.0
75 -1.0 -1.0 20.0 48.0 86.0
76 -1.0 -1.0 19.0 176.0 31.0
77 -1.0 -1.0 4.0 238.0 87.0
78 -1.0 -1.0 19.0 215.0 52.0
79 -1.0 -1.0 8.0 336.0 85.0
80 -1.0 -1.0 9.0 142.0 63.0
81 -1.0 -1.0 17.0 216.0 17.0
82 -1.0 -1.0 10.0 158.0 79.0
83 -1.0 -1.0 17.0 400.0 59.0
84 -1.0 -1.0 16.0 59.0 36.0
85 -1.0 -1.0 17.0 106.0 65.0
86 -1.0 -1.0 20.0 238.0 27.0
87 -1.0 -1.0 12.0 24.0 43.0
88 -1.0 -1.0 17.0 18.0 30.0
89 -1.0 -1.0 10.0 277.0 82.0
90 -1.0 -1.0 11.0 172.0 94.0
91 -1.0 -1.0 20.0 314.0 81.0
92 -1.0 -1.0 10.0 284.0 56.0
93 -1.0 -1.0 10.0 122.0 40.0
94 -1.0 -1.0 7.0 252.0 27.0
95 -1.0 -1.0 18.0 247.0 34.0
96 -1.0 -1.0 10.0 188.0 15.0
97 -1.0 -1.0 9.0 25.0 42.0
98 -1.0 -1.0 4.0 271.0 37.0
99 -1.0 -1.0 12.0 309.0 16.0
100 -1.0 -1.0 15.0 150.0 74.0
101 -1.0 -1.0 19.0 254.0 93.0
102 -1.0 -1.0 10.0 356.0 64.0
103 -1.0 -1.0 15.0 359.0 27.0
104 -1.0 -1.0 10.0 265.0 93.0
105 -1.0 -1.0 10.0 323.0 54.0
106 -1.0 -1.0 8.0 204.0 84.0
107 -1.0 -1.0 9.0 310.0 28.0
108 -1.0 -1.0 17.0 307.0 84.0
109 -1.0 -1.0 13.0 140.0 47.0
110 -1.0 -1.0 12.0 103.0 97.0
111 -1.0 -1.0 18.0 17.0 85.0
112 -1.0 -1.0 16.0 305.0 76.0
113 -1.0 -1.0 14.0 392.0 90.0
114 -1.0 -1.0 8.0 285.0 87.0
115 -1.0 -1.0 18.0 130.0 77.0
116 -1.0 -1.0 11.0 87.0 50.0
117 -1.0 -1.0 7.0 253.0 44.0
118 -1.0 -1.0 20.0 288.0 34.0
119 -1.0 -1.0 9.0 127.0 56.0
120 -1.0 -1.0 20.0 357.0 19.0
121 -1.0 -1.0 15.0 372.0 63.0
122 -1.0 -1.0 8.0 374.0 29.0
123 -1.0 -1.0 12.0 193.0 22.0
124 -1.0 -1.0 11.0 148.0 97.0
125 -1.0 -1.0 15.0 67.0 19.0
126 -1.0 -1.0 4.0 53.0 67.0
127 -1.0 -1.0 8.0 212.0 15.0
128 -1.0 -1.0 10.0 249.0 94.0
129 -1.0 -1.0 18.0 191.0 27.0
130 -1.0 -1.0 17.0 345.0 34.0
131 -1.0 -1.0 18.0 372.0 58.0
132 -1.0 -1.0 12.0 180.0 91.0
133 -1.0 -1.0 4.0 183.0 43.0
134 -1.0 -1.0 16.0 312.0 22.0
135 -1.0 -1.0 13.0 311.0 32.0
136 -1.0 -1.0 6.0 346.0 85.0
137 -1.0 -1.0 17.0 119.0 16.0
138 -1.0 -1.0 20.0 140.0 25.0
139 -1.0 -1.0 10.0 253.0 45.0
140 -1.0 -1.0 12.0 162.0 18.0
141 -1.0 -1.0 15.0 97.0 87.0
142 -1.0 -1.0 16.0 27.0 46.0
143 -1.0 -1.0 13.0 16.0 73.0
144 -1.0 -1.0 15.0 190.0 60.0
145 -1.0 -1.0 5.0 254.0 91.0
146 -1.0 -1.0 11.0 93.0 34.0
147 -1.0 -1.0 15.0 389.0 42.0
148 -1.0 -1.0 19.0 209.0 42.0
149 -1.0 -1.0 15.0 58.0 21.0
150 -1.0 -1.0 8.0 142.0 82.0
151 -1.0 -1.0 20.0 377.0 21.0
152 -1.0 -1.0 15.0 141.0 16.0
153 -1.0 -1.0 6.0 71.0 39.0
154 -1.0 -1.0 9.0 361.0 33.0
155 -1.0 -1.0 16.0 42.0 29.0
156 -1.0 -1.0 10.0 86.0 26.0
157 -1.0 -1.0 16.0 289.0 63.0
158 -1.0 -1.0 9.0 251.0 25.0
159 -1.0 -1.0 10.0 285.0 78.0
160 -1.0 -1.0 13.0 174.0 100.0
161 -1.0 -1.0 5.0 184.0 20.0
162 -1.0 -1.0 4.0 52.0 62.0
163 -1.0 -1.0 17.0 347.0 94.0
164 -1.0 -1.0 4.0 59.0 16.0
165 -1.0 -1.0 12.0 195.0 38.0
166 -1.0 -1.0 12.0 72.0 24.0
167 -1.0 -1.0 12.0 206.0 68.0
168 -1.0 -1.0 9.0 393.0 69.0
169 -1.0 -1.0 16.0 268.0 29.0
170 -1.0 -1.0 17.0 135.0 97.0
171 -1.0 -1.0 17.0 349.0 43.0
172 -1.0 -1.0 11.0 233.0 47.0
173 -1.0 -1.0 4.0 90.0 73.0
174 -1.0 -1.0 19.0 344.0 72.0
175 -1.0 -1.0 17.0 201.0 66.0
176 -1.0 -1.0 18.0 347.0 25.0
177 -1.0 -1.0 12.0 176.0 82.0
178 -1.0 -1.0 11.0 206.0 88.0
179 -1.0 -1.0 9.0 298.0 19.0
180 -1.0 -1.0 4.0 135.0 75.0
181 -1.0 -1.0 18.0 396.0 71.0
182 -1.0 -1.0 7.0 224.0 16.0
183 -1.0 -1.0 4.0 67.0 64.0
184 -1.0 -1.0 12.0 174.0 39.0
185 -1.0 -1.0 13.0 370.0 89.0
186 -1.0 -1.0 18.0 364.0 45.0
187 -1.0 -1.0 14.0 38.0 40.0
188 -1.0 -1.0 5.0 143.0 35.0
189 -1.0 -1.0 16.0 253.0 44.0
190 -1.0 -1.0 13.0 158.0 73.0
191 -1.0 -1.0 11.0 346.0 78.0
192 -1.0 -1.0 12.0 379.0 27.0
193 -1.0 -1.0 20.0 106.0 18.0
194 -1.0 -1.0 5.0 363.0 77.0
195 -1.0 -1.0 8.0 296.0 18.0
196 -1.0 -1.0 9.0 248.0 35.0
197 -1.0 -1.0 13.0 285.0 18.0
198 -1.0 -1.0 18.0 218.0 43.0
199 -1.0 -1.0 8.0 375.0 84.0
200 -1.0 -1.0 6.0 233.0 84.0
201 -1.0 -1.0 16.0 115.0 94.0
202 -1.0 -1.0 15.0 329.0 87.0
203 -1.0 -1.0 17.0 211.0 61.0
204 -1.0 -1.0 16.0 147.0 70.0
205 -1.0 -1.0 13.0 398.0 19.0
206 -1.0 -1.0 14.0 385.0 61.0
207 -1.0 -1.0 10.0 335.0 82.0
208 -1.0 -1.0 7.0 228.0 97.0
209 -1.0 -1.0 14.0 302.0 97.0
210 -1.0 -1.0 12.0 37.0 86.0
211 -1.0 -1.0 14.0 120.0 89.0
212 -1.0 -1.0 11.0 17.0 43.0
213 -1.0 -1.0 7.0 245.0 29.0
214 -1.0 -1.0 12.0 82.0 58.0
215 -1.0 -1.0 16.0 384.0 96.0
216 -1.0 -1.0 12.0 34.0 19.0
217 -1.0 -1.0 13.0 298.0 77.0
218 -1.0 -1.0 17.0 74.0 62.0
219 -1.0 -1.0 14.0 275.0 20.0
220 -1.0 -1.0 10.0 248.0 21.0
221 -1.0 -1.0 5.0 70.0 74.0
222 -1.0 -1.0 18.0 361.0 28.0
223 -1.0 -1.0 19.0 203.0 65.0
224 -1.0 -1.0 14.0 295.0 59.0
225 -1.0 -1.0 4.0 391.0 39.0
226 -1.0 -1.0 18.0 61.0 30.0
227 -1.0 -1.0 9.0 160.0 71.0
228 -1.0 -1.0 20.0 371.0 49.0
229 -1.0 -1.0 20.0 366.0 77.0
230 -1.0 -1.0 8.0 312.0 92.0
231 -1.0 -1.0 18.0 225.0 15.0
232 -1.0 -1.0 15.0 149.0 38.0
233 -1.0 -1.0 4.0 15.0 16.0
234 -1.0 -1.0 11.0 122.0 29.0
235 -1.0 -1.0 4.0 233.0 61.0
236 -1.0 -1.0 18.0 76.0 38.0
237 -1.0 -1.0 17.0 66.0 86.0
238 -1.0 -1.0 17.0 115.0 83.0
239 -1.0 -1.0 18.0 63.0 82.0
240 -1.0 -1.0 17.0 189.0 89.0
241 -1.0 -1.0 11.0 266.0 95.0
242 -1.0 -1.0 15.0 337.0 68.0
243 -1.0 -1.0 20.0 259.0 32.0
244 -1.0 -1.0 10.0 51.0 75.0
245 -1.0 -1.0 18.0 187.0 37.0
246 -1.0 -1.0 16.0 210.0 24.0
247 -1.0 -1.0 5.0 363.0 30.0
248 -1.0 -1.0 19.0 29.0 81.0
249 -1.0 -1.0 9.0 400.0 17.0
250 -1.0 -1.0 4.0 76.0 30.0
251 -1.0 -1.0 5.0 64.0 53.0
252 -1.0 -1.0 5.0 71.0 85.0
253 -1.0 -1.0 12.0 107.0 36.0
254 -1.0 -1.0 7.0 193.0 70.0
255 -1.0 -1.0 9.0 398.0 77.0
256 -1.0 -1.0 9.0 126.0 54.0
257 -1.0 -1.0 15.0 35.0 98.0
258 -1.0 -1.0 16.0 49.0 93.0
259 -1.0 -1.0 19.0 344.0 91.0
260 -1.0 -1.0 14.0 336.0 41.0
261 -1.0 -1.0 10.0 315.0 66.0
262 -1.0 -1.0 7.0 382.0 93.0
263 -1.0 -1.0 19.0 29.0 51.0
264 -1.0 -1.0 10.0 213.0 65.0
265 -1.0 -1.0 14.0 88.0 83.0
266 -1.0 -1.0 9.0 232.0 85.0
267 -1.0 -1.0 4.0 65.0 67.0
268 -1.0 -1.0 12.0 349.0 100.0
269 -1.0 -1.0 11.0 196.0 91.0
270 -1.0 -1.0 16.0 215.0 18.0
271 -1.0 -1.0 9.0 106.0 93.0
272 -1.0 -1.0 18.0 156.0 84.0
273 -1.0 -1.0 16.0 145.0 21.0
274 -1.0 -1.0 4.0 298.0 89.0
275 -1.0 -1.0 11.0 166.0 69.0
276 -1.0 -1.0 19.0 192.0 89.0
277 -1.0 -1.0 18.0 235.0 38.0
278 -1.0 -1.0 14.0 181.0 85.0
279 -1.0 -1.0 20.0 68.0 23.0
280 -1.0 -1.0 9.0 379.0 89.0
281 -1.0 -1.0 14.0 294.0 19.0
282 -1.0 -1.0 6.0 263.0 81.0
283 -1.0 -1.0 4.0 146.0 88.0
284 -1.0 -1.0 19.0 23.0 75.0
285 -1.0 -1.0 16.0 90.0 67.0
286 -1.0 -1.0 16.0 148.0 76.0
287 -1.0 -1.0 12.0 355.0 92.0
288 -1.0 -1.0 8.0 241.0 96.0
289 -1.0 -1.0 18.0 29.0 100.0
290 -1.0 -1.0 20.0 276.0 97.0
291 -1.0 -1.0 13.0 26.0 38.0
292 -1.0 -1.0 19.0 154.0 91.0
293 -1.0 -1.0 17.0 145.0 15.0
294 -1.0 -1.0 17.0 378.0 27.0
295 -1.0 -1.0 4.0 375.0 66.0
296 -1.0 -1.0 9.0 300.0 77.0
297 -1.0 -1.0 4.0 117.0 60.0
298 -1.0 -1.0 19.0 346.0 87.0
299 -1.0 -1.0 5.0 109.0 52.0
300 -1.0 -1.0 4.0 337.0 31.0
301 -1.0 -1.0 12.0 219.0 100.0
302 -1.0 -1.0 19.0 95.0 51.0
303 -1.0 -1.0 10.0 74.0 29.0
304 -1.0 -1.0 10.0 90.0 91.0
305 -1.0 -1.0 17.0 297.0 28.0
306 -1.0 -1.0 20.0 268.0 32.0
307 -1.0 -1.0 17.0 381.0 90.0
308 -1.0 -1.0 5.0 202.0 25.0
309 -1.0 -1.0 6.0 364.0 90.0
310 -1.0 -1.0 6.0 232.0 30.0
311 -1.0 -1.0 12.0 136.0 37.0
312 -1.0 -1.0 4.0 233.0 71.0
313 -1.0 -1.0 14.0 196.0 99.0
314 -1.0 -1.0 11.0 21.0 70.0
315 -1.0 -1.0 12.0 58.0 78.0
316 -1.0 -1.0 10.0 120.0 77.0
317 -1.0 -1.0 14.0 201.0 45.0
318 -1.0 -1.0 12.0 70.0 47.0
319 -1.0 -1.0 7.0 249.0 67.0
320 -1.0 -1.0 19.0 394.0 64.0
321 -1.0 -1.0 12.0 277.0 51.0
322 -1.0 -1.0 13.0 64.0 66.0
323 -1.0 -1.0 20.0 83.0 53.0
324 -1.0 -1.0 19.0 331.0 61.0
325 -1.0 -1.0 4.0 36.0 100.0
326 -1.0 -1.0 11.0 260.0 58.0
327 -1.0 -1.0 14.0 21.0 49.0
328 -1.0 -1.0 17.0 86.0 24.0
329 -1.0 -1.0 4.0 368.0 18.0
330 -1.0 -1.0 10.0 242.0 20.0
331 -1.0 -1.0 16.0 135.0 75.0
332 -1.0 -1.0 17.0 283.0 87.0
333 -1.0 -1.0 14.0 382.0 51.0
334 -1.0 -1.0 10.0 30.0 63.0
335 -1.0 -1.0 8.0 389.0 89.0
336 -1.0 -1.0 20.0 184.0 35.0
337 -1.0 -1.0 13.0 62.0 69.0
338 -1.0 -1.0 12.0 120.0 87.0
339 -1.0 -1.0 17.0 139.0 80.0
340 -1.0 -1.0 16.0 58.0 17.0
341 -1.0 -1.0 10.0 252.0 31.0
342 -1.0 -1.0 5.0 324.0 89.0
343 -1.0 -1.0 4.0 190.0 89.0
344 -1.0 -1.0 4.0 312.0 39.0
345 -1.0 -1.0 17.0 380.0 70.0
346 -1.0 -1.0 16.0 31.0 25.0
347 -1.0 -1.0 16.0 249.0 82.0
348 -1.0 -1.0 9.0 85.0 89.0
349 -1.0 -1.0 4.0 33.0 88.0
350 -1.0 -1.0 4.0 166.0 60.0
351 -1.0 -1.0 6.0 208.0 47.0
352 -1.0 -1.0 20.0 213.0 44.0
353 -1.0 -1.0 9.0 263.0 51.0
354 -1.0 -1.0 6.0 323.0 53.0
355 -1.0 -1.0 8.0 72.0 88.0
356 -1.0 -1.0 5.0 331.0 58.0
357 -1.0 -1.0 17.0 149.0 76.0
358 -1.0 -1.0 19.0 222.0 58.0
359 -1.0 -1.0 7.0 136.0 67.0
360 -1.0 -1.0 12.0 27.0 50.0
361 -1.0 -1.0 4.0 196.0 26.0
362 -1.0 -1.0 18.0 99.0 61.0
363 -1.0 -1.0 9.0 220.0 72.0
364 -1.0 -1.0 9.0 95.0 98.0
365 -1.0 -1.0 10.0 186.0 93.0
366 -1.0 -1.0 4.0 80.0 69.0
367 -1.0 -1.0 11.0 331.0 40.0
368 -1.0 -1.0 16.0 201.0 80.0
369 -1.0 -1.0 9.0 106.0 87.0
370 -1.0 -1.0 14.0 149.0 55.0
371 -1.0 -1.0 15.0 32.0 33.0
372 -1.0 -1.0 6.0 106.0 40.0
373 -1.0 -1.0 6.0 230.0 34.0
374 -1.0 -1.0 5.0 172.0 77.0
375 -1.0 -1.0 10.0 299.0 35.0
376 -1.0 -1.0 14.0 279.0 66.0
377 -1.0 -1.0 4.0 368.0 26.0
378 -1.0 -1.0 15.0 238.0 42.0
379 -1.0 -1.0 20.0 95.0 72.0
380 -1.0 -1.0 20.0 122.0 77.0
381 -1.0 -1.0 10.0 204.0 78.0
382 -1.0 -1.0 15.0 361.0 48.0
383 -1.0 -1.0 6.0 78.0 73.0
384 -1.0 -1.0 5.0 285.0 59.0
385 -1.0 -1.0 11.0 232.0 56.0
386 -1.0 -1.0 17.0 112.0 39.0
387 -1.0 -1.0 18.0 361.0 52.0
388 -1.0 -1.0 16.0 28.0 70.0
389 -1.0 -1.0 16.0 155.0 100.0
390 -1.0 -1.0 18.0 30.0 70.0
391 -1.0 -1.0 14.0 321.0 92.0
392 -1.0 -1.0 11.0 344.0 24.0
393 -1.0 -1.0 16.0 21.0 38.0
394 -1.0 -1.0 18.0 369.0 56.0
395 -1.0 -1.0 14.0 29.0 85.0
396 -1.0 -1.0 18.0 20.0 51.0
397 -1.0 -1.0 16.0 213.0 79.0
398 -1.0 -1.0 12.0 320.0 68.0
399 -1.0 -1.0 10.0 328.0 43.0
400 -1.0 -1.0 13.0 197.0 84.0
401 -1.0 -1.0 18.0 282.0 39.0
402 -1.0 -1.0 16.0 296.0 98.0
403 -1.0 -1.0 7.0 397.0 52.0
404 -1.0 -1.0 19.0 99.0 84.0
405 -1.0 -1.0 7.0 299.0 98.0
406 -1.0 -1.0 19.0 107.0 15.0
407 -1.0 -1.0 8.0 63.0 30.0
408 -1.0 -1.0 16.0 378.0 51.0
409 -1.0 -1.0 5.0 351.0 60.0
410 -1.0 -1.0 7.0 132.0 54.0
411 -1.0 -1.0 4.0 96.0 60.0
412 -1.0 -1.0 12.0 104.0 56.0
413 -1.0 -1.0 9.0 165.0 32.0
414 -1.0 -1.0 7.0 82.0 68.0
415 -1.0 -1.0 16.0 40.0 51.0
416 -1.0 -1.0 9.0 229.0 21.0
417 -1.0 -1.0 19.0 173.0 84.0
418 -1.0 -1.0 5.0 367.0 45.0
419 -1.0 -1.0 12.0 149.0 30.0
420 -1.0 -1.0 8.0 371.0 35.0
421 -1.0 -1.0 5.0 81.0 84.0
422 -1.0 -1.0 15.0 263.0 76.0
423 -1.0 -1.0 20.0 391.0 91.0
424 -1.0 -1.0 10.0 382.0 44.0
425 -1.0 -1.0 18.0 392.0 31.0
426 -1.0 -1.0 9.0 114.0 65.0
427 -1.0 -1.0 13.0 204.0 27.0
428 -1.0 -1.0 18.0 170.0 69.0
429 -1.0 -1.0 6.0 358.0 93.0
430 -1.0 -1.0 9.0 342.0 40.0
431 -1.0 -1.0 9.0 192.0 47.0
432 -1.0 -1.0 11.0 337.0 18.0
433 -1.0 -1.0 16.0 121.0 66.0
434 -1.0 -1.0 11.0 283.0 46.0
435 -1.0 -1.0 10.0 97.0 86.0
436 -1.0 -1.0 15.0 87.0 57.0
437 -1.0 -1.0 6.0 165.0 43.0
438 -1.0 -1.0 20.0 157.0 89.0
439 -1.0 -1.0 6.0 31.0 82.0
440 -1.0 -1.0 16.0 277.0 18.0
441 -1.0 -1.0 10.0 152.0 47.0
442 -1.0 -1.0 7.0 304.0 70.0
443 -1.0 -1.0 14.0 357.0 29.0
444 -1.0 -1.0 14.0 96.0 56.0
445 -1.0 -1.0 19.0 162.0 62.0
446 -1.0 -1.0 9.0 327.0 84.0
447 -1.0 -1.0 9.0 263.0 77.0
448 -1.0 -1.0 17.0 141.0 30.0
449 -1.0 -1.0 4.0 150.0 69.0
450 -1.0 -1.0 14.0 173.0 39.0
451 -1.0 -1.0 6.0 212.0 38.0
452 -1.0 -1.0 4.0 392.0 46.0
453 -1.0 -1.0 11.0 109.0 80.0
454 -1.0 -1.0 15.0 144.0 65.0
455 -1.0 -1.0 8.0 252.0 44.0
456 -1.0 -1.0 14.0 240.0 41.0
457 -1.0 -1.0 20.0 268.0 62.0
458 -1.0 -1.0 9.0 183.0 90.0
459 -1.0 -1.0 6.0 229.0 76.0
460 -1.0 -1.0 18.0 327.0 32.0
461 -1.0 -1.0 17.0 149.0 19.0
462 -1.0 -1.0 20.0 58.0 80.0
463 -1.0 -1.0 14.0 25.0 69.0
464 -1.0 -1.0 11.0 65.0 67.0
465 -1.0 -1.0 10.0 222.0 69.0
466 -1.0 -1.0 6.0 206.0 57.0
467 -1.0 -1.0 17.0 111.0 72.0
468 -1.0 -1.0 4.0 36.0 53.0
469 -1.0 -1.0 6.0 365.0 67.0
470 -1.0 -1.0 5.0 254.0 59.0
471 -1.0 -1.0 16.0 142.0 36.0
472 -1.0 -1.0 18.0 278.0 78.0
473 -1.0 -1.0 20.0 322.0 66.0
474 -1.0 -1.0 5.0 120.0 91.0
475 -1.0 -1.0 20.0 376.0 58.0
476 -1.0 -1.0 8.0 87.0 65.0
477 -1.0 -1.0 12.0 166.0 36.0
478 -1.0 -1.0 4.0 295.0 47.0
479 -1.0 -1.0 5.0 89.0 31.0
480 -1.0 -1.0 5.0 121.0 96.0
481 -1.0 -1.0 15.0 87.0 78.0
482 -1.0 -1.0 19.0 240.0 95.0
483 -1.0 -1.0 15.0 174.0 68.0
484 -1.0 -1.0 19.0 151.0 91.0
485 -1.0 -1.0 19.0 142.0 94.0
486 -1.0 -1.0 10.0 358.0 77.0
487 -1.0 -1.0 9.0 285.0 15.0
488 -1.0 -1.0 19.0 32.0 100.0
489 -1.0 -1.0 11.0 266.0 63.0
490 -1.0 -1.0 6.0 90.0 70.0
491 -1.0 -1.0 18.0 64.0 48.0
492 -1.0 -1.0 14.0 376.0 67.0
493 -1.0 -1.0 16.0 145.0 62.0
494 -1.0 -1.0 6.0 121.0 20.0
495 -1.0 -1.0 14.0 332.0 55.0
496 -1.0 -1.0 16.0 114.0 54.0
497 -1.0 -1.0 14.0 21.0 27.0
498 -1.0 -1.0 16.0 364.0 47.0
499 -1.0 -1.0 4.0 212.0 98.0
500 -1.0 -1.0 9.0 338.0 52.0
501 -1.0 -1.0 6.0 399.0 80.0
502 -1.0 -1.0 10.0 320.0 36.0
503 -1.0 -1.0 11.0 338.0 24.0
504 -1.0 -1.0 10.0 128.0 27.0
505 -1.0 -1.0 7.0 198.0 99.0
506 -1.0 -1.0 13.0 54.0 98.0
507 -1.0 -1.0 13.0 249.0 65.0
508 -1.0 -1.0 10.0 117.0 68.0
509 -1.0 -1.0 9.0 87.0 19.0
510 -1.0 -1.0 6.0 257.0 98.0
511 -1.0 -1.0 17.0 287.0 67.0
512 -1.0 -1.0 4.0 223.0 73.0
513 -1.0 -1.0 4.0 265.0 41.0
514 -1.0 -1.0 20.0 233.0 25.0
515 -1.0 -1.0 5.0 203.0 58.0
516 -1.0 -1.0 10.0 394.0 77.0
517 -1.0 -1.0 10.0 71.0 55.0
518 -1.0 -1.0 7.0 73.0 90.0
519 -1.0 -1.0 9.0 367.0 80.0
520 -1.0 -1.0 15.0 322.0 95.0
521 -1.0 -1.0 15.0 384.0 28.0
522 -1.0 -1.0 10.0 360.0 94.0
523 -1.0 -1.0 12.0 233.0 81.0
524 -1.0 -1.0 8.0 223.0 60.0
525 -1.0 -1.0 11.0 26.0 98.0
526 -1.0 -1.0 8.0 148.0 19.0
527 -1.0 -1.0 11.0 306.0 86.0
528 -1.0 -1.0 7.0 116.0 75.0
529 -1.0 -1.0 13.0 26.0 21.0
530 -1.0 -1.0 4.0 387.0 100.0
531 -1.0 -1.0 5.0 69.0 19.0
532 -1.0 -1.0 5.0 151.0 87.0
533 -1.0 -1.0 10.0 364.0 24.0
534 -1.0 -1.0 9.0 270.0 54.0
535 -1.0 -1.0 20.0 347.0 60.0
536 -1.0 -1.0 16.0 34.0 59.0
537 -1.0 -1.0 12.0 346.0 78.0
538 -1.0 -1.0 20.0 264.0 53.0
539 -1.0 -1.0 19.0 118.0 38.0
540 -1.0 -1.0 12.0 80.0 66.0
541 -1.0 -1.0 13.0 387.0 52.0
542 -1.0 -1.0 14.0 154.0 26.0
543 -1.0 -1.0 8.0 386.0 78.0
544 -1.0 -1.0 13.0 299.0 52.0
545 -1.0 -1.0 17.0 356.0 85.0
546 -1.0 -1.0 14.0 311.0 73.0
547 -1.0 -1.0 11.0 257.0 24.0
548 -1.0 -1.0 17.0 77.0 49.0
549 -1.0 -1.0 18.0 316.0 41.0
550 -1.0 -1.0 16.0 134.0 54.0
551 -1.0 -1.0 17.0 381.0 76.0
552 -1.0 -1.0 4.0 389.0 89.0
553 -1.0 -1.0 14.0 139.0 28.0
554 -1.0 -1.0 9.0 37.0 39.0
555 -1.0 -1.0 11.0 48.0 96.0
556 -1.0 -1.0 4.0 175.0 45.0
557 -1.0 -1.0 8.0 147.0 20.0
558 -1.0 -1.0 15.0 110.0 56.0
559 -1.0 -1.0 9.0 112.0 26.0
560 -1.0 -1.0 4.0 83.0 34.0
561 -1.0 -1.0 5.0 109.0 24.0
562 -1.0 -1.0 18.0 171.0 85.0
563 -1.0 -1.0 6.0 389.0 90.0
564 -1.0 -1.0 7.0 131.0 21.0
565 -1.0 -1.0 16.0 309.0 35.0
566 -1.0 -1.0 19.0 176.0 53.0
567 -1.0 -1.0 10.0 101.0 69.0
568 -1.0 -1.0 7.0 338.0 91.0
569 -1.0 -1.0 5.0 97.0 15.0
570 -1.0 -1.0 17.0 123.0 48.0
571 -1.0 -1.0 11.0 213.0 56.0
572 -1.0 -1.0 9.0 343.0 44.0
573 -1.0 -1.0 18.0 127.0 76.0
574 -1.0 -1.0 16.0 226.0 33.0
575 -1.0 -1.0 15.0 45.0 40.0
576 -1.0 -1.0 7.0 121.0 85.0
577 -1.0 -1.0 6.0 157.0 59.0
578 -1.0 -1.0 15.0 186.0 17.0
579 -1.0 -1.0 6.0 142.0 71.0
580 -1.0 -1.0 20.0 94.0 28.0
581 -1.0 -1.0 8.0 149.0 89.0
582 -1.0 -1.0 6.0 159.0 17.0
583 -1.0 -1.0 13.0 26.0 19.0
584 -1.0 -1.0 6.0 57.0 41.0
585 -1.0 -1.0 15.0 157.0 52.0
586 -1.0 -1.0 13.0 134.0 40.0
587 -1.0 -1.0 5.0 218.0 30.0
588 -1.0 -1.0 10.0 35.0 39.0
589 -1.0 -1.0 15.0 375.0 66.0
590 -1.0 -1.0 5.0 185.0 99.0
591 -1.0 -1.0 12.0 105.0 69.0
592 -1.0 -1.0 6.0 50.0 98.0
593 -1.0 -1.0 7.0 78.0 47.0
594 -1.0 -1.0 14.0 237.0 73.0
595 -1.0 -1.0 13.0 248.0 30.0
596 -1.0 -1.0 19.0 198.0 61.0
597 -1.0 -1.0 4.0 357.0 54.0
598 -1.0 -1.0 16.0 165.0 64.0
599 -1.0 -1.0 13.0 53.0 51.0
600 -1.0 -1.0 7.0 396.0 93.0
601 -1.0 -1.0 6.0 108.0 76.0
602 -1.0 -1.0 6.0 226.0 45.0
603 -1.0 -1.0 11.0 374.0 72.0
604 -1.0 -1.0 9.0 53.0 22.0
605 -1.0 -1.0 18.0 341.0 57.0
606 -1.0 -1.0 11.0 279.0 30.0
607 -1.0 -1.0 5.0 150.0 49.0
608 -1.0 -1.0 11.0 340.0 35.0
609 -1.0 -1.0 7.0 70.0 91.0
610 -1.0 -1.0 15.0 265.0 72.0
611 -1.0 -1.0 18.0 126.0 80.0
612 -1.0 -1.0 9.0 108.0 100.0
613 -1.0 -1.0 16.0 125.0 33.0
614 -1.0 -1.0 12.0 259.0 30.0
615 -1.0 -1.0 12.0 89.0 80.0
616 -1.0 -1.0 7.0 253.0 35.0
617 -1.0 -1.0 16.0 155.0 97.0
618 -1.0 -1.0 14.0 135.0 18.0
619 -1.0 -1.0 19.0 108.0 22.0
620 -1.0 -1.0 6.0 77.0 41.0
621 -1.0 -1.0 8.0 341.0 38.0
622 -1.0 -1.0 13.0 84.0 32.0
623 -1.0 -1.0 11.0 274.0 46.0
624 -1.0 -1.0 18.0 297.0 65.0
625 -1.0 -1.0 6.0 376.0 31.0
626 -1.0 -1.0 14.0 69.0 41.0
627 -1.0 -1.0 9.0 150.0 15.0
628 -1.0 -1.0 6.0 357.0 36.0
629 -1.0 -1.0 7.0 346.0 99.0
630 -1.0 -1.0 18.0 188.0 57.0
631 -1.0 -1.0 15.0 296.0 44.0
632 -1.0 -1.0 5.0 245.0 32.0
633 -1.0 -1.0 5.0 316.0 45.0
634 -1.0 -1.0 18.0 132.0 79.0
635 -1.0 -1.0 19.0 220.0 26.0
636 -1.0 -1.0 10.0 393.0 56.0
637 -1.0 -1.0 8.0 288.0 42.0
638 -1.0 -1.0 14.0 392.0 81.0
639 -1.0 -1.0 6.0 300.0 76.0
640 -1.0 -1.0 11.0 171.0 69.0
641 -1.0 -1.0 9.0 224.0 99.0
642 -1.0 -1.0 17.0 49.0 79.0
643 -1.0 -1.0 10.0 166.0 38.0
644 -1.0 -1.0 12.0 120.0 22.0
645 -1.0 -1.0 10.0 253.0 67.0
646 -1.0 -1.0 6.0 93.0 70.0
647 -1.0 -1.0 17.0 45.0 70.0
648 -1.0 -1.0 8.0 273.0 16.0
649 -1.0 -1.0 10.0 307.0 87.0
650 -1.0 -1.0 8.0 311.0 58.0
651 -1.0 -1.0 7.0 82.0 83.0
652 -1.0 -1.0 10.0 173.0 31.0
653 -1.0 -1.0 10.0 196.0 28.0
654 -1.0 -1.0 13.0 200.0 41.0
655 -1.0 -1.0 13.0 182.0 29.0
656 -1.0 -1.0 15.0 47.0 96.0
657 -1.0 -1.0 14.0 374.0 32.0
658 -1.0 -1.0 16.0 220.0 43.0
659 -1.0 -1.0 17.0 43.0 21.0
660 -1.0 -1.0 5.0 334.0 81.0
661 -1.0 -1.0 11.0 165.0 73.0
662 -1.0 -1.0 9.0 169.0 25.0
663 -1.0 -1.0 7.0 74.0 78.0
664 -1.0 -1.0 4.0 109.0 45.0
665 -1.0 -1.0 8.0 48.0 18.0
666 -1.0 -1.0 15.0 60.0 79.0
667 -1.0 -1.0 7.0 109.0 51.0
668 -1.0 -1.0 7.0 370.0 57.0
669 -1.0 -1.0 5.0 281.0 52.0
670 -1.0 -1.0 10.0 284.0 95.0
671 -1.0 -1.0 11.0 259.0 40.0
672 -1.0 -1.0 9.0 399.0 78.0
673 -1.0 -1.0 18.0 340.0 69.0
674 -1.0 -1.0 4.0 249.0 52.0
675 -1.0 -1.0 13.0 399.0 28.0
676 -1.0 -1.0 7.0 139.0 93.0
677 -1.0 -1.0 13.0 150.0 50.0
678 -1.0 -1.0 13.0 400.0 96.0
679 -1.0 -1.0 12.0 51.0 55.0
680 -1.0 -1.0 18.0 51.0 87.0
681 -1.0 -1.0 10.0 142.0 73.0
682 -1.0 -1.0 20.0 204.0 58.0
683 -1.0 -1.0 20.0 388.0 84.0
684 -1.0 -1.0 17.0 305.0 66.0
685 -1.0 -1.0 6.0 326.0 83.0
686 -1.0 -1.0 11.0 376.0 27.0
687 -1.0 -1.0 13.0 179.0 21.0
688 -1.0 -1.0 15.0 87.0 63.0
689 -1.0 -1.0 18.0 149.0 87.0
690 -1.0 -1.0 4.0 178.0 17.0
691 -1.0 -1.0 16.0 368.0 68.0
692 -1.0 -1.0 6.0 259.0 85.0
693 -1.0 -1.0 20.0 115.0 19.0
694 -1.0 -1.0 17.0 110.0 60.0
695 -1.0 -1.0 18.0 25.0 89.0
696 -1.0 -1.0 16.0 333.0 93.0
697 -1.0 -1.0 18.0 264.0 24.0
698 -1.0 -1.0 4.0 97.0 27.0
699 -1.0 -1.0 14.0 131.0 88.0
700 -1.0 -1.0 7.0 235.0 39.0
701 -1.0 -1.0 9.0 333.0 53.0
702 -1.0 -1.0 4.0 320.0 69.0
703 -1.0 -1.0 7.0 97.0 41.0
704 -1.0 -1.0 8.0 141.0 50.0
705 -1.0 -1.0 6.0 183.0 37.0
706 -1.0 -1.0 18.0 320.0 59.0
707 -1.0 -1.0 11.0 55.0 100.0
708 -1.0 -1.0 16.0 157.0 34.0
709 -1.0 -1.0 20.0 158.0 37.0
710 -1.0 -1.0 13.0 221.0 51.0
711 -1.0 -1.0 17.0 54.0 86.0
712 -1.0 -1.0 15.0 395.0 63.0
713 -1.0 -1.0 20.0 324.0 52.0
714 -1.0 -1.0 19.0 320.0 43.0
715 -1.0 -1.0 15.0 400.0 84.0
716 -1.0 -1.0 12.0 30.0 16.0
717 -1.0 -1.0 12.0 294.0 59.0
718 -1.0 -1.0 5.0 290.0 90.0
719 -1.0 -1.0 11.0 79.0 53.0
720 -1.0 -1.0 17.0 54.0 94.0
721 -1.0 -1.0 18.0 299.0 71.0
722 -1.0 -1.0 7.0 44.0 34.0
723 -1.0 -1.0 7.0 129.0 58.0
724 -1.0 -1.0 15.0 87.0 79.0
725 -1.0 -1.0 8.0 353.0 57.0
932
0 21 7
0 1 11
2 23 6
3 4 10
4 5 6
5 25 12
5 6 11
6 26 6
6 7 7
7 27 9
7 8 5
8 9 11
9 28 6
9 10 8
10 11 6
11 29 9
12 31 11
12 13 8
14 34 6
14 15 6
15 16 9
16 35 11
17 18 5
18 37 8
19 39 11
20 21 8
21 40 10
22 23 12
23 24 6
24 41 12
25 45 12
25 26 7
26 27 7
29 46 6
30 49 7
31 51 7
32 33 5
33 53 5
33 34 10
34 54 11
35 36 12
36 55 6
37 56 7
38 58 10
38 39 8
40 60 7
41 64 12
41 42 5
42 43 6
43 65 5
43 44 12
44 45 11
45 66 8
46 72 8
46 47 11
47 48 6
48 73 12
48 49 6
49 74 10
49 50 9
50 75 7
50 51 10
51 76 6
51 52 11
52 77 5
53 78 6
53 54 10
55 80 8
56 81 6
56 57 5
57 82 10
57 58 8
58 83 12
59 85 8
59 60 10
60 86 9
60 61 7
61 87 11
61 62 8
62 88 12
62 63 11
63 89 7
63 64 12
65 91 11
66 67 9
67 93 6
67 68 8
68 69 11
69 94 8
69 70 7
70 95 5
70 71 7
71 96 7
71 72 8
73 98 7
73 74 7
74 75 5
75 99 8
75 76 12
76 77 8
78 101 9
79 80 11
80 104 7
81 105 11
81 82 5
82 106 12
82 83 12
83 84 5
84 107 9
85 86 6
86 87 10
87 108 11
87 88 7
88 109 5
88 89 12
89 110 11
90 112 11
90 91 6
91 113 6
91 92 12
93 115 7
94 117 5
94 95 11
95 96 8
96 118 5
97 119 6
97 98 11
98 120 10
99 121 5
100 101 7
101 124 12
101 102 8
102 103 5
105 126 5
105 106 9
106 127 8
107 128 11
108 131 8
108 109 8
109 132 10
109 110 7
110 111 11
111 133 12
111 112 9
112 113 5
113 134 9
114 136 11
114 115 5
115 137 8
115 116 10
116 138 10
116 117 8
119 141 6
119 120 11
120 142 10
121 143 11
121 122 5
122 144 6
122 123 7
124 146 9
125 148 12
126 151 12
126 127 11
129 153 12
129 130 7
130 154 9
130 131 9
131 155 5
131 132 6
132 156 12
133 158 7
134 135 12
135 160 8
135 136 11
136 137 10
137 161 9
137 138 10
138 162 12
139 164 9
140 141 8
141 142 12
143 144 6
144 166 6
145 168 12
145 146 9
146 169 5
147 148 12
148 149 9
149 171 10
149 150 10
150 172 7
150 151 6
151 173 9
152 174 12
153 176 5
153 154 9
154 177 7
154 155 12
155 156 10
156 157 7
157 178 5
157 158 7
158 179 7
158 159 12
160 181 8
161 183 5
161 162 9
162 184 6
162 163 6
163 185 11
163 164 8
164 186 6
165 190 6
166 167 10
167 168 9
168 191 9
168 169 8
169 192 11
169 170 9
170 193 11
171 194 6
171 172 9
172 173 7
173 195 7
174 197 11
174 175 9
175 198 8
176 199 5
176 177 12
178 179 5
179 202 8
180 203 8
180 181 12
181 182 5
182 204 5
182 183 9
183 205 12
183 184 9
184 206 10
184 185 9
185 186 9
186 207 11
186 187 9
187 188 6
188 208 12
188 189 9
190 209 9
191 212 10
191 192 6
192 213 11
192 193 12
193 214 5
194 217 12
195 219 6
195 196 11
196 220 6
196 197 11
197 221 8
197 198 11
198 222 6
199 223 8
200 224 11
200 201 9
201 225 11
204 228 8
204 205 11
205 229 12
205 206 12
206 230 6
208 232 6
209 233 9
209 210 11
211 212 10
212 234 11
212 213 5
213 214 5
214 215 5
215 216 10
216 235 6
216 217 9
217 236 7
217 218 12
218 219 10
219 237 11
219 220 7
220 238 12
220 221 8
221 222 5
223 239 12
224 225 7
225 241 5
225 226 10
227 244 12
227 228 9
228 229 8
229 245 5
229 230 9
230 231 8
231 246 9
232 248 11
233 250 10
235 251 7
235 236 9
236 252 12
237 238 10
238 254 9
239 240 10
241 258 5
242 243 11
243 244 7
244 261 11
245 262 5
246 264 9
246 247 6
247 265 5
248 266 7
249 268 11
249 250 12
251 252 7
252 274 9
252 253 11
253 275 12
254 255 7
255 277 7
255 256 11
257 258 11
258 280 11
258 259 11
259 281 8
259 260 5
260 282 12
261 283 8
262 263 5
263 264 12
264 285 10
264 265 9
265 286 8
266 287 9
266 267 10
267 288 6
267 268 12
269 290 6
269 270 9
270 291 9
270 271 8
271 292 7
272 273 12
273 293 6
274 294 6
274 275 11
275 295 8
275 276 10
277 297 6
278 299 12
278 279 10
279 300 8
280 281 8
281 302 12
281 282 5
283 284 7
284 305 10
285 307 8
285 286 5
286 308 11
287 309 7
287 288 11
289 311 6
289 290 5
290 312 11
290 291 5
291 292 11
292 313 11
293 316 10
294 295 11
295 317 12
296 297 9
297 298 12
298 319 11
299 320 6
299 300 11
300 321 11
300 301 6
302 322 6
303 324 9
303 304 9
304 325 10
305 327 10
306 329 6
306 307 5
307 308 10
308 330 7
309 332 11
310 334 11
310 311 9
311 335 9
311 312 8
312 336 12
313 314 10
314 338 11
315 340 8
315 316 7
317 318 7
318 341 9
320 344 11
320 321 7
321 345 6
322 347 12
322 323 10
323 324 6
324 348 6
324 325 9
325 349 9
325 326 8
326 327 5
327 350 11
327 328 7
328 329 10
329 351 5
330 353 9
330 331 9
331 354 8
331 332 9
332 355 10
332 333 5
333 334 12
334 356 8
334 335 5
335 357 6
335 336 10
336 358 9
336 337 10
337 359 6
338 360 9
338 339 6
339 361 11
339 340 12
341 366 6
341 342 11
342 367 6
342 343 7
344 368 12
344 345 8
345 369 7
346 347 11
348 371 9
348 349 9
349 372 8
351 374 8
351 352 8
352 375 6
352 353 8
353 376 5
353 354 12
354 355 12
355 377 9
356 357 10
357 378 5
357 358 10
358 379 10
358 359 12
360 380 9
360 361 6
361 381 5
362 382 12
362 363 7
363 383 10
363 364 5
364 365 11
365 384 7
365 366 11
366 367 5
368 387 6
368 369 5
369 388 12
369 370 11
370 389 7
371 372 6
372 392 6
373 374 12
374 394 10
374 375 7
375 376 8
377 396 8
378 399 9
378 379 9
380 401 9
380 381 6
382 383 9
383 403 10
385 406 8
385 386 8
386 407 5
387 408 12
387 388 5
388 409 11
388 389 8
389 410 9
389 390 11
390 411 8
390 391 7
391 412 6
392 415 8
393 417 10
394 419 11
395 421 11
395 396 12
396 422 12
396 397 7
397 423 8
397 398 6
398 424 6
398 399 7
400 426 12
402 428 8
403 404 5
405 429 11
406 431 9
406 407 7
407 432 7
408 433 12
408 409 11
409 434 6
409 410 12
410 411 9
411 412 9
412 435 10
412 413 11
413 436 9
413 414 11
414 437 12
414 415 8
415 438 6
415 416 12
416 417 11
417 439 7
417 418 5
418 440 5
418 419 10
419 441 5
420 421 6
421 422 5
422 423 11
423 424 10
424 443 5
425 444 5
425 426 7
426 427 7
427 445 7
428 447 10
429 450 11
429 430 7
430 431 6
431 432 5
432 451 12
433 434 10
434 452 7
435 454 10
435 436 12
436 437 8
437 438 12
439 456 9
439 440 11
440 457 12
440 441 11
441 458 6
441 442 6
443 463 11
444 465 10
446 468 9
446 447 9
447 448 8
448 469 10
448 449 9
449 470 9
450 473 10
451 476 5
452 478 12
452 453 10
453 479 5
455 482 12
455 456 9
456 483 7
456 457 8
457 484 10
457 458 7
459 460 12
460 485 9
460 461 9
461 486 11
461 462 12
462 463 8
463 464 11
464 487 5
464 465 5
465 466 12
466 488 12
467 468 5
469 491 11
469 470 9
470 492 10
470 471 5
471 493 12
471 472 11
472 494 6
472 473 12
473 495 6
473 474 6
474 496 10
474 475 12
475 497 6
475 476 6
476 498 7
477 478 10
478 479 10
479 499 12
479 480 5
480 500 8
481 502 7
482 503 12
482 483 5
483 484 8
485 507 8
485 486 5
486 508 11
487 510 8
488 489 8
489 512 11
490 514 6
490 491 5
491 515 10
491 492 7
492 493 8
493 494 6
494 516 7
494 495 11
495 517 8
495 496 10
496 518 6
496 497 9
497 519 10
497 498 10
498 520 6
499 522 7
499 500 12
500 523 10
500 501 11
501 524 7
502 526 9
503 528 11
504 505 10
505 531 5
505 506 11
506 507 9
507 532 10
507 508 10
508 509 5
510 534 11
510 511 12
513 537 7
513 514 7
514 538 6
514 515 10
515 539 7
516 542 7
516 517 7
517 543 8
517 518 12
518 519 5
519 544 10
519 520 9
521 522 9
522 523 12
523 546 7
523 524 12
524 547 5
524 525 12
525 526 11
526 527 10
527 528 9
528 548 11
528 529 11
529 549 6
529 530 8
531 551 11
532 553 5
533 534 8
534 555 10
535 556 11
536 557 7
536 537 10
537 538 8
538 539 5
539 558 6
539 540 11
540 541 6
541 559 12
541 542 5
542 560 11
542 543 9
543 561 6
544 563 12
545 564 7
546 567 11
546 547 5
547 568 12
548 571 5
548 549 11
550 573 10
550 551 5
551 574 12
551 552 10
552 575 12
552 553 12
553 554 7
554 576 12
555 578 6
556 580 10
557 582 10
558 585 7
559 586 8
559 560 12
560 587 7
560 561 12
561 588 9
561 562 10
562 589 11
562 563 6
563 590 9
564 565 10
565 592 11
565 566 10
566 593 8
566 567 6
567 568 8
568 594 7
569 570 9
570 571 12
571 596 10
572 573 10
573 574 6
574 597 12
574 575 10
575 598 9
576 600 6
576 577 5
578 602 8
578 579 8
579 603 5
579 580 9
580 604 8
580 581 9
581 605 6
581 582 11
582 583 6
583 606 9
583 584 7
584 585 12
585 607 12
586 587 7
587 588 11
588 589 5
589 609 12
589 590 10
590 610 7
590 591 12
591 611 5
592 612 9
592 593 10
593 613 8
594 615 6
594 595 10
596 617 5
597 621 8
597 598 6
598 622 9
598 599 8
599 600 6
601 624 5
601 602 9
602 625 9
602 603 10
603 626 7
603 604 8
604 627 6
604 605 5
605 628 9
606 629 12
607 608 5
609 633 9
609 610 5
610 611 6
611 634 10
612 636 12
612 613 5
613 637 12
613 614 5
614 615 5
615 638 10
616 640 12
617 642 6
617 618 6
618 619 10
619 643 10
619 620 6
620 644 10
620 621 7
621 645 8
621 622 7
622 646 10
623 649 11
623 624 12
624 625 11
625 650 5
625 626 7
626 651 8
626 627 8
627 652 11
627 628 11
629 653 12
630 656 12
630 631 12
631 657 5
631 632 10
632 658 5
632 633 7
633 659 5
634 660 9
635 661 10
635 636 12
636 662 8
636 637 6
637 663 6
638 664 6
638 639 11
639 665 7
639 640 9
640 666 10
640 641 11
641 667 12
641 642 7
642 668 11
643 670 12
643 644 8
644 671 12
644 645 8
645 672 10
645 646 8
646 673 12
646 647 7
647 648 11
648 674 9
648 649 9
649 675 6
650 651 7
651 677 6
651 652 8
652 678 8
653 680 8
653 654 12
654 681 10
655 656 7
656 657 10
657 683 6
657 658 11
658 659 9
659 684 5
660 686 11
661 687 6
661 662 11
662 663 9
664 689 9
664 665 6
665 690 12
665 666 12
666 691 7
666 667 6
667 668 5
668 669 7
669 670 9
670 671 9
671 672 6
672 692 8
672 673 11
673 693 7
674 694 6
674 675 8
675 676 8
676 695 5
677 678 6
678 697 8
678 679 10
679 698 6
680 681 7
681 700 12
681 682 7
683 703 11
684 685 10
685 705 10
685 686 7
687 706 7
688 689 5
689 707 8
689 690 6
690 708 5
690 691 10
691 709 9
692 714 11
692 693 10
694 716 9
695 718 11
695 696 12
697 719 10
697 698 8
698 699 8
699 720 7
701 722 9
701 702 12
702 703 5
703 704 7
705 724 7
707 708 6
708 709 11
710 711 10
711 712 11
712 713 8
713 714 5
715 716 6
716 717 10
717 718 11
721 722 10
723 724 9
724 725 5
10 0.05 0.05 0.05
