726
0 -1.0 -1.0 8.0 59.0 22.0
1 -1.0 -1.0 12.0 359.0 22.0
2 -1.0 -1.0 20.0 41.0 42.0
3 -1.0 -1.0 4.0 296.0 31.0
4 -1.0 -1.0 17.0 268.0 17.0
5 -1.0 -1.0 10.0 115.0 18.0
6 -1.0 -1.0 9.0 232.0 85.0
7 -1.0 -1.0 8.0 49.0 43.0
8 -1.0 -1.0 7.0 368.0 84.0
9 -1.0 -1.0 4.0 207.0 21.0
10 -1.0 -1.0 9.0 193.0 41.0
11 -1.0 -1.0 18.0 285.0 60.0
12 -1.0 -1.0 20.0 262.0 51.0
13 -1.0 -1.0 18.0 143.0 34.0
14 -1.0 -1.0 17.0 172.0 23.0
15 -1.0 -1.0 14.0 301.0 37.0
16 -1.0 -1.0 9.0 390.0 46.0
17 -1.0 -1.0 9.0 281.0 99.0
18 -1.0 -1.0 6.0 270.0 55.0
19 -1.0 -1.0 6.0 209.0 75.0
20 -1.0 -1.0 17.0 307.0 57.0
21 -1.0 -1.0 12.0 360.0 16.0
22 -1.0 -1.0 6.0 308.0 72.0
23 -1.0 -1.0 5.0 131.0 80.0
24 -1.0 -1.0 19.0 299.0 98.0
25 -1.0 -1.0 16.0 326.0 80.0
26 -1.0 -1.0 18.0 79.0 53.0
27 -1.0 -1.0 16.0 190.0 34.0
28 -1.0 -1.0 19.0 224.0 93.0
29 -1.0 -1.0 20.0 274.0 35.0
30 -1.0 -1.0 9.0 73.0 28.0
31 -1.0 -1.0 15.0 287.0 54.0
32 -1.0 -1.0 8.0 286.0 84.0
33 -1.0 -1.0 10.0 109.0 33.0
34 -1.0 -1.0 13.0 392.0 15.0
35 -1.0 -1.0 20.0 291.0 52.0
36 -1.0 -1.0 19.0 62.0 43.0
37 -1.0 -1.0 8.0 188.0 49.0
38 -1.0 -1.0 8.0 144.0 91.0
39 -1.0 -1.0 11.0 311.0 60.0
40 -1.0 -1.0 7.0 307.0 81.0
41 -1.0 -1.0 20.0 373.0 63.0
42 -1.0 -1.0 12.0 122.0 57.0
43 -1.0 -1.0 12.0 189.0 47.0
44 -1.0 -1.0 15.0 319.0 85.0
45 -1.0 -1.0 19.0 384.0 88.0
46 -1.0 -1.0 10.0 322.0 48.0
47 -1.0 -1.0 18.0 71.0 98.0
48 -1.0 -1.0 8.0 316.0 41.0
49 -1.0 -1.0 10.0 104.0 92.0
50 -1.0 -1.0 14.0 359.0 91.0
51 -1.0 -1.0 19.0 352.0 29.0
52 -1.0 -1.0 14.0 165.0 79.0
53 -1.0 -1.0 17.0 355.0 38.0
54 -1.0 -1.0 17.0 183.0 48.0
55 -1.0 -1.0 20.0 246.0 15.0
56 -1.0 -1.0 8.0 117.0 17.0
57 -1.0 -1.0 8.0 282.0 16.0
58 -1.0 -1.0 13.0 43.0 47.0
59 -1.0 -1.0 4.0 309.0 26.0
60 -1.0 -1.0 16.0 297.0 59.0
61 -1.0 -1.0 18.0 280.0 54.0
62 -1.0 -1.0 19.0 236.0 54.0
63 -1.0 -1.0 14.0 227.0 78.0
64 -1.0 -1.0 6.0 96.0 100.0
65 -1.0 -1.0 16.0 376.0 16.0
66 -1.0 -1.0 17.0 38.0 61.0
67 -1.0 -1.0 8.0 136.0 48.0
68 -1.0 -1.0 20.0 142.0 87.0
69 -1.0 -1.0 16.0 161.0 82.0
70 -1.0 -1.0 6.0 204.0 56.0
71 -1.0 -1.0 15.0 140.0 31.0
72 -1.0 -1.0 10.0 88.0 47.0
73 -1.0 -1.0 5.0 226.0 47.0
74 -1.0 -1.0 12.0 142.0 32.0
75 -1.0 -1.0 16.0 241.0 95.0
76 -1.0 -1.0 15.0 167.0 45.0
77 -1.0 -1.0 10.0 255.0 52.0
78 -1.0 -1.0 4.0 98.0 71.0
79 -1.0 -1.0 8.0 120.0 85.0
80 -1.0 -1.0 6.0 212.0 21.0
81 -1.0 -1.0 8.0 198.0 71.0
82 -1.0 -1.0 5.0 384.0 39.0
83 -1.0 -1.0 8.0 240.0 89.0
84 -1.0 -1.0 8.0 198.0 32.0
85 -1.0 -1.0 15.0 282.0 71.0
86 -1.0 -1.0 15.0 156.0 45.0
87 -1.0 -1.0 19.0 198.0 100.0
88 -1.0 -1.0 15.0 69.0 61.0
89 -1.0 -1.0 19.0 127.0 41.0
90 -1.0 -1.0 14.0 317.0 96.0
91 -1.0 -1.0 17.0 363.0 20.0
92 -1.0 -1.0 10.0 23.0 22.0
93 -1.0 -1.0 6.0 80.0 37.0
94 -1.0 -1.0 15.0 219.0 70.0
95 -1.0 -1.0 18.0 168.0 50.0
96 -1.0 -1.0 8.0 269.0 99.0
97 -1.0 -1.0 16.0 58.0 62.0
98 -1.0 -1.0 6.0 167.0 27.0
99 -1.0 -1.0 14.0 326.0 92.0
100 -1.0 -1.0 15.0 156.0 65.0
101 -1.0 -1.0 12.0 175.0 76.0
102 -1.0 -1.0 18.0 209.0 41.0
103 -1.0 -1.0 18.0 154.0 20.0
104 -1.0 -1.0 8.0 369.0 33.0
105 -1.0 -1.0 5.0 341.0 30.0
106 -1.0 -1.0 16.0 238.0 17.0
107 -1.0 -1.0 10.0 357.0 87.0
108 -1.0 -1.0 13.0 342.0 95.0
109 -1.0 -1.0 11.0 103.0 70.0
110 -1.0 -1.0 13.0 207.0 28.0
111 -1.0 -1.0 8.0 316.0 87.0
112 -1.0 -1.0 18.0 120.0 62.0
113 -1.0 -1.0 8.0 101.0 41.0
114 -1.0 -1.0 7.0 332.0 81.0
115 -1.0 -1.0 20.0 316.0 16.0
116 -1.0 -1.0 10.0 126.0 45.0
117 -1.0 -1.0 4.0 39.0 68.0
118 -1.0 -1.0 6.0 348.0 56.0
119 -1.0 -1.0 16.0 60.0 60.0
120 -1.0 -1.0 14.0 131.0 26.0
121 -1.0 -1.0 17.0 292.0 66.0
122 -1.0 -1.0 12.0 148.0 19.0
123 -1.0 -1.0 4.0 235.0 18.0
124 -1.0 -1.0 15.0 259.0 44.0
125 -1.0 -1.0 19.0 239.0 20.0
126 -1.0 -1.0 18.0 291.0 44.0
127 -1.0 -1.0 5.0 309.0 83.0
128 -1.0 -1.0 7.0 195.0 99.0
129 -1.0 -1.0 16.0 133.0 93.0
130 -1.0 -1.0 10.0 301.0 54.0
131 -1.0 -1.0 20.0 76.0 89.0
132 -1.0 -1.0 4.0 243.0 92.0
133 -1.0 -1.0 20.0 42.0 49.0
134 -1.0 -1.0 9.0 397.0 79.0
135 -1.0 -1.0 13.0 157.0 77.0
136 -1.0 -1.0 17.0 299.0 34.0
137 -1.0 -1.0 15.0 195.0 36.0
138 -1.0 -1.0 14.0 34.0 28.0
139 -1.0 -1.0 5.0 31.0 23.0
140 -1.0 -1.0 4.0 164.0 98.0
141 -1.0 -1.0 14.0 310.0 77.0
142 -1.0 -1.0 16.0 32.0 90.0
143 -1.0 -1.0 5.0 297.0 22.0
144 -1.0 -1.0 20.0 140.0 84.0
145 -1.0 -1.0 8.0 312.0 42.0
146 -1.0 -1.0 12.0 234.0 100.0
147 -1.0 -1.0 10.0 216.0 57.0
148 -1.0 -1.0 19.0 147.0 47.0
149 -1.0 -1.0 14.0 260.0 69.0
150 -1.0 -1.0 10.0 218.0 62.0
151 -1.0 -1.0 19.0 336.0 97.0
152 -1.0 -1.0 17.0 388.0 16.0
153 -1.0 -1.0 15.0 233.0 88.0
154 -1.0 -1.0 10.0 105.0 62.0
155 -1.0 -1.0 14.0 375.0 52.0
156 -1.0 -1.0 13.0 220.0 63.0
157 -1.0 -1.0 15.0 65.0 32.0
158 -1.0 -1.0 4.0 48.0 62.0
159 -1.0 -1.0 5.0 212.0 51.0
160 -1.0 -1.0 14.0 64.0 28.0
161 -1.0 -1.0 10.0 178.0 81.0
162 -1.0 -1.0 12.0 70.0 22.0
163 -1.0 -1.0 18.0 172.0 34.0
164 -1.0 -1.0 9.0 133.0 58.0
165 -1.0 -1.0 14.0 160.0 48.0
166 -1.0 -1.0 13.0 400.0 95.0
167 -1.0 -1.0 11.0 71.0 25.0
168 -1.0 -1.0 6.0 99.0 45.0
169 -1.0 -1.0 20.0 298.0 35.0
170 -1.0 -1.0 14.0 236.0 79.0
171 -1.0 -1.0 6.0 40.0 46.0
172 -1.0 -1.0 19.0 231.0 17.0
173 -1.0 -1.0 18.0 392.0 65.0
174 -1.0 -1.0 20.0 66.0 85.0
175 -1.0 -1.0 17.0 103.0 99.0
176 -1.0 -1.0 7.0 82.0 28.0
177 -1.0 -1.0 4.0 389.0 15.0
178 -1.0 -1.0 20.0 342.0 80.0
179 -1.0 -1.0 9.0 125.0 96.0
180 -1.0 -1.0 20.0 20.0 96.0
181 -1.0 -1.0 4.0 67.0 48.0
182 -1.0 -1.0 19.0 343.0 35.0
183 -1.0 -1.0 18.0 236.0 97.0
184 -1.0 -1.0 4.0 146.0 65.0
185 -1.0 -1.0 10.0 338.0 28.0
186 -1.0 -1.0 17.0 396.0 26.0
187 -1.0 -1.0 8.0 223.0 100.0
188 -1.0 -1.0 5.0 142.0 83.0
189 -1.0 -1.0 10.0 72.0 100.0
190 -1.0 -1.0 13.0 212.0 29.0
191 -1.0 -1.0 4.0 238.0 50.0
192 -1.0 -1.0 8.0 18.0 21.0
193 -1.0 -1.0 12.0 32.0 88.0
194 -1.0 -1.0 13.0 317.0 15.0
195 -1.0 -1.0 12.0 362.0 66.0
196 -1.0 -1.0 8.0 313.0 85.0
197 -1.0 -1.0 17.0 255.0 38.0
198 -1.0 -1.0 10.0 260.0 50.0
199 -1.0 -1.0 14.0 267.0 76.0
200 -1.0 -1.0 11.0 331.0 35.0
201 -1.0 -1.0 15.0 207.0 79.0
202 -1.0 -1.0 10.0 197.0 16.0
203 -1.0 -1.0 14.0 333.0 94.0
204 -1.0 -1.0 18.0 135.0 94.0
205 -1.0 -1.0 17.0 76.0 59.0
206 -1.0 -1.0 13.0 130.0 38.0
207 -1.0 -1.0 5.0 20.0 47.0
208 -1.0 -1.0 9.0 168.0 29.0
209 -1.0 -1.0 4.0 66.0 70.0
210 -1.0 -1.0 16.0 314.0 31.0
211 -1.0 -1.0 16.0 203.0 74.0
212 -1.0 -1.0 12.0 83.0 93.0
213 -1.0 -1.0 12.0 171.0 76.0
214 -1.0 -1.0 6.0 277.0 18.0
215 -1.0 -1.0 8.0 285.0 87.0
216 -1.0 -1.0 10.0 53.0 73.0
217 -1.0 -1.0 6.0 209.0 60.0
218 -1.0 -1.0 9.0 144.0 73.0
219 -1.0 -1.0 17.0 266.0 58.0
220 -1.0 -1.0 19.0 174.0 94.0
221 -1.0 -1.0 12.0 346.0 81.0
222 -1.0 -1.0 8.0 322.0 87.0
223 -1.0 -1.0 8.0 143.0 100.0
224 -1.0 -1.0 9.0 237.0 25.0
225 -1.0 -1.0 16.0 47.0 46.0
226 -1.0 -1.0 16.0 67.0 96.0
227 -1.0 -1.0 6.0 221.0 83.0
228 -1.0 -1.0 14.0 302.0 30.0
229 -1.0 -1.0 16.0 240.0 19.0
230 -1.0 -1.0 15.0 41.0 68.0
231 -1.0 -1.0 12.0 107.0 22.0
232 -1.0 -1.0 7.0 400.0 26.0
233 -1.0 -1.0 15.0 394.0 81.0
234 -1.0 -1.0 10.0 133.0 73.0
235 -1.0 -1.0 4.0 56.0 36.0
236 -1.0 -1.0 19.0 373.0 85.0
237 -1.0 -1.0 6.0 359.0 88.0
238 -1.0 -1.0 6.0 155.0 78.0
239 -1.0 -1.0 5.0 144.0 20.0
240 -1.0 -1.0 15.0 242.0 35.0
241 -1.0 -1.0 11.0 188.0 49.0
242 -1.0 -1.0 7.0 35.0 41.0
243 -1.0 -1.0 20.0 128.0 73.0
244 -1.0 -1.0 12.0 121.0 58.0
245 -1.0 -1.0 4.0 358.0 39.0
246 -1.0 -1.0 19.0 123.0 21.0
247 -1.0 -1.0 17.0 329.0 37.0
248 -1.0 -1.0 4.0 311.0 21.0
249 -1.0 -1.0 9.0 322.0 66.0
250 -1.0 -1.0 18.0 233.0 21.0
251 -1.0 -1.0 5.0 229.0 66.0
252 -1.0 -1.0 18.0 396.0 23.0
253 -1.0 -1.0 5.0 296.0 86.0
254 -1.0 -1.0 12.0 328.0 66.0
255 -1.0 -1.0 5.0 355.0 25.0
256 -1.0 -1.0 17.0 22.0 54.0
257 -1.0 -1.0 9.0 118.0 60.0
258 -1.0 -1.0 18.0 161.0 53.0
259 -1.0 -1.0 15.0 133.0 45.0
260 -1.0 -1.0 14.0 316.0 71.0
261 -1.0 -1.0 20.0 395.0 45.0
262 -1.0 -1.0 4.0 173.0 93.0
263 -1.0 -1.0 7.0 310.0 87.0
264 -1.0 -1.0 14.0 55.0 52.0
265 -1.0 -1.0 15.0 296.0 71.0
266 -1.0 -1.0 7.0 120.0 17.0
267 -1.0 -1.0 12.0 32.0 69.0
268 -1.0 -1.0 4.0 360.0 70.0
269 -1.0 -1.0 17.0 324.0 78.0
270 -1.0 -1.0 10.0 278.0 38.0
271 -1.0 -1.0 9.0 170.0 31.0
272 -1.0 -1.0 13.0 298.0 64.0
273 -1.0 -1.0 19.0 362.0 29.0
274 -1.0 -1.0 11.0 167.0 32.0
275 -1.0 -1.0 16.0 223.0 91.0
276 -1.0 -1.0 20.0 153.0 91.0
277 -1.0 -1.0 11.0 249.0 88.0
278 -1.0 -1.0 11.0 250.0 59.0
279 -1.0 -1.0 17.0 329.0 70.0
280 -1.0 -1.0 8.0 267.0 57.0
281 -1.0 -1.0 4.0 388.0 78.0
282 -1.0 -1.0 18.0 398.0 38.0
283 -1.0 -1.0 15.0 64.0 63.0
284 -1.0 -1.0 5.0 247.0 21.0
285 -1.0 -1.0 10.0 207.0 46.0
286 -1.0 -1.0 11.0 310.0 50.0
287 -1.0 -1.0 13.0 154.0 97.0
288 -1.0 -1.0 7.0 20.0 95.0
289 -1.0 -1.0 5.0 323.0 64.0
290 -1.0 -1.0 15.0 148.0 27.0
291 -1.0 -1.0 10.0 140.0 26.0
292 -1.0 -1.0 7.0 92.0 100.0
293 -1.0 -1.0 6.0 162.0 54.0
294 -1.0 -1.0 11.0 117.0 60.0
295 -1.0 -1.0 16.0 290.0 30.0
296 -1.0 -1.0 17.0 280.0 74.0
297 -1.0 -1.0 7.0 245.0 88.0
298 -1.0 -1.0 10.0 165.0 62.0
299 -1.0 -1.0 8.0 270.0 63.0
300 -1.0 -1.0 9.0 359.0 19.0
301 -1.0 -1.0 4.0 361.0 23.0
302 -1.0 -1.0 7.0 116.0 17.0
303 -1.0 -1.0 17.0 170.0 83.0
304 -1.0 -1.0 16.0 210.0 72.0
305 -1.0 -1.0 4.0 217.0 73.0
306 -1.0 -1.0 5.0 226.0 59.0
307 -1.0 -1.0 16.0 394.0 74.0
308 -1.0 -1.0 9.0 292.0 46.0
309 -1.0 -1.0 14.0 57.0 18.0
310 -1.0 -1.0 7.0 198.0 19.0
311 -1.0 -1.0 18.0 161.0 51.0
312 -1.0 -1.0 18.0 393.0 68.0
313 -1.0 -1.0 19.0 329.0 17.0
314 -1.0 -1.0 20.0 130.0 86.0
315 -1.0 -1.0 7.0 184.0 90.0
316 -1.0 -1.0 19.0 322.0 45.0
317 -1.0 -1.0 20.0 107.0 74.0
318 -1.0 -1.0 5.0 296.0 33.0
319 -1.0 -1.0 5.0 277.0 46.0
320 -1.0 -1.0 18.0 202.0 63.0
321 -1.0 -1.0 16.0 287.0 60.0
322 -1.0 -1.0 12.0 38.0 66.0
323 -1.0 -1.0 5.0 297.0 43.0
324 -1.0 -1.0 12.0 15.0 61.0
325 -1.0 -1.0 4.0 394.0 82.0
326 -1.0 -1.0 8.0 44.0 25.0
327 -1.0 -1.0 17.0 229.0 98.0
328 -1.0 -1.0 9.0 379.0 15.0
329 -1.0 -1.0 13.0 116.0 80.0
330 -1.0 -1.0 20.0 125.0 35.0
331 -1.0 -1.0 13.0 81.0 42.0
332 -1.0 -1.0 13.0 65.0 15.0
333 -1.0 -1.0 14.0 66.0 48.0
334 -1.0 -1.0 5.0 188.0 59.0
335 -1.0 -1.0 4.0 229.0 100.0
336 -1.0 -1.0 7.0 172.0 90.0
337 -1.0 -1.0 5.0 185.0 16.0
338 -1.0 -1.0 5.0 125.0 65.0
339 -1.0 -1.0 17.0 147.0 28.0
340 -1.0 -1.0 10.0 152.0 41.0
341 -1.0 -1.0 13.0 396.0 18.0
342 -1.0 -1.0 16.0 107.0 77.0
343 -1.0 -1.0 5.0 375.0 18.0
344 -1.0 -1.0 10.0 115.0 48.0
345 -1.0 -1.0 4.0 196.0 29.0
346 -1.0 -1.0 10.0 116.0 74.0
347 -1.0 -1.0 4.0 326.0 17.0
348 -1.0 -1.0 17.0 236.0 96.0
349 -1.0 -1.0 15.0 28.0 66.0
350 -1.0 -1.0 12.0 159.0 89.0
351 -1.0 -1.0 19.0 293.0 37.0
352 -1.0 -1.0 20.0 396.0 89.0
353 -1.0 -1.0 20.0 188.0 67.0
354 -1.0 -1.0 5.0 96.0 61.0
355 -1.0 -1.0 14.0 292.0 95.0
356 -1.0 -1.0 17.0 389.0 85.0
357 -1.0 -1.0 20.0 121.0 37.0
358 -1.0 -1.0 20.0 68.0 16.0
359 -1.0 -1.0 15.0 280.0 27.0
360 -1.0 -1.0 11.0 253.0 33.0
361 -1.0 -1.0 7.0 219.0 97.0
362 -1.0 -1.0 5.0 248.0 28.0
363 -1.0 -1.0 4.0 64.0 37.0
364 -1.0 -1.0 12.0 81.0 82.0
365 -1.0 -1.0 16.0 92.0 81.0
366 -1.0 -1.0 15.0 363.0 100.0
367 -1.0 -1.0 17.0 208.0 62.0
368 -1.0 -1.0 11.0 257.0 40.0
369 -1.0 -1.0 14.0 135.0 46.0
370 -1.0 -1.0 9.0 39.0 93.0
371 -1.0 -1.0 18.0 367.0 100.0
372 -1.0 -1.0 12.0 231.0 37.0
373 -1.0 -1.0 9.0 337.0 66.0
374 -1.0 -1.0 13.0 265.0 42.0
375 -1.0 -1.0 10.0 44.0 73.0
376 -1.0 -1.0 19.0 376.0 19.0
377 -1.0 -1.0 10.0 256.0 55.0
378 -1.0 -1.0 4.0 316.0 18.0
379 -1.0 -1.0 6.0 258.0 84.0
380 -1.0 -1.0 9.0 311.0 26.0
381 -1.0 -1.0 11.0 197.0 61.0
382 -1.0 -1.0 18.0 259.0 15.0
383 -1.0 -1.0 19.0 375.0 59.0
384 -1.0 -1.0 19.0 55.0 74.0
385 -1.0 -1.0 5.0 72.0 97.0
386 -1.0 -1.0 12.0 349.0 53.0
387 -1.0 -1.0 9.0 383.0 58.0
388 -1.0 -1.0 18.0 347.0 62.0
389 -1.0 -1.0 9.0 280.0 57.0
390 -1.0 -1.0 20.0 152.0 85.0
391 -1.0 -1.0 19.0 323.0 37.0
392 -1.0 -1.0 16.0 301.0 99.0
393 -1.0 -1.0 5.0 378.0 26.0
394 -1.0 -1.0 17.0 143.0 76.0
395 -1.0 -1.0 10.0 278.0 46.0
396 -1.0 -1.0 17.0 327.0 76.0
397 -1.0 -1.0 14.0 140.0 69.0
398 -1.0 -1.0 15.0 209.0 20.0
399 -1.0 -1.0 13.0 128.0 34.0
400 -1.0 -1.0 17.0 286.0 73.0
401 -1.0 -1.0 20.0 268.0 34.0
402 -1.0 -1.0 9.0 253.0 68.0
403 -1.0 -1.0 18.0 150.0 20.0
404 -1.0 -1.0 9.0 143.0 61.0
405 -1.0 -1.0 4.0 350.0 89.0
406 -1.0 -1.0 14.0 124.0 69.0
407 -1.0 -1.0 6.0 261.0 87.0
408 -1.0 -1.0 10.0 325.0 50.0
409 -1.0 -1.0 9.0 142.0 19.0
410 -1.0 -1.0 6.0 245.0 18.0
411 -1.0 -1.0 12.0 34.0 69.0
412 -1.0 -1.0 9.0 119.0 58.0
413 -1.0 -1.0 13.0 30.0 90.0
414 -1.0 -1.0 17.0 112.0 60.0
415 -1.0 -1.0 14.0 268.0 77.0
416 -1.0 -1.0 13.0 370.0 69.0
417 -1.0 -1.0 9.0 358.0 15.0
418 -1.0 -1.0 12.0 331.0 50.0
419 -1.0 -1.0 16.0 367.0 40.0
420 -1.0 -1.0 20.0 376.0 74.0
421 -1.0 -1.0 7.0 79.0 37.0
422 -1.0 -1.0 4.0 390.0 88.0
423 -1.0 -1.0 10.0 59.0 55.0
424 -1.0 -1.0 9.0 315.0 95.0
425 -1.0 -1.0 7.0 107.0 24.0
426 -1.0 -1.0 9.0 324.0 52.0
427 -1.0 -1.0 11.0 198.0 43.0
428 -1.0 -1.0 13.0 39.0 45.0
429 -1.0 -1.0 11.0 312.0 78.0
430 -1.0 -1.0 6.0 102.0 44.0
431 -1.0 -1.0 16.0 58.0 37.0
432 -1.0 -1.0 7.0 44.0 68.0
433 -1.0 -1.0 13.0 329.0 90.0
434 -1.0 -1.0 15.0 316.0 56.0
435 -1.0 -1.0 15.0 268.0 71.0
436 -1.0 -1.0 4.0 388.0 24.0
437 -1.0 -1.0 16.0 389.0 94.0
438 -1.0 -1.0 4.0 67.0 53.0
439 -1.0 -1.0 12.0 180.0 52.0
440 -1.0 -1.0 7.0 29.0 87.0
441 -1.0 -1.0 19.0 104.0 57.0
442 -1.0 -1.0 18.0 305.0 64.0
443 -1.0 -1.0 13.0 379.0 63.0
444 -1.0 -1.0 15.0 246.0 34.0
445 -1.0 -1.0 11.0 309.0 27.0
446 -1.0 -1.0 14.0 389.0 97.0
447 -1.0 -1.0 9.0 345.0 93.0
448 -1.0 -1.0 16.0 335.0 38.0
449 -1.0 -1.0 9.0 209.0 95.0
450 -1.0 -1.0 11.0 368.0 34.0
451 -1.0 -1.0 16.0 158.0 96.0
452 -1.0 -1.0 13.0 73.0 30.0
453 -1.0 -1.0 12.0 310.0 96.0
454 -1.0 -1.0 4.0 354.0 95.0
455 -1.0 -1.0 19.0 23.0 49.0
456 -1.0 -1.0 12.0 70.0 83.0
457 -1.0 -1.0 17.0 231.0 30.0
458 -1.0 -1.0 10.0 58.0 51.0
459 -1.0 -1.0 19.0 247.0 83.0
460 -1.0 -1.0 19.0 377.0 83.0
461 -1.0 -1.0 14.0 245.0 25.0
462 -1.0 -1.0 19.0 72.0 58.0
463 -1.0 -1.0 14.0 168.0 44.0
464 -1.0 -1.0 13.0 237.0 49.0
465 -1.0 -1.0 20.0 350.0 35.0
466 -1.0 -1.0 12.0 369.0 91.0
467 -1.0 -1.0 7.0 16.0 32.0
468 -1.0 -1.0 13.0 222.0 73.0
469 -1.0 -1.0 4.0 239.0 97.0
470 -1.0 -1.0 14.0 108.0 36.0
471 -1.0 -1.0 9.0 213.0 62.0
472 -1.0 -1.0 13.0 28.0 81.0
473 -1.0 -1.0 20.0 98.0 16.0
474 -1.0 -1.0 16.0 327.0 35.0
475 -1.0 -1.0 19.0 144.0 15.0
476 -1.0 -1.0 7.0 18.0 34.0
477 -1.0 -1.0 6.0 129.0 74.0
478 -1.0 -1.0 15.0 389.0 37.0
479 -1.0 -1.0 6.0 203.0 22.0
480 -1.0 -1.0 16.0 212.0 41.0
481 -1.0 -1.0 8.0 69.0 31.0
482 -1.0 -1.0 13.0 227.0 53.0
483 -1.0 -1.0 6.0 55.0 79.0
484 -1.0 -1.0 5.0 288.0 85.0
485 -1.0 -1.0 6.0 97.0 36.0
486 -1.0 -1.0 20.0 161.0 87.0
487 -1.0 -1.0 11.0 291.0 98.0
488 -1.0 -1.0 17.0 273.0 54.0
489 -1.0 -1.0 5.0 385.0 22.0
490 -1.0 -1.0 7.0 28.0 35.0
491 -1.0 -1.0 6.0 299.0 71.0
492 -1.0 -1.0 5.0 95.0 75.0
493 -1.0 -1.0 20.0 217.0 58.0
494 -1.0 -1.0 13.0 123.0 17.0
495 -1.0 -1.0 17.0 181.0 75.0
496 -1.0 -1.0 5.0 234.0 54.0
497 -1.0 -1.0 12.0 255.0 49.0
498 -1.0 -1.0 14.0 331.0 89.0
499 -1.0 -1.0 14.0 244.0 16.0
500 -1.0 -1.0 7.0 220.0 100.0
501 -1.0 -1.0 16.0 280.0 72.0
502 -1.0 -1.0 14.0 132.0 95.0
503 -1.0 -1.0 11.0 50.0 74.0
504 -1.0 -1.0 11.0 225.0 96.0
505 -1.0 -1.0 7.0 242.0 29.0
506 -1.0 -1.0 14.0 302.0 40.0
507 -1.0 -1.0 17.0 38.0 87.0
508 -1.0 -1.0 13.0 396.0 60.0
509 -1.0 -1.0 4.0 336.0 17.0
510 -1.0 -1.0 14.0 256.0 79.0
511 -1.0 -1.0 4.0 41.0 91.0
512 -1.0 -1.0 5.0 316.0 76.0
513 -1.0 -1.0 19.0 292.0 71.0
514 -1.0 -1.0 20.0 199.0 78.0
515 -1.0 -1.0 16.0 41.0 71.0
516 -1.0 -1.0 16.0 185.0 45.0
517 -1.0 -1.0 17.0 196.0 56.0
518 -1.0 -1.0 11.0 181.0 54.0
519 -1.0 -1.0 8.0 276.0 100.0
520 -1.0 -1.0 16.0 355.0 66.0
521 -1.0 -1.0 10.0 283.0 86.0
522 -1.0 -1.0 14.0 100.0 16.0
523 -1.0 -1.0 17.0 113.0 37.0
524 -1.0 -1.0 19.0 96.0 42.0
525 -1.0 -1.0 20.0 351.0 26.0
526 -1.0 -1.0 19.0 149.0 37.0
527 -1.0 -1.0 5.0 334.0 48.0
528 -1.0 -1.0 11.0 323.0 77.0
529 -1.0 -1.0 5.0 301.0 96.0
530 -1.0 -1.0 4.0 328.0 31.0
531 -1.0 -1.0 17.0 33.0 31.0
532 -1.0 -1.0 4.0 291.0 89.0
533 -1.0 -1.0 9.0 214.0 78.0
534 -1.0 -1.0 18.0 64.0 45.0
535 -1.0 -1.0 7.0 82.0 55.0
536 -1.0 -1.0 16.0 379.0 67.0
537 -1.0 -1.0 10.0 118.0 50.0
538 -1.0 -1.0 10.0 42.0 73.0
539 -1.0 -1.0 10.0 298.0 37.0
540 -1.0 -1.0 5.0 219.0 77.0
541 -1.0 -1.0 14.0 31.0 79.0
542 -1.0 -1.0 7.0 97.0 82.0
543 -1.0 -1.0 15.0 252.0 35.0
544 -1.0 -1.0 8.0 189.0 84.0
545 -1.0 -1.0 14.0 352.0 82.0
546 -1.0 -1.0 15.0 269.0 98.0
547 -1.0 -1.0 19.0 307.0 94.0
548 -1.0 -1.0 18.0 68.0 53.0
549 -1.0 -1.0 18.0 386.0 80.0
550 -1.0 -1.0 9.0 214.0 66.0
551 -1.0 -1.0 18.0 168.0 24.0
552 -1.0 -1.0 14.0 181.0 74.0
553 -1.0 -1.0 12.0 259.0 76.0
554 -1.0 -1.0 19.0 42.0 39.0
555 -1.0 -1.0 5.0 250.0 15.0
556 -1.0 -1.0 15.0 319.0 77.0
557 -1.0 -1.0 10.0 62.0 60.0
558 -1.0 -1.0 13.0 19.0 54.0
559 -1.0 -1.0 11.0 103.0 66.0
560 -1.0 -1.0 7.0 36.0 20.0
561 -1.0 -1.0 4.0 234.0 15.0
562 -1.0 -1.0 12.0 271.0 91.0
563 -1.0 -1.0 18.0 166.0 61.0
564 -1.0 -1.0 17.0 297.0 41.0
565 -1.0 -1.0 15.0 58.0 76.0
566 -1.0 -1.0 16.0 88.0 17.0
567 -1.0 -1.0 19.0 238.0 63.0
568 -1.0 -1.0 12.0 346.0 20.0
569 -1.0 -1.0 7.0 249.0 75.0
570 -1.0 -1.0 19.0 222.0 64.0
571 -1.0 -1.0 17.0 286.0 19.0
572 -1.0 -1.0 4.0 216.0 68.0
573 -1.0 -1.0 17.0 184.0 18.0
574 -1.0 -1.0 20.0 319.0 65.0
575 -1.0 -1.0 12.0 306.0 20.0
576 -1.0 -1.0 9.0 388.0 65.0
577 -1.0 -1.0 17.0 294.0 23.0
578 -1.0 -1.0 20.0 125.0 30.0
579 -1.0 -1.0 6.0 318.0 97.0
580 -1.0 -1.0 13.0 301.0 99.0
581 -1.0 -1.0 10.0 34.0 17.0
582 -1.0 -1.0 5.0 336.0 61.0
583 -1.0 -1.0 10.0 78.0 72.0
584 -1.0 -1.0 5.0 145.0 30.0
585 -1.0 -1.0 5.0 251.0 95.0
586 -1.0 -1.0 11.0 291.0 96.0
587 -1.0 -1.0 10.0 383.0 95.0
588 -1.0 -1.0 6.0 341.0 75.0
589 -1.0 -1.0 18.0 399.0 28.0
590 -1.0 -1.0 18.0 103.0 27.0
591 -1.0 -1.0 18.0 237.0 50.0
592 -1.0 -1.0 4.0 364.0 83.0
593 -1.0 -1.0 13.0 154.0 79.0
594 -1.0 -1.0 4.0 389.0 86.0
595 -1.0 -1.0 14.0 143.0 39.0
596 -1.0 -1.0 15.0 103.0 74.0
597 -1.0 -1.0 15.0 210.0 75.0
598 -1.0 -1.0 16.0 202.0 50.0
599 -1.0 -1.0 14.0 24.0 70.0
600 -1.0 -1.0 19.0 200.0 60.0
601 -1.0 -1.0 11.0 142.0 41.0
602 -1.0 -1.0 12.0 335.0 27.0
603 -1.0 -1.0 7.0 384.0 69.0
604 -1.0 -1.0 20.0 393.0 50.0
605 -1.0 -1.0 18.0 285.0 33.0
606 -1.0 -1.0 17.0 226.0 71.0
607 -1.0 -1.0 6.0 38.0 38.0
608 -1.0 -1.0 13.0 81.0 83.0
609 -1.0 -1.0 7.0 277.0 37.0
610 -1.0 -1.0 4.0 61.0 33.0
611 -1.0 -1.0 11.0 393.0 46.0
612 -1.0 -1.0 19.0 98.0 67.0
613 -1.0 -1.0 8.0 353.0 97.0
614 -1.0 -1.0 4.0 371.0 90.0
615 -1.0 -1.0 12.0 298.0 59.0
616 -1.0 -1.0 8.0 307.0 95.0
617 -1.0 -1.0 13.0 323.0 36.0
618 -1.0 -1.0 11.0 313.0 71.0
619 -1.0 -1.0 9.0 371.0 76.0
620 -1.0 -1.0 17.0 203.0 45.0
621 -1.0 -1.0 6.0 204.0 35.0
622 -1.0 -1.0 12.0 259.0 71.0
623 -1.0 -1.0 10.0 195.0 45.0
624 -1.0 -1.0 7.0 329.0 76.0
625 -1.0 -1.0 17.0 387.0 46.0
626 -1.0 -1.0 14.0 101.0 65.0
627 -1.0 -1.0 5.0 17.0 70.0
628 -1.0 -1.0 11.0 386.0 45.0
629 -1.0 -1.0 13.0 226.0 43.0
630 -1.0 -1.0 11.0 196.0 52.0
631 -1.0 -1.0 15.0 46.0 48.0
632 -1.0 -1.0 14.0 61.0 42.0
633 -1.0 -1.0 19.0 23.0 30.0
634 -1.0 -1.0 18.0 80.0 81.0
635 -1.0 -1.0 16.0 188.0 23.0
636 -1.0 -1.0 19.0 327.0 42.0
637 -1.0 -1.0 9.0 192.0 82.0
638 -1.0 -1.0 12.0 24.0 34.0
639 -1.0 -1.0 14.0 327.0 32.0
640 -1.0 -1.0 5.0 275.0 53.0
641 -1.0 -1.0 9.0 110.0 77.0
642 -1.0 -1.0 6.0 303.0 32.0
643 -1.0 -1.0 17.0 20.0 15.0
644 -1.0 -1.0 18.0 275.0 23.0
645 -1.0 -1.0 16.0 252.0 33.0
646 -1.0 -1.0 4.0 90.0 31.0
647 -1.0 -1.0 14.0 105.0 62.0
648 -1.0 -1.0 11.0 329.0 41.0
649 -1.0 -1.0 12.0 58.0 58.0
650 -1.0 -1.0 18.0 67.0 89.0
651 -1.0 -1.0 10.0 108.0 53.0
652 -1.0 -1.0 17.0 220.0 16.0
653 -1.0 -1.0 13.0 387.0 95.0
654 -1.0 -1.0 5.0 232.0 65.0
655 -1.0 -1.0 8.0 261.0 55.0
656 -1.0 -1.0 16.0 281.0 74.0
657 -1.0 -1.0 7.0 300.0 78.0
658 -1.0 -1.0 5.0 225.0 50.0
659 -1.0 -1.0 17.0 53.0 26.0
660 -1.0 -1.0 9.0 318.0 22.0
661 -1.0 -1.0 7.0 93.0 77.0
662 -1.0 -1.0 9.0 52.0 63.0
663 -1.0 -1.0 6.0 101.0 46.0
664 -1.0 -1.0 16.0 53.0 21.0
665 -1.0 -1.0 17.0 388.0 91.0
666 -1.0 -1.0 11.0 172.0 16.0
667 -1.0 -1.0 12.0 180.0 46.0
668 -1.0 -1.0 19.0 39.0 48.0
669 -1.0 -1.0 8.0 360.0 20.0
670 -1.0 -1.0 20.0 375.0 67.0
671 -1.0 -1.0 8.0 185.0 77.0
672 -1.0 -1.0 16.0 149.0 15.0
673 -1.0 -1.0 6.0 238.0 48.0
674 -1.0 -1.0 12.0 227.0 37.0
675 -1.0 -1.0 5.0 247.0 83.0
676 -1.0 -1.0 14.0 337.0 18.0
677 -1.0 -1.0 20.0 91.0 32.0
678 -1.0 -1.0 18.0 338.0 83.0
679 -1.0 -1.0 17.0 170.0 49.0
680 -1.0 -1.0 12.0 179.0 84.0
681 -1.0 -1.0 13.0 54.0 81.0
682 -1.0 -1.0 16.0 238.0 36.0
683 -1.0 -1.0 8.0 181.0 21.0
684 -1.0 -1.0 8.0 54.0 59.0
685 -1.0 -1.0 15.0 77.0 95.0
686 -1.0 -1.0 15.0 196.0 36.0
687 -1.0 -1.0 16.0 77.0 78.0
688 -1.0 -1.0 14.0 113.0 75.0
689 -1.0 -1.0 11.0 388.0 60.0
690 -1.0 -1.0 18.0 237.0 38.0
691 -1.0 -1.0 10.0 361.0 25.0
692 -1.0 -1.0 12.0 361.0 89.0
693 -1.0 -1.0 19.0 178.0 57.0
694 -1.0 -1.0 10.0 162.0 36.0
695 -1.0 -1.0 12.0 43.0 23.0
696 -1.0 -1.0 10.0 162.0 19.0
697 -1.0 -1.0 14.0 325.0 46.0
698 -1.0 -1.0 16.0 128.0 19.0
699 -1.0 -1.0 7.0 56.0 78.0
700 -1.0 -1.0 4.0 297.0 36.0
701 -1.0 -1.0 9.0 80.0 100.0
702 -1.0 -1.0 7.0 130.0 47.0
703 -1.0 -1.0 5.0 384.0 66.0
704 -1.0 -1.0 6.0 239.0 47.0
705 -1.0 -1.0 19.0 391.0 51.0
706 -1.0 -1.0 5.0 371.0 83.0
707 -1.0 -1.0 15.0 113.0 39.0
708 -1.0 -1.0 12.0 122.0 18.0
709 -1.0 -1.0 20.0 149.0 75.0
710 -1.0 -1.0 11.0 21.0 44.0
711 -1.0 -1.0 20.0 274.0 51.0
712 -1.0 -1.0 9.0 27.0 92.0
713 -1.0 -1.0 18.0 191.0 65.0
714 -1.0 -1.0 18.0 357.0 67.0
715 -1.0 -1.0 11.0 160.0 32.0
716 -1.0 -1.0 5.0 393.0 35.0
717 -1.0 -1.0 15.0 40.0 55.0
718 -1.0 -1.0 12.0 249.0 28.0
719 -1.0 -1.0 8.0 99.0 57.0
720 -1.0 -1.0 11.0 182.0 57.0
721 -1.0 -1.0 9.0 354.0 31.0
722 -1.0 -1.0 7.0 227.0 56.0
723 -1.0 -1.0 4.0 65.0 86.0
724 -1.0 -1.0 4.0 257.0 36.0
725 -1.0 -1.0 20.0 374.0 27.0
936
0 26 9
0 1 5
1 27 11
1 2 10
2 3 12
3 28 11
3 4 5
4 29 12
5 6 8
6 31 10
6 7 12
7 32 7
8 36 9
8 9 11
9 10 5
10 37 11
10 11 5
11 12 12
12 13 9
13 38 12
13 14 12
14 39 10
15 16 8
16 41 9
16 17 7
17 18 10
18 42 10
18 19 12
20 21 10
21 22 10
22 43 8
22 23 8
23 44 11
23 24 12
24 45 8
24 25 10
26 46 7
26 27 7
27 47 8
28 49 6
28 29 5
29 50 12
30 52 11
31 54 5
31 32 12
32 55 6
32 33 8
33 56 7
33 34 6
34 57 8
34 35 9
35 36 12
36 58 11
37 60 12
38 62 9
38 39 12
39 40 8
41 64 9
42 66 6
43 69 12
43 44 6
44 70 6
44 45 12
46 47 6
47 72 8
47 48 12
48 73 10
48 49 10
49 50 11
50 74 8
50 51 7
51 75 5
51 52 9
52 76 12
52 53 9
53 54 6
54 55 9
55 77 8
55 56 11
56 57 11
57 78 6
58 79 9
58 59 11
59 80 7
59 60 10
60 81 8
61 82 12
61 62 8
63 84 10
63 64 10
64 85 9
64 65 9
65 86 5
65 66 6
66 67 8
68 88 10
69 90 12
69 70 8
70 91 11
71 93 6
72 95 5
72 73 12
73 96 9
74 97 12
74 75 9
75 76 9
78 101 11
79 103 5
79 80 9
80 81 12
81 104 10
82 106 8
83 108 5
84 85 12
85 110 7
85 86 12
86 111 6
87 88 8
88 112 6
88 89 7
89 90 12
90 91 8
91 113 5
91 92 9
92 93 11
94 114 5
94 95 7
95 115 9
95 96 7
96 116 8
98 118 9
98 99 7
99 119 6
100 121 9
100 101 8
101 102 11
102 103 11
104 122 12
104 105 9
105 106 7
106 123 5
106 107 8
107 124 8
107 108 7
108 109 12
109 125 8
110 127 12
110 111 10
111 128 12
112 130 11
113 132 12
114 115 9
115 116 7
116 134 10
117 137 10
117 118 12
118 138 6
118 119 8
119 139 12
119 120 6
120 140 7
120 121 10
121 141 11
123 124 7
124 145 7
125 147 6
125 126 12
126 127 11
127 148 10
127 128 8
129 151 6
129 130 6
130 131 10
131 152 11
132 154 9
132 133 8
133 155 11
134 157 5
134 135 9
135 158 11
136 159 12
136 137 5
137 160 8
137 138 10
138 161 6
138 139 7
139 162 12
139 140 9
140 163 6
140 141 9
141 164 9
141 142 12
142 165 8
142 143 12
143 166 11
143 144 7
145 170 8
145 146 9
146 171 9
146 147 7
147 172 12
149 174 12
149 150 9
150 175 12
150 151 9
151 176 9
152 153 9
153 178 5
153 154 8
154 179 12
154 155 6
155 180 8
156 182 9
156 157 8
157 183 6
157 158 10
158 184 7
159 185 7
159 160 11
160 161 12
161 186 12
161 162 10
162 187 8
162 163 5
163 164 12
164 188 12
164 165 5
165 166 6
167 190 11
168 169 9
169 192 10
169 170 9
170 193 6
170 171 11
171 194 9
171 172 5
172 195 6
172 173 9
173 196 8
174 175 12
175 198 7
175 176 7
176 199 11
176 177 8
178 201 10
178 179 10
179 180 5
180 202 10
180 181 5
181 203 10
182 204 8
182 183 12
183 205 12
183 184 10
184 206 6
185 208 8
186 187 11
188 210 10
189 212 7
189 190 10
190 213 12
190 191 11
191 214 5
192 216 6
192 193 9
193 194 7
194 217 11
194 195 12
195 218 8
195 196 12
196 219 9
197 221 6
198 199 10
200 201 5
201 223 12
202 225 8
202 203 9
204 227 11
204 205 11
205 228 10
205 206 11
206 207 10
207 208 10
209 210 11
210 231 6
210 211 11
212 213 8
213 232 9
213 214 11
214 215 7
215 233 9
215 216 8
217 234 10
217 218 12
218 235 7
218 219 11
219 220 5
220 236 7
220 221 10
221 237 8
222 241 6
223 224 6
224 243 7
224 225 12
225 244 5
226 246 5
226 227 11
227 247 9
227 228 5
229 230 9
230 252 8
232 254 5
233 255 5
234 257 5
234 235 10
235 258 6
236 259 10
236 237 5
237 238 12
238 239 7
239 260 9
239 240 11
240 261 10
240 241 9
241 242 9
242 262 7
243 263 11
243 244 11
244 245 5
245 264 7
246 247 10
247 265 5
248 266 9
248 249 12
249 250 6
250 267 5
250 251 5
251 268 7
252 269 6
253 272 9
255 275 10
256 257 9
257 277 11
257 258 12
258 278 10
260 280 11
260 261 5
261 281 9
262 283 6
264 286 8
266 289 6
267 268 11
268 290 10
269 292 5
270 294 7
270 271 12
271 295 6
271 272 6
272 273 7
273 296 12
274 275 6
275 298 6
275 276 7
276 299 12
277 278 12
278 301 10
279 280 10
280 304 6
280 281 12
281 282 12
282 305 6
282 283 10
283 284 5
285 307 11
285 286 12
286 308 6
287 309 5
288 310 7
288 289 6
289 311 5
290 314 6
290 291 7
291 315 8
291 292 12
292 316 11
292 293 9
293 294 11
294 317 9
294 295 11
295 318 5
296 297 10
297 319 10
298 299 9
299 320 6
299 300 10
300 321 5
301 322 7
302 323 12
302 303 10
303 324 10
304 325 9
306 327 6
306 307 10
307 308 9
308 328 9
309 329 6
310 331 10
310 311 5
311 332 10
311 312 8
312 333 9
312 313 5
313 334 7
313 314 5
314 315 12
315 335 12
315 316 6
316 336 5
317 318 5
318 337 5
319 340 6
320 321 11
322 341 11
323 324 10
324 342 10
325 344 5
325 326 12
326 345 10
328 347 7
329 348 10
329 330 8
330 331 5
331 349 8
331 332 10
332 350 11
332 333 8
333 351 11
333 334 9
334 352 7
335 354 10
335 336 6
337 338 5
338 356 6
338 339 6
339 357 6
339 340 12
342 364 11
342 343 6
343 344 9
344 365 6
344 345 11
345 366 5
345 346 6
346 367 10
347 372 5
348 373 6
349 350 12
350 375 6
350 351 11
351 352 5
352 376 10
352 353 10
353 354 12
354 377 10
355 379 6
356 357 7
357 381 6
358 383 9
358 359 8
359 384 10
359 360 6
360 385 10
360 361 8
361 362 10
362 386 11
363 388 10
363 364 8
364 389 12
365 391 9
365 366 5
366 367 9
367 368 8
368 392 9
368 369 10
369 393 9
369 370 11
370 371 6
371 394 8
371 372 7
372 395 5
373 396 12
373 374 11
374 397 12
376 399 8
377 401 5
378 403 12
378 379 5
379 380 5
380 404 10
381 406 10
381 382 11
382 383 9
383 407 7
383 384 6
384 408 10
384 385 11
387 410 11
387 388 12
388 411 10
388 389 6
389 412 12
389 390 6
390 413 6
390 391 7
392 414 5
392 393 7
393 415 5
394 417 12
394 395 8
396 397 10
397 418 8
397 398 8
398 419 5
399 400 12
400 401 8
401 402 12
402 422 11
402 403 12
403 423 10
404 425 9
404 405 10
405 426 12
405 406 10
406 427 7
407 429 7
407 408 11
409 431 5
410 434 8
410 411 8
411 435 7
411 412 8
412 413 7
414 415 10
415 416 9
416 439 10
416 417 10
418 441 7
418 419 12
419 420 8
420 442 8
420 421 10
421 443 11
422 423 8
423 447 12
423 424 9
424 448 8
424 425 11
425 449 7
425 426 8
426 450 8
426 427 9
427 451 5
427 428 11
428 429 10
429 452 10
430 454 7
430 431 10
431 455 8
431 432 11
432 433 12
433 456 9
433 434 6
434 435 9
436 458 5
436 437 9
437 459 9
437 438 8
439 462 6
440 465 5
440 441 7
441 466 11
442 443 6
443 468 11
443 444 11
444 445 12
445 469 12
445 446 7
446 470 7
447 472 7
447 448 10
448 473 10
448 449 12
449 474 5
449 450 5
450 451 5
451 475 11
452 453 10
453 477 9
453 454 5
454 478 11
454 455 12
455 479 8
456 481 12
457 484 10
458 459 6
459 485 9
460 461 9
461 462 8
462 487 8
462 463 7
463 488 11
463 464 6
464 489 11
465 466 6
466 490 11
466 467 7
468 492 7
469 494 11
469 470 12
470 471 10
471 495 5
471 472 8
472 496 5
472 473 12
473 497 9
473 474 6
474 498 7
475 500 7
475 476 8
477 478 8
478 502 5
478 479 5
479 503 8
479 480 10
480 481 10
481 504 8
481 482 10
482 483 8
483 484 6
485 486 11
486 507 6
487 510 11
487 488 11
488 489 12
490 512 12
491 514 6
491 492 12
492 515 5
492 493 5
493 494 5
495 516 6
495 496 12
496 517 10
496 497 5
497 518 8
497 498 7
498 519 7
498 499 7
499 520 6
499 500 10
500 521 5
501 523 11
502 525 12
502 503 11
503 526 6
505 506 8
506 530 6
507 532 6
507 508 5
508 533 10
508 509 7
509 534 6
509 510 11
510 535 9
511 512 7
512 537 8
512 513 10
513 538 5
513 514 11
514 539 10
514 515 8
516 541 10
516 517 8
517 518 6
518 519 10
519 520 7
520 542 5
520 521 6
521 543 10
521 522 10
522 544 11
522 523 11
523 545 5
523 524 7
524 525 11
525 546 11
525 526 6
526 547 11
527 548 8
527 528 5
528 549 6
528 529 12
530 551 8
530 531 7
531 552 5
531 532 11
532 553 6
532 533 9
533 534 12
534 535 5
535 554 12
535 536 10
536 555 9
537 558 9
537 538 11
538 539 10
539 559 10
540 561 8
542 565 11
542 543 8
543 544 10
544 566 6
544 545 8
545 567 7
546 547 12
547 569 12
548 549 6
549 572 7
550 574 7
550 551 9
551 575 5
551 552 11
552 576 5
552 553 10
554 555 6
555 578 7
555 556 5
556 579 7
557 580 11
557 558 12
560 583 10
560 561 10
561 562 7
562 584 8
563 585 8
564 587 5
564 565 5
565 588 8
566 590 10
566 567 11
567 568 10
568 591 11
569 592 10
569 570 6
570 593 12
570 571 5
572 595 5
572 573 8
573 596 11
573 574 9
574 597 6
574 575 12
575 598 8
575 576 8
577 600 11
578 602 7
578 579 7
579 603 11
580 604 10
581 606 12
582 607 9
582 583 7
584 608 6
585 610 10
585 586 6
586 587 11
587 588 10
588 589 8
589 590 5
590 611 9
592 593 6
594 615 10
594 595 6
595 616 12
595 596 12
596 617 5
596 597 10
597 618 8
597 598 7
599 619 7
599 600 9
600 620 8
600 601 6
602 603 6
603 621 9
604 622 12
604 605 11
605 623 6
605 606 10
608 609 6
609 610 8
610 625 5
611 629 7
611 612 10
612 630 8
613 632 12
614 615 7
615 616 5
616 635 6
616 617 11
617 618 6
619 638 12
619 620 10
621 641 11
622 623 10
623 642 7
624 645 11
625 648 11
625 626 8
626 649 10
627 628 11
628 629 8
629 630 12
630 651 10
630 631 7
631 652 10
631 632 6
632 633 9
633 653 7
633 634 9
635 656 12
636 658 11
636 637 5
637 638 9
638 659 11
639 661 11
640 641 11
641 662 5
642 643 5
644 664 7
644 645 8
645 665 5
645 646 5
646 666 10
647 667 9
647 648 6
648 649 8
649 668 8
649 650 8
650 669 11
651 671 8
651 652 8
652 672 12
653 674 10
654 655 10
655 676 11
655 656 5
656 677 10
656 657 7
658 679 11
659 660 5
660 680 11
660 661 10
661 681 9
662 682 5
663 686 12
663 664 7
664 687 12
664 665 9
665 688 9
665 666 8
666 689 9
667 691 11
668 669 12
669 692 8
669 670 5
670 693 6
671 672 11
672 696 12
672 673 7
673 697 11
673 674 10
674 698 10
674 675 12
676 699 12
676 677 8
678 700 10
678 679 11
680 703 12
680 681 8
681 704 8
683 684 8
684 705 8
684 685 7
685 686 6
686 706 9
686 687 9
687 707 11
687 688 10
688 689 7
689 690 11
690 691 5
691 708 5
692 709 9
692 693 5
693 710 5
693 694 9
694 711 12
694 695 8
695 712 5
696 713 11
696 697 12
697 714 6
697 698 9
698 715 6
699 717 6
700 720 6
701 721 11
701 702 10
702 703 9
703 722 9
703 704 5
704 723 10
706 707 10
709 710 9
710 711 6
711 712 9
713 714 9
714 715 8
716 717 6
717 718 10
718 719 6
719 720 8
722 723 8
723 724 5
724 725 7
10 0.05 0.05 0.05
