600
0 -1.0 -1.0 10.0 235.0 62.0
1 -1.0 -1.0 18.0 119.0 75.0
2 -1.0 -1.0 4.0 152.0 97.0
3 -1.0 -1.0 9.0 125.0 46.0
4 -1.0 -1.0 16.0 371.0 16.0
5 -1.0 -1.0 6.0 203.0 26.0
6 -1.0 -1.0 15.0 362.0 35.0
7 -1.0 -1.0 7.0 36.0 24.0
8 -1.0 -1.0 11.0 353.0 15.0
9 -1.0 -1.0 14.0 195.0 99.0
10 -1.0 -1.0 8.0 46.0 73.0
11 -1.0 -1.0 7.0 376.0 58.0
12 -1.0 -1.0 15.0 194.0 78.0
13 -1.0 -1.0 17.0 269.0 91.0
14 -1.0 -1.0 15.0 161.0 35.0
15 -1.0 -1.0 17.0 30.0 31.0
16 -1.0 -1.0 14.0 117.0 18.0
17 -1.0 -1.0 15.0 86.0 86.0
18 -1.0 -1.0 11.0 347.0 80.0
19 -1.0 -1.0 19.0 225.0 51.0
20 -1.0 -1.0 10.0 99.0 99.0
21 -1.0 -1.0 11.0 50.0 43.0
22 -1.0 -1.0 15.0 344.0 47.0
23 -1.0 -1.0 7.0 95.0 87.0
24 -1.0 -1.0 17.0 177.0 100.0
25 -1.0 -1.0 4.0 234.0 25.0
26 -1.0 -1.0 17.0 112.0 77.0
27 -1.0 -1.0 9.0 208.0 84.0
28 -1.0 -1.0 13.0 349.0 23.0
29 -1.0 -1.0 19.0 249.0 63.0
30 -1.0 -1.0 5.0 37.0 67.0
31 -1.0 -1.0 15.0 313.0 21.0
32 -1.0 -1.0 11.0 256.0 32.0
33 -1.0 -1.0 7.0 78.0 100.0
34 -1.0 -1.0 7.0 353.0 72.0
35 -1.0 -1.0 13.0 283.0 47.0
36 -1.0 -1.0 14.0 175.0 96.0
37 -1.0 -1.0 12.0 96.0 30.0
38 -1.0 -1.0 20.0 197.0 78.0
39 -1.0 -1.0 20.0 239.0 23.0
40 -1.0 -1.0 8.0 20.0 48.0
41 -1.0 -1.0 13.0 399.0 75.0
42 -1.0 -1.0 7.0 333.0 94.0
43 -1.0 -1.0 18.0 309.0 25.0
44 -1.0 -1.0 16.0 273.0 81.0
45 -1.0 -1.0 16.0 301.0 66.0
46 -1.0 -1.0 14.0 75.0 27.0
47 -1.0 -1.0 13.0 270.0 17.0
48 -1.0 -1.0 20.0 344.0 90.0
49 -1.0 -1.0 14.0 121.0 36.0
50 -1.0 -1.0 8.0 156.0 29.0
51 -1.0 -1.0 17.0 338.0 35.0
52 -1.0 -1.0 14.0 364.0 19.0
53 -1.0 -1.0 9.0 276.0 93.0
54 -1.0 -1.0 12.0 349.0 59.0
55 -1.0 -1.0 6.0 294.0 35.0
56 -1.0 -1.0 16.0 350.0 64.0
57 -1.0 -1.0 20.0 309.0 75.0
58 -1.0 -1.0 11.0 23.0 97.0
59 -1.0 -1.0 13.0 394.0 52.0
60 -1.0 -1.0 4.0 261.0 100.0
61 -1.0 -1.0 18.0 269.0 96.0
62 -1.0 -1.0 17.0 175.0 77.0
63 -1.0 -1.0 19.0 122.0 50.0
64 -1.0 -1.0 11.0 133.0 93.0
65 -1.0 -1.0 6.0 60.0 29.0
66 -1.0 -1.0 20.0 276.0 28.0
67 -1.0 -1.0 4.0 101.0 82.0
68 -1.0 -1.0 18.0 28.0 96.0
69 -1.0 -1.0 11.0 392.0 59.0
70 -1.0 -1.0 17.0 47.0 62.0
71 -1.0 -1.0 15.0 105.0 17.0
72 -1.0 -1.0 11.0 143.0 15.0
73 -1.0 -1.0 9.0 133.0 65.0
74 -1.0 -1.0 5.0 56.0 68.0
75 -1.0 -1.0 11.0 159.0 40.0
76 -1.0 -1.0 5.0 26.0 30.0
77 -1.0 -1.0 14.0 211.0 21.0
78 -1.0 -1.0 19.0 82.0 46.0
79 -1.0 -1.0 7.0 54.0 57.0
80 -1.0 -1.0 9.0 125.0 38.0
81 -1.0 -1.0 16.0 222.0 86.0
82 -1.0 -1.0 6.0 152.0 72.0
83 -1.0 -1.0 8.0 250.0 34.0
84 -1.0 -1.0 18.0 40.0 50.0
85 -1.0 -1.0 4.0 322.0 61.0
86 -1.0 -1.0 9.0 372.0 24.0
87 -1.0 -1.0 12.0 161.0 51.0
88 -1.0 -1.0 12.0 216.0 51.0
89 -1.0 -1.0 9.0 188.0 46.0
90 -1.0 -1.0 7.0 55.0 15.0
91 -1.0 -1.0 7.0 234.0 31.0
92 -1.0 -1.0 17.0 252.0 88.0
93 -1.0 -1.0 17.0 317.0 58.0
94 -1.0 -1.0 19.0 79.0 67.0
95 -1.0 -1.0 16.0 81.0 91.0
96 -1.0 -1.0 10.0 236.0 88.0
97 -1.0 -1.0 10.0 195.0 39.0
98 -1.0 -1.0 18.0 72.0 95.0
99 -1.0 -1.0 18.0 375.0 77.0
100 -1.0 -1.0 7.0 19.0 50.0
101 -1.0 -1.0 6.0 52.0 75.0
102 -1.0 -1.0 12.0 49.0 79.0
103 -1.0 -1.0 5.0 95.0 68.0
104 -1.0 -1.0 17.0 289.0 61.0
105 -1.0 -1.0 4.0 261.0 19.0
106 -1.0 -1.0 8.0 127.0 48.0
107 -1.0 -1.0 18.0 76.0 36.0
108 -1.0 -1.0 8.0 125.0 40.0
109 -1.0 -1.0 10.0 134.0 57.0
110 -1.0 -1.0 18.0 186.0 96.0
111 -1.0 -1.0 5.0 276.0 65.0
112 -1.0 -1.0 13.0 234.0 51.0
113 -1.0 -1.0 10.0 241.0 76.0
114 -1.0 -1.0 9.0 81.0 53.0
115 -1.0 -1.0 8.0 125.0 80.0
116 -1.0 -1.0 11.0 297.0 25.0
117 -1.0 -1.0 6.0 72.0 41.0
118 -1.0 -1.0 10.0 333.0 80.0
119 -1.0 -1.0 14.0 383.0 68.0
120 -1.0 -1.0 6.0 97.0 44.0
121 -1.0 -1.0 19.0 236.0 88.0
122 -1.0 -1.0 20.0 213.0 58.0
123 -1.0 -1.0 10.0 263.0 100.0
124 -1.0 -1.0 6.0 213.0 100.0
125 -1.0 -1.0 17.0 70.0 25.0
126 -1.0 -1.0 16.0 380.0 64.0
127 -1.0 -1.0 20.0 311.0 79.0
128 -1.0 -1.0 19.0 396.0 55.0
129 -1.0 -1.0 11.0 142.0 29.0
130 -1.0 -1.0 19.0 185.0 31.0
131 -1.0 -1.0 6.0 185.0 34.0
132 -1.0 -1.0 5.0 268.0 36.0
133 -1.0 -1.0 6.0 159.0 72.0
134 -1.0 -1.0 18.0 44.0 60.0
135 -1.0 -1.0 16.0 94.0 89.0
136 -1.0 -1.0 7.0 255.0 86.0
137 -1.0 -1.0 14.0 178.0 68.0
138 -1.0 -1.0 16.0 369.0 28.0
139 -1.0 -1.0 19.0 117.0 69.0
140 -1.0 -1.0 12.0 290.0 66.0
141 -1.0 -1.0 7.0 272.0 15.0
142 -1.0 -1.0 6.0 121.0 69.0
143 -1.0 -1.0 5.0 226.0 59.0
144 -1.0 -1.0 8.0 242.0 21.0
145 -1.0 -1.0 16.0 104.0 73.0
146 -1.0 -1.0 12.0 62.0 79.0
147 -1.0 -1.0 8.0 330.0 84.0
148 -1.0 -1.0 18.0 278.0 15.0
149 -1.0 -1.0 20.0 294.0 32.0
150 -1.0 -1.0 4.0 23.0 66.0
151 -1.0 -1.0 12.0 146.0 82.0
152 -1.0 -1.0 19.0 387.0 46.0
153 -1.0 -1.0 15.0 330.0 33.0
154 -1.0 -1.0 12.0 396.0 21.0
155 -1.0 -1.0 5.0 49.0 97.0
156 -1.0 -1.0 6.0 130.0 28.0
157 -1.0 -1.0 17.0 223.0 51.0
158 -1.0 -1.0 9.0 105.0 18.0
159 -1.0 -1.0 12.0 62.0 42.0
160 -1.0 -1.0 20.0 259.0 41.0
161 -1.0 -1.0 4.0 301.0 35.0
162 -1.0 -1.0 5.0 150.0 66.0
163 -1.0 -1.0 15.0 277.0 54.0
164 -1.0 -1.0 10.0 261.0 41.0
165 -1.0 -1.0 10.0 68.0 17.0
166 -1.0 -1.0 19.0 62.0 54.0
167 -1.0 -1.0 14.0 389.0 94.0
168 -1.0 -1.0 13.0 143.0 95.0
169 -1.0 -1.0 16.0 54.0 73.0
170 -1.0 -1.0 15.0 84.0 57.0
171 -1.0 -1.0 9.0 183.0 99.0
172 -1.0 -1.0 14.0 345.0 86.0
173 -1.0 -1.0 4.0 161.0 42.0
174 -1.0 -1.0 6.0 396.0 22.0
175 -1.0 -1.0 10.0 400.0 73.0
176 -1.0 -1.0 18.0 315.0 82.0
177 -1.0 -1.0 15.0 222.0 30.0
178 -1.0 -1.0 7.0 326.0 34.0
179 -1.0 -1.0 5.0 114.0 41.0
180 -1.0 -1.0 12.0 64.0 85.0
181 -1.0 -1.0 9.0 298.0 91.0
182 -1.0 -1.0 9.0 252.0 89.0
183 -1.0 -1.0 9.0 123.0 22.0
184 -1.0 -1.0 9.0 217.0 35.0
185 -1.0 -1.0 16.0 76.0 68.0
186 -1.0 -1.0 14.0 208.0 72.0
187 -1.0 -1.0 18.0 328.0 44.0
188 -1.0 -1.0 18.0 173.0 99.0
189 -1.0 -1.0 20.0 34.0 40.0
190 -1.0 -1.0 11.0 257.0 62.0
191 -1.0 -1.0 14.0 95.0 26.0
192 -1.0 -1.0 5.0 347.0 87.0
193 -1.0 -1.0 11.0 125.0 42.0
194 -1.0 -1.0 5.0 188.0 69.0
195 -1.0 -1.0 15.0 365.0 15.0
196 -1.0 -1.0 6.0 315.0 66.0
197 -1.0 -1.0 10.0 66.0 99.0
198 -1.0 -1.0 15.0 77.0 62.0
199 -1.0 -1.0 11.0 68.0 68.0
200 -1.0 -1.0 11.0 237.0 87.0
201 -1.0 -1.0 14.0 32.0 51.0
202 -1.0 -1.0 9.0 65.0 56.0
203 -1.0 -1.0 14.0 286.0 30.0
204 -1.0 -1.0 11.0 369.0 88.0
205 -1.0 -1.0 13.0 295.0 55.0
206 -1.0 -1.0 16.0 244.0 47.0
207 -1.0 -1.0 16.0 254.0 100.0
208 -1.0 -1.0 4.0 318.0 20.0
209 -1.0 -1.0 12.0 67.0 24.0
210 -1.0 -1.0 7.0 247.0 97.0
211 -1.0 -1.0 4.0 50.0 47.0
212 -1.0 -1.0 13.0 53.0 72.0
213 -1.0 -1.0 4.0 39.0 23.0
214 -1.0 -1.0 20.0 370.0 82.0
215 -1.0 -1.0 4.0 246.0 18.0
216 -1.0 -1.0 15.0 326.0 77.0
217 -1.0 -1.0 4.0 102.0 29.0
218 -1.0 -1.0 15.0 322.0 36.0
219 -1.0 -1.0 5.0 35.0 31.0
220 -1.0 -1.0 7.0 353.0 18.0
221 -1.0 -1.0 11.0 214.0 20.0
222 -1.0 -1.0 17.0 295.0 47.0
223 -1.0 -1.0 14.0 395.0 63.0
224 -1.0 -1.0 10.0 135.0 57.0
225 -1.0 -1.0 16.0 280.0 51.0
226 -1.0 -1.0 14.0 386.0 87.0
227 -1.0 -1.0 19.0 344.0 60.0
228 -1.0 -1.0 13.0 291.0 97.0
229 -1.0 -1.0 16.0 73.0 28.0
230 -1.0 -1.0 7.0 163.0 26.0
231 -1.0 -1.0 17.0 358.0 98.0
232 -1.0 -1.0 8.0 400.0 55.0
233 -1.0 -1.0 13.0 36.0 53.0
234 -1.0 -1.0 13.0 230.0 57.0
235 -1.0 -1.0 11.0 69.0 76.0
236 -1.0 -1.0 17.0 21.0 87.0
237 -1.0 -1.0 9.0 192.0 74.0
238 -1.0 -1.0 4.0 145.0 40.0
239 -1.0 -1.0 9.0 173.0 82.0
240 -1.0 -1.0 14.0 160.0 21.0
241 -1.0 -1.0 9.0 194.0 29.0
242 -1.0 -1.0 19.0 385.0 68.0
243 -1.0 -1.0 11.0 227.0 96.0
244 -1.0 -1.0 20.0 177.0 37.0
245 -1.0 -1.0 12.0 317.0 88.0
246 -1.0 -1.0 11.0 289.0 53.0
247 -1.0 -1.0 18.0 32.0 40.0
248 -1.0 -1.0 11.0 301.0 84.0
249 -1.0 -1.0 15.0 134.0 16.0
250 -1.0 -1.0 5.0 367.0 40.0
251 -1.0 -1.0 10.0 394.0 66.0
252 -1.0 -1.0 9.0 90.0 98.0
253 -1.0 -1.0 4.0 257.0 27.0
254 -1.0 -1.0 20.0 252.0 46.0
255 -1.0 -1.0 19.0 391.0 58.0
256 -1.0 -1.0 10.0 164.0 87.0
257 -1.0 -1.0 10.0 290.0 47.0
258 -1.0 -1.0 19.0 295.0 100.0
259 -1.0 -1.0 5.0 180.0 57.0
260 -1.0 -1.0 20.0 338.0 82.0
261 -1.0 -1.0 12.0 95.0 83.0
262 -1.0 -1.0 7.0 186.0 94.0
263 -1.0 -1.0 19.0 187.0 73.0
264 -1.0 -1.0 9.0 214.0 26.0
265 -1.0 -1.0 9.0 370.0 55.0
266 -1.0 -1.0 15.0 72.0 32.0
267 -1.0 -1.0 12.0 368.0 97.0
268 -1.0 -1.0 13.0 55.0 100.0
269 -1.0 -1.0 19.0 97.0 68.0
270 -1.0 -1.0 14.0 355.0 16.0
271 -1.0 -1.0 5.0 196.0 82.0
272 -1.0 -1.0 7.0 188.0 24.0
273 -1.0 -1.0 8.0 251.0 23.0
274 -1.0 -1.0 13.0 398.0 35.0
275 -1.0 -1.0 7.0 227.0 18.0
276 -1.0 -1.0 6.0 277.0 86.0
277 -1.0 -1.0 12.0 105.0 48.0
278 -1.0 -1.0 14.0 115.0 26.0
279 -1.0 -1.0 4.0 288.0 71.0
280 -1.0 -1.0 4.0 170.0 70.0
281 -1.0 -1.0 14.0 32.0 96.0
282 -1.0 -1.0 14.0 175.0 60.0
283 -1.0 -1.0 9.0 260.0 98.0
284 -1.0 -1.0 9.0 91.0 46.0
285 -1.0 -1.0 7.0 120.0 57.0
286 -1.0 -1.0 7.0 285.0 70.0
287 -1.0 -1.0 15.0 270.0 72.0
288 -1.0 -1.0 11.0 69.0 22.0
289 -1.0 -1.0 6.0 183.0 28.0
290 -1.0 -1.0 18.0 105.0 27.0
291 -1.0 -1.0 15.0 359.0 69.0
292 -1.0 -1.0 10.0 92.0 26.0
293 -1.0 -1.0 4.0 26.0 26.0
294 -1.0 -1.0 6.0 176.0 35.0
295 -1.0 -1.0 17.0 315.0 40.0
296 -1.0 -1.0 13.0 327.0 46.0
297 -1.0 -1.0 10.0 98.0 48.0
298 -1.0 -1.0 12.0 311.0 37.0
299 -1.0 -1.0 9.0 362.0 38.0
300 -1.0 -1.0 10.0 177.0 22.0
301 -1.0 -1.0 6.0 180.0 79.0
302 -1.0 -1.0 5.0 276.0 99.0
303 -1.0 -1.0 5.0 288.0 56.0
304 -1.0 -1.0 7.0 391.0 38.0
305 -1.0 -1.0 11.0 73.0 38.0
306 -1.0 -1.0 8.0 360.0 48.0
307 -1.0 -1.0 20.0 243.0 97.0
308 -1.0 -1.0 10.0 151.0 84.0
309 -1.0 -1.0 18.0 238.0 86.0
310 -1.0 -1.0 4.0 147.0 28.0
311 -1.0 -1.0 14.0 319.0 87.0
312 -1.0 -1.0 12.0 365.0 26.0
313 -1.0 -1.0 13.0 199.0 100.0
314 -1.0 -1.0 11.0 160.0 72.0
315 -1.0 -1.0 9.0 370.0 56.0
316 -1.0 -1.0 20.0 17.0 28.0
317 -1.0 -1.0 9.0 340.0 86.0
318 -1.0 -1.0 6.0 274.0 23.0
319 -1.0 -1.0 13.0 196.0 81.0
320 -1.0 -1.0 17.0 67.0 21.0
321 -1.0 -1.0 10.0 315.0 77.0
322 -1.0 -1.0 8.0 86.0 61.0
323 -1.0 -1.0 5.0 164.0 80.0
324 -1.0 -1.0 8.0 237.0 28.0
325 -1.0 -1.0 19.0 40.0 51.0
326 -1.0 -1.0 6.0 217.0 69.0
327 -1.0 -1.0 5.0 282.0 89.0
328 -1.0 -1.0 13.0 53.0 38.0
329 -1.0 -1.0 14.0 324.0 43.0
330 -1.0 -1.0 7.0 106.0 25.0
331 -1.0 -1.0 10.0 262.0 84.0
332 -1.0 -1.0 16.0 312.0 59.0
333 -1.0 -1.0 15.0 230.0 29.0
334 -1.0 -1.0 18.0 325.0 96.0
335 -1.0 -1.0 12.0 44.0 84.0
336 -1.0 -1.0 12.0 202.0 89.0
337 -1.0 -1.0 9.0 334.0 40.0
338 -1.0 -1.0 17.0 351.0 30.0
339 -1.0 -1.0 19.0 374.0 29.0
340 -1.0 -1.0 10.0 47.0 46.0
341 -1.0 -1.0 15.0 98.0 79.0
342 -1.0 -1.0 7.0 398.0 46.0
343 -1.0 -1.0 12.0 307.0 28.0
344 -1.0 -1.0 12.0 261.0 86.0
345 -1.0 -1.0 11.0 90.0 42.0
346 -1.0 -1.0 8.0 31.0 92.0
347 -1.0 -1.0 8.0 130.0 30.0
348 -1.0 -1.0 18.0 59.0 99.0
349 -1.0 -1.0 12.0 298.0 60.0
350 -1.0 -1.0 11.0 102.0 20.0
351 -1.0 -1.0 14.0 289.0 84.0
352 -1.0 -1.0 9.0 142.0 30.0
353 -1.0 -1.0 5.0 209.0 78.0
354 -1.0 -1.0 8.0 370.0 40.0
355 -1.0 -1.0 18.0 144.0 34.0
356 -1.0 -1.0 12.0 72.0 80.0
357 -1.0 -1.0 8.0 368.0 46.0
358 -1.0 -1.0 16.0 27.0 68.0
359 -1.0 -1.0 16.0 38.0 49.0
360 -1.0 -1.0 19.0 380.0 50.0
361 -1.0 -1.0 13.0 125.0 95.0
362 -1.0 -1.0 18.0 273.0 69.0
363 -1.0 -1.0 11.0 90.0 59.0
364 -1.0 -1.0 17.0 361.0 73.0
365 -1.0 -1.0 20.0 116.0 98.0
366 -1.0 -1.0 14.0 127.0 74.0
367 -1.0 -1.0 16.0 238.0 93.0
368 -1.0 -1.0 8.0 252.0 61.0
369 -1.0 -1.0 7.0 125.0 84.0
370 -1.0 -1.0 16.0 18.0 94.0
371 -1.0 -1.0 17.0 339.0 53.0
372 -1.0 -1.0 12.0 302.0 54.0
373 -1.0 -1.0 11.0 320.0 20.0
374 -1.0 -1.0 7.0 289.0 62.0
375 -1.0 -1.0 20.0 260.0 67.0
376 -1.0 -1.0 12.0 199.0 57.0
377 -1.0 -1.0 8.0 228.0 84.0
378 -1.0 -1.0 14.0 110.0 20.0
379 -1.0 -1.0 11.0 177.0 55.0
380 -1.0 -1.0 16.0 216.0 93.0
381 -1.0 -1.0 4.0 268.0 35.0
382 -1.0 -1.0 10.0 97.0 81.0
383 -1.0 -1.0 16.0 201.0 64.0
384 -1.0 -1.0 18.0 167.0 32.0
385 -1.0 -1.0 19.0 224.0 23.0
386 -1.0 -1.0 4.0 156.0 70.0
387 -1.0 -1.0 4.0 222.0 26.0
388 -1.0 -1.0 13.0 377.0 26.0
389 -1.0 -1.0 4.0 79.0 48.0
390 -1.0 -1.0 17.0 233.0 50.0
391 -1.0 -1.0 19.0 182.0 68.0
392 -1.0 -1.0 9.0 301.0 63.0
393 -1.0 -1.0 19.0 209.0 42.0
394 -1.0 -1.0 11.0 138.0 24.0
395 -1.0 -1.0 9.0 171.0 81.0
396 -1.0 -1.0 17.0 368.0 22.0
397 -1.0 -1.0 4.0 265.0 72.0
398 -1.0 -1.0 5.0 333.0 59.0
399 -1.0 -1.0 14.0 261.0 36.0
400 -1.0 -1.0 18.0 330.0 94.0
401 -1.0 -1.0 14.0 127.0 49.0
402 -1.0 -1.0 14.0 216.0 25.0
403 -1.0 -1.0 18.0 179.0 59.0
404 -1.0 -1.0 16.0 142.0 54.0
405 -1.0 -1.0 11.0 133.0 80.0
406 -1.0 -1.0 19.0 264.0 76.0
407 -1.0 -1.0 6.0 339.0 76.0
408 -1.0 -1.0 7.0 289.0 84.0
409 -1.0 -1.0 9.0 103.0 47.0
410 -1.0 -1.0 9.0 360.0 90.0
411 -1.0 -1.0 18.0 330.0 45.0
412 -1.0 -1.0 10.0 68.0 21.0
413 -1.0 -1.0 18.0 337.0 30.0
414 -1.0 -1.0 6.0 130.0 28.0
415 -1.0 -1.0 8.0 195.0 32.0
416 -1.0 -1.0 10.0 73.0 84.0
417 -1.0 -1.0 10.0 217.0 91.0
418 -1.0 -1.0 19.0 222.0 35.0
419 -1.0 -1.0 13.0 366.0 85.0
420 -1.0 -1.0 19.0 178.0 82.0
421 -1.0 -1.0 10.0 375.0 82.0
422 -1.0 -1.0 9.0 326.0 61.0
423 -1.0 -1.0 18.0 57.0 83.0
424 -1.0 -1.0 16.0 398.0 69.0
425 -1.0 -1.0 15.0 288.0 20.0
426 -1.0 -1.0 20.0 150.0 98.0
427 -1.0 -1.0 9.0 75.0 23.0
428 -1.0 -1.0 14.0 387.0 74.0
429 -1.0 -1.0 11.0 276.0 99.0
430 -1.0 -1.0 15.0 199.0 74.0
431 -1.0 -1.0 5.0 146.0 18.0
432 -1.0 -1.0 15.0 346.0 39.0
433 -1.0 -1.0 5.0 23.0 85.0
434 -1.0 -1.0 13.0 186.0 75.0
435 -1.0 -1.0 10.0 130.0 51.0
436 -1.0 -1.0 17.0 64.0 81.0
437 -1.0 -1.0 17.0 125.0 45.0
438 -1.0 -1.0 20.0 355.0 97.0
439 -1.0 -1.0 7.0 288.0 34.0
440 -1.0 -1.0 11.0 226.0 95.0
441 -1.0 -1.0 11.0 103.0 58.0
442 -1.0 -1.0 6.0 60.0 23.0
443 -1.0 -1.0 8.0 330.0 23.0
444 -1.0 -1.0 8.0 391.0 84.0
445 -1.0 -1.0 20.0 125.0 59.0
446 -1.0 -1.0 7.0 153.0 17.0
447 -1.0 -1.0 14.0 162.0 86.0
448 -1.0 -1.0 19.0 241.0 31.0
449 -1.0 -1.0 13.0 137.0 18.0
450 -1.0 -1.0 14.0 197.0 36.0
451 -1.0 -1.0 12.0 217.0 45.0
452 -1.0 -1.0 14.0 303.0 57.0
453 -1.0 -1.0 14.0 202.0 89.0
454 -1.0 -1.0 16.0 328.0 34.0
455 -1.0 -1.0 14.0 348.0 60.0
456 -1.0 -1.0 6.0 21.0 18.0
457 -1.0 -1.0 14.0 60.0 21.0
458 -1.0 -1.0 17.0 395.0 20.0
459 -1.0 -1.0 8.0 22.0 23.0
460 -1.0 -1.0 8.0 311.0 88.0
461 -1.0 -1.0 11.0 265.0 48.0
462 -1.0 -1.0 16.0 124.0 55.0
463 -1.0 -1.0 17.0 350.0 49.0
464 -1.0 -1.0 4.0 135.0 100.0
465 -1.0 -1.0 13.0 101.0 84.0
466 -1.0 -1.0 7.0 68.0 76.0
467 -1.0 -1.0 16.0 134.0 88.0
468 -1.0 -1.0 5.0 234.0 34.0
469 -1.0 -1.0 5.0 100.0 97.0
470 -1.0 -1.0 13.0 314.0 87.0
471 -1.0 -1.0 9.0 82.0 57.0
472 -1.0 -1.0 19.0 165.0 70.0
473 -1.0 -1.0 16.0 66.0 17.0
474 -1.0 -1.0 14.0 305.0 92.0
475 -1.0 -1.0 4.0 305.0 40.0
476 -1.0 -1.0 20.0 332.0 98.0
477 -1.0 -1.0 13.0 349.0 30.0
478 -1.0 -1.0 11.0 141.0 94.0
479 -1.0 -1.0 17.0 51.0 37.0
480 -1.0 -1.0 11.0 138.0 43.0
481 -1.0 -1.0 8.0 243.0 82.0
482 -1.0 -1.0 5.0 280.0 56.0
483 -1.0 -1.0 14.0 298.0 26.0
484 -1.0 -1.0 20.0 348.0 18.0
485 -1.0 -1.0 11.0 309.0 17.0
486 -1.0 -1.0 4.0 162.0 15.0
487 -1.0 -1.0 10.0 305.0 38.0
488 -1.0 -1.0 6.0 301.0 26.0
489 -1.0 -1.0 20.0 286.0 58.0
490 -1.0 -1.0 19.0 260.0 54.0
491 -1.0 -1.0 16.0 240.0 35.0
492 -1.0 -1.0 9.0 177.0 71.0
493 -1.0 -1.0 16.0 94.0 63.0
494 -1.0 -1.0 20.0 148.0 58.0
495 -1.0 -1.0 8.0 113.0 47.0
496 -1.0 -1.0 19.0 116.0 71.0
497 -1.0 -1.0 9.0 276.0 34.0
498 -1.0 -1.0 18.0 19.0 31.0
499 -1.0 -1.0 4.0 148.0 96.0
500 -1.0 -1.0 4.0 337.0 76.0
501 -1.0 -1.0 19.0 303.0 26.0
502 -1.0 -1.0 9.0 295.0 92.0
503 -1.0 -1.0 9.0 327.0 26.0
504 -1.0 -1.0 14.0 183.0 45.0
505 -1.0 -1.0 7.0 170.0 86.0
506 -1.0 -1.0 12.0 195.0 22.0
507 -1.0 -1.0 12.0 132.0 33.0
508 -1.0 -1.0 6.0 143.0 91.0
509 -1.0 -1.0 4.0 272.0 45.0
510 -1.0 -1.0 18.0 179.0 52.0
511 -1.0 -1.0 18.0 246.0 45.0
512 -1.0 -1.0 11.0 327.0 75.0
513 -1.0 -1.0 6.0 80.0 99.0
514 -1.0 -1.0 14.0 94.0 39.0
515 -1.0 -1.0 9.0 202.0 56.0
516 -1.0 -1.0 9.0 145.0 95.0
517 -1.0 -1.0 9.0 28.0 36.0
518 -1.0 -1.0 12.0 335.0 35.0
519 -1.0 -1.0 15.0 103.0 59.0
520 -1.0 -1.0 15.0 74.0 97.0
521 -1.0 -1.0 4.0 174.0 73.0
522 -1.0 -1.0 12.0 55.0 31.0
523 -1.0 -1.0 14.0 47.0 76.0
524 -1.0 -1.0 17.0 397.0 83.0
525 -1.0 -1.0 7.0 350.0 44.0
526 -1.0 -1.0 20.0 391.0 89.0
527 -1.0 -1.0 16.0 249.0 44.0
528 -1.0 -1.0 17.0 329.0 61.0
529 -1.0 -1.0 19.0 194.0 15.0
530 -1.0 -1.0 18.0 385.0 24.0
531 -1.0 -1.0 19.0 69.0 56.0
532 -1.0 -1.0 6.0 108.0 39.0
533 -1.0 -1.0 6.0 301.0 79.0
534 -1.0 -1.0 7.0 98.0 89.0
535 -1.0 -1.0 10.0 320.0 23.0
536 -1.0 -1.0 5.0 180.0 58.0
537 -1.0 -1.0 4.0 244.0 97.0
538 -1.0 -1.0 15.0 322.0 59.0
539 -1.0 -1.0 13.0 367.0 69.0
540 -1.0 -1.0 14.0 176.0 35.0
541 -1.0 -1.0 14.0 108.0 54.0
542 -1.0 -1.0 7.0 33.0 96.0
543 -1.0 -1.0 18.0 253.0 58.0
544 -1.0 -1.0 14.0 57.0 85.0
545 -1.0 -1.0 9.0 242.0 35.0
546 -1.0 -1.0 14.0 97.0 23.0
547 -1.0 -1.0 12.0 308.0 76.0
548 -1.0 -1.0 14.0 105.0 27.0
549 -1.0 -1.0 14.0 212.0 74.0
550 -1.0 -1.0 6.0 339.0 85.0
551 -1.0 -1.0 17.0 116.0 77.0
552 -1.0 -1.0 19.0 15.0 92.0
553 -1.0 -1.0 10.0 28.0 55.0
554 -1.0 -1.0 8.0 224.0 61.0
555 -1.0 -1.0 11.0 398.0 39.0
556 -1.0 -1.0 16.0 101.0 69.0
557 -1.0 -1.0 7.0 31.0 61.0
558 -1.0 -1.0 19.0 102.0 28.0
559 -1.0 -1.0 11.0 399.0 63.0
560 -1.0 -1.0 17.0 193.0 59.0
561 -1.0 -1.0 15.0 364.0 31.0
562 -1.0 -1.0 5.0 198.0 23.0
563 -1.0 -1.0 17.0 381.0 31.0
564 -1.0 -1.0 7.0 224.0 36.0
565 -1.0 -1.0 8.0 188.0 66.0
566 -1.0 -1.0 16.0 189.0 24.0
567 -1.0 -1.0 9.0 309.0 44.0
568 -1.0 -1.0 5.0 80.0 40.0
569 -1.0 -1.0 16.0 315.0 83.0
570 -1.0 -1.0 9.0 26.0 99.0
571 -1.0 -1.0 20.0 145.0 15.0
572 -1.0 -1.0 11.0 71.0 93.0
573 -1.0 -1.0 6.0 168.0 52.0
574 -1.0 -1.0 15.0 259.0 75.0
575 -1.0 -1.0 15.0 205.0 88.0
576 -1.0 -1.0 10.0 364.0 58.0
577 -1.0 -1.0 13.0 312.0 23.0
578 -1.0 -1.0 16.0 144.0 59.0
579 -1.0 -1.0 17.0 89.0 84.0
580 -1.0 -1.0 9.0 61.0 66.0
581 -1.0 -1.0 4.0 362.0 84.0
582 -1.0 -1.0 18.0 338.0 40.0
583 -1.0 -1.0 12.0 243.0 58.0
584 -1.0 -1.0 8.0 249.0 70.0
585 -1.0 -1.0 4.0 371.0 77.0
586 -1.0 -1.0 12.0 255.0 60.0
587 -1.0 -1.0 20.0 178.0 98.0
588 -1.0 -1.0 13.0 147.0 21.0
589 -1.0 -1.0 5.0 251.0 49.0
590 -1.0 -1.0 6.0 57.0 48.0
591 -1.0 -1.0 17.0 182.0 66.0
592 -1.0 -1.0 16.0 136.0 67.0
593 -1.0 -1.0 9.0 296.0 98.0
594 -1.0 -1.0 14.0 235.0 90.0
595 -1.0 -1.0 20.0 229.0 18.0
596 -1.0 -1.0 16.0 206.0 97.0
597 -1.0 -1.0 8.0 251.0 44.0
598 -1.0 -1.0 14.0 24.0 72.0
599 -1.0 -1.0 14.0 121.0 50.0
780
0 1 11
1 22 12
1 2 5
2 23 8
2 3 8
3 24 6
3 4 11
4 25 5
4 5 6
5 26 12
5 6 8
6 27 6
6 7 12
7 28 10
8 30 7
9 32 6
9 10 6
10 33 11
10 11 7
11 34 8
12 36 12
12 13 10
13 14 6
14 15 5
15 37 11
15 16 8
16 38 11
16 17 12
18 40 9
19 42 12
19 20 10
20 43 8
20 21 10
22 45 11
22 23 8
23 46 7
23 24 11
24 25 9
25 47 8
25 26 6
26 27 6
27 48 8
27 28 10
29 49 9
29 30 8
30 31 12
31 32 11
32 50 7
32 33 5
33 51 5
33 34 10
34 52 10
35 36 12
36 54 11
37 57 12
37 38 6
38 58 7
39 40 12
40 59 7
40 41 9
41 60 7
41 42 10
42 61 12
42 43 10
43 62 10
44 45 8
45 63 6
45 46 10
46 64 5
47 65 12
48 66 11
49 69 10
50 71 9
50 51 6
51 52 7
52 72 8
52 53 7
54 74 12
54 55 11
55 75 12
55 56 12
56 76 11
56 57 7
57 77 12
57 58 9
58 78 7
59 82 12
59 60 6
60 83 7
60 61 10
61 84 10
61 62 12
62 85 7
63 88 9
63 64 12
65 89 7
66 67 10
67 91 7
67 68 6
68 69 9
69 92 10
69 70 12
70 93 7
71 95 8
73 97 8
73 74 11
74 98 8
74 75 11
75 99 10
75 76 8
76 77 9
77 78 10
78 79 5
79 100 11
79 80 8
80 101 10
80 81 9
81 102 5
81 82 9
82 103 10
82 83 9
83 84 11
84 104 9
84 85 7
85 86 9
86 105 6
87 106 9
87 88 8
88 107 8
89 109 8
89 90 11
90 110 6
92 112 11
92 93 10
93 113 7
93 94 10
94 95 6
95 114 5
96 97 10
97 117 7
97 98 9
98 118 9
98 99 10
100 120 8
100 101 12
101 102 6
102 103 5
103 121 7
104 122 6
105 124 10
106 125 5
106 107 6
107 108 6
108 126 7
109 127 5
109 110 12
111 112 10
112 129 10
112 113 8
113 130 6
114 115 10
115 132 8
115 116 5
116 133 10
117 134 11
117 118 5
118 135 10
119 139 12
119 120 9
122 123 12
123 142 6
123 124 9
125 143 10
126 144 5
127 145 7
128 146 12
129 148 11
129 130 10
130 149 6
130 131 9
131 150 12
132 152 5
132 133 10
133 153 12
134 155 9
134 135 12
135 156 9
135 136 8
136 157 5
136 137 12
137 158 11
137 138 8
138 159 8
138 139 10
139 160 9
140 161 7
140 141 8
143 164 8
144 165 7
145 167 7
146 147 5
147 168 11
148 149 12
149 150 6
150 170 6
150 151 11
151 152 5
152 171 12
152 153 12
153 154 8
154 155 9
155 156 6
156 172 6
156 157 5
157 173 6
157 158 9
158 174 7
158 159 12
159 175 8
159 160 7
160 176 6
161 178 10
162 163 7
163 180 7
164 182 7
165 166 10
166 167 8
167 183 7
168 169 9
169 185 8
172 173 12
173 174 12
174 192 11
174 175 10
175 193 10
175 176 10
176 194 12
176 177 11
177 178 7
178 179 7
179 195 10
180 196 12
181 197 12
183 201 10
183 184 6
184 202 5
185 205 10
185 186 5
186 206 9
186 187 6
188 208 9
189 190 11
190 209 7
190 191 7
191 210 12
192 213 12
192 193 5
193 214 12
193 194 9
195 216 11
196 218 10
197 198 11
198 220 5
199 200 10
200 223 12
200 201 6
201 224 7
201 202 10
202 203 12
203 225 5
203 204 10
204 205 9
205 226 9
205 206 8
206 227 12
207 208 9
208 229 7
209 232 7
209 210 11
210 233 9
210 211 11
211 234 12
211 212 10
212 235 8
212 213 9
213 214 8
214 236 11
215 238 7
216 217 5
217 218 11
218 239 9
218 219 5
220 241 12
221 242 7
221 222 12
222 243 10
223 245 5
223 224 7
224 246 12
225 247 10
226 248 8
226 227 9
227 249 5
227 228 11
229 250 5
229 230 7
230 251 11
230 231 9
231 252 12
231 232 10
232 233 9
233 253 6
233 234 7
234 254 11
234 235 9
235 255 7
236 237 7
237 257 8
237 238 8
238 258 7
239 260 6
240 262 10
240 241 6
242 263 6
242 243 7
243 244 8
244 245 12
245 246 11
246 264 6
247 266 11
248 267 8
248 249 7
250 270 5
250 251 5
251 252 10
252 271 10
253 272 11
253 254 12
254 273 8
254 255 5
255 274 6
255 256 8
257 258 8
258 275 10
259 277 10
260 279 9
260 261 5
261 262 8
262 280 12
263 282 12
264 285 5
264 265 12
265 266 11
267 287 7
268 269 7
269 289 11
269 270 7
271 291 8
272 292 5
272 273 12
273 293 6
273 274 11
274 294 8
275 276 9
276 298 9
276 277 6
277 278 5
278 279 6
279 299 12
280 300 11
280 281 11
281 301 10
282 283 7
283 284 7
284 302 10
285 303 5
286 305 8
286 287 12
287 306 6
287 288 12
289 307 11
290 291 8
291 308 5
292 309 11
292 293 5
293 310 12
293 294 10
294 311 8
294 295 7
295 312 7
295 296 11
296 313 5
296 297 8
299 316 8
300 318 11
300 301 12
302 321 12
303 323 9
303 304 7
305 325 10
305 306 7
306 326 12
307 328 8
308 330 7
309 331 5
309 310 7
310 332 6
310 311 5
311 333 10
311 312 10
312 334 12
312 313 5
313 335 6
314 315 5
315 339 7
315 316 10
316 340 12
316 317 6
317 341 7
317 318 6
318 342 9
319 320 10
320 321 8
321 322 10
322 344 10
322 323 7
323 345 8
324 325 12
325 347 5
325 326 8
326 327 12
327 348 12
329 350 9
329 330 7
330 351 12
331 352 9
331 332 8
332 353 10
332 333 6
333 334 5
334 335 5
335 336 12
336 354 8
336 337 12
337 355 11
337 338 5
338 356 10
339 340 9
340 341 9
341 358 12
341 342 6
342 343 12
343 359 7
344 362 11
344 345 5
345 363 11
345 346 9
346 364 5
347 365 5
349 350 8
350 351 12
352 369 11
352 353 9
353 370 9
354 355 10
355 371 9
355 356 10
356 357 8
357 372 5
359 374 8
360 375 6
360 361 9
361 376 12
362 378 7
362 363 7
363 379 6
363 364 8
364 380 6
365 382 6
365 366 8
367 384 7
367 368 12
369 370 10
370 387 11
372 391 5
373 394 5
373 374 5
375 395 11
375 376 9
376 396 10
376 377 12
377 378 9
378 379 10
379 380 10
380 397 6
380 381 10
381 398 10
381 382 10
382 399 10
383 384 9
384 400 12
385 402 11
385 386 12
386 403 8
387 405 8
387 388 6
388 406 12
389 408 7
389 390 8
390 409 8
391 392 8
392 411 6
393 394 5
394 413 12
395 396 8
397 418 11
397 398 12
398 419 11
398 399 12
399 420 12
400 401 11
401 423 9
401 402 9
402 403 9
403 424 5
403 404 11
404 425 6
405 428 6
405 406 12
406 429 6
406 407 7
407 408 9
408 409 10
409 410 7
411 430 8
411 412 7
412 431 9
413 433 6
413 414 11
414 434 10
415 436 10
415 416 11
416 437 12
416 417 7
417 438 10
417 418 5
418 439 10
418 419 11
419 420 7
420 440 9
420 421 7
421 422 10
422 441 7
424 425 7
425 426 11
426 427 9
427 443 6
427 428 9
428 429 5
429 444 6
430 451 8
430 431 5
431 452 12
431 432 10
432 453 6
432 433 9
433 434 10
435 454 9
436 437 8
437 438 9
438 456 7
438 439 11
439 457 5
440 459 9
442 462 8
444 466 8
444 445 7
445 467 12
445 446 11
446 468 7
446 447 5
447 469 5
447 448 9
448 449 11
449 470 9
449 450 7
450 471 9
450 451 9
451 472 7
451 452 7
452 453 8
453 473 8
454 455 5
455 476 7
456 479 7
456 457 11
457 480 8
457 458 6
458 481 8
458 459 12
459 482 11
459 460 12
461 462 11
462 463 12
463 464 8
464 485 5
464 465 10
465 486 10
466 467 10
467 488 12
467 468 8
468 489 12
468 469 11
469 490 8
470 491 9
470 471 8
471 492 12
471 472 5
473 494 9
473 474 9
474 495 12
474 475 5
475 496 10
476 498 12
476 477 5
477 499 7
477 478 12
478 500 7
478 479 12
479 501 11
479 480 11
480 502 8
480 481 11
481 482 12
482 503 9
483 505 6
483 484 11
484 506 8
485 510 10
485 486 8
486 487 9
487 511 7
488 514 6
488 489 10
489 515 12
489 490 11
491 516 8
491 492 9
493 517 6
493 494 9
494 518 12
494 495 6
495 519 5
495 496 12
496 520 7
497 521 10
497 498 5
498 499 10
499 500 9
500 501 6
501 522 9
501 502 12
503 524 5
503 504 12
504 505 12
505 525 9
505 506 7
506 507 6
507 508 5
508 526 11
508 509 9
509 527 8
509 510 10
510 528 8
511 530 6
511 512 9
512 513 5
513 514 7
514 531 11
514 515 9
516 533 6
517 535 8
517 518 7
518 519 10
519 536 9
519 520 6
520 537 8
521 538 7
522 541 7
523 524 9
524 542 5
525 544 7
526 547 8
526 527 10
527 548 9
527 528 5
528 549 7
528 529 7
529 550 11
529 530 12
530 551 12
532 555 11
533 557 12
534 559 5
534 535 9
535 560 5
536 561 9
536 537 7
537 562 6
538 563 9
539 540 7
540 541 9
541 565 8
542 567 9
542 543 7
543 544 6
544 568 8
544 545 5
545 569 11
545 546 11
546 547 11
547 570 11
547 548 12
548 571 5
548 549 9
549 572 11
549 550 5
550 573 12
550 551 12
551 552 7
552 574 6
552 553 9
553 575 12
554 577 5
554 555 12
555 556 7
556 557 6
557 578 5
557 558 12
558 559 7
559 579 12
559 560 7
560 580 6
561 581 9
561 562 12
562 582 10
563 583 8
563 564 8
565 586 9
565 566 10
566 587 11
567 589 6
568 590 5
568 569 6
569 591 5
570 571 12
571 572 12
572 573 9
573 592 5
574 594 9
574 575 10
575 576 9
576 577 9
578 595 11
579 596 11
579 580 5
580 597 9
581 599 9
581 582 7
584 585 9
585 586 11
586 587 8
587 588 9
588 589 8
590 591 11
592 593 9
593 594 5
596 597 10
597 598 5
598 599 10
10 0.05 0.05 0.05
