726
0 -1.0 -1.0 15.0 300.0 81.0
1 -1.0 -1.0 14.0 237.0 74.0
2 -1.0 -1.0 11.0 341.0 65.0
3 -1.0 -1.0 10.0 347.0 83.0
4 -1.0 -1.0 16.0 390.0 39.0
5 -1.0 -1.0 9.0 276.0 82.0
6 -1.0 -1.0 14.0 117.0 67.0
7 -1.0 -1.0 6.0 153.0 40.0
8 -1.0 -1.0 17.0 393.0 16.0
9 -1.0 -1.0 20.0 196.0 91.0
10 -1.0 -1.0 4.0 250.0 26.0
11 -1.0 -1.0 6.0 133.0 50.0
12 -1.0 -1.0 6.0 366.0 91.0
13 -1.0 -1.0 5.0 233.0 30.0
14 -1.0 -1.0 20.0 283.0 51.0
15 -1.0 -1.0 19.0 385.0 54.0
16 -1.0 -1.0 4.0 134.0 56.0
17 -1.0 -1.0 7.0 95.0 72.0
18 -1.0 -1.0 6.0 288.0 85.0
19 -1.0 -1.0 20.0 387.0 57.0
20 -1.0 -1.0 5.0 250.0 17.0
21 -1.0 -1.0 4.0 40.0 76.0
22 -1.0 -1.0 19.0 107.0 89.0
23 -1.0 -1.0 5.0 382.0 94.0
24 -1.0 -1.0 8.0 134.0 54.0
25 -1.0 -1.0 14.0 158.0 24.0
26 -1.0 -1.0 19.0 328.0 32.0
27 -1.0 -1.0 11.0 198.0 23.0
28 -1.0 -1.0 15.0 63.0 49.0
29 -1.0 -1.0 16.0 36.0 77.0
30 -1.0 -1.0 6.0 155.0 90.0
31 -1.0 -1.0 9.0 208.0 43.0
32 -1.0 -1.0 10.0 66.0 81.0
33 -1.0 -1.0 10.0 49.0 93.0
34 -1.0 -1.0 17.0 57.0 31.0
35 -1.0 -1.0 9.0 69.0 98.0
36 -1.0 -1.0 13.0 80.0 100.0
37 -1.0 -1.0 16.0 300.0 31.0
38 -1.0 -1.0 18.0 362.0 63.0
39 -1.0 -1.0 9.0 165.0 67.0
40 -1.0 -1.0 4.0 261.0 78.0
41 -1.0 -1.0 7.0 341.0 71.0
42 -1.0 -1.0 5.0 322.0 95.0
43 -1.0 -1.0 4.0 354.0 30.0
44 -1.0 -1.0 17.0 149.0 19.0
45 -1.0 -1.0 11.0 117.0 66.0
46 -1.0 -1.0 13.0 248.0 28.0
47 -1.0 -1.0 4.0 216.0 60.0
48 -1.0 -1.0 19.0 396.0 35.0
49 -1.0 -1.0 9.0 223.0 46.0
50 -1.0 -1.0 5.0 164.0 82.0
51 -1.0 -1.0 4.0 305.0 72.0
52 -1.0 -1.0 9.0 194.0 19.0
53 -1.0 -1.0 10.0 197.0 74.0
54 -1.0 -1.0 20.0 124.0 23.0
55 -1.0 -1.0 10.0 393.0 66.0
56 -1.0 -1.0 19.0 108.0 67.0
57 -1.0 -1.0 9.0 295.0 32.0
58 -1.0 -1.0 12.0 205.0 68.0
59 -1.0 -1.0 17.0 83.0 32.0
60 -1.0 -1.0 11.0 113.0 34.0
61 -1.0 -1.0 16.0 139.0 22.0
62 -1.0 -1.0 15.0 89.0 82.0
63 -1.0 -1.0 4.0 126.0 81.0
64 -1.0 -1.0 9.0 377.0 65.0
65 -1.0 -1.0 16.0 358.0 45.0
66 -1.0 -1.0 13.0 365.0 100.0
67 -1.0 -1.0 7.0 354.0 77.0
68 -1.0 -1.0 16.0 382.0 25.0
69 -1.0 -1.0 4.0 303.0 34.0
70 -1.0 -1.0 6.0 361.0 85.0
71 -1.0 -1.0 19.0 319.0 60.0
72 -1.0 -1.0 18.0 369.0 50.0
73 -1.0 -1.0 20.0 48.0 53.0
74 -1.0 -1.0 11.0 216.0 91.0
75 -1.0 -1.0 17.0 199.0 26.0
76 -1.0 -1.0 5.0 253.0 50.0
77 -1.0 -1.0 7.0 94.0 60.0
78 -1.0 -1.0 20.0 231.0 95.0
79 -1.0 -1.0 19.0 118.0 33.0
80 -1.0 -1.0 8.0 380.0 33.0
81 -1.0 -1.0 9.0 120.0 23.0
82 -1.0 -1.0 11.0 289.0 28.0
83 -1.0 -1.0 18.0 78.0 54.0
84 -1.0 -1.0 11.0 234.0 50.0
85 -1.0 -1.0 14.0 115.0 66.0
86 -1.0 -1.0 12.0 110.0 82.0
87 -1.0 -1.0 7.0 317.0 89.0
88 -1.0 -1.0 15.0 275.0 25.0
89 -1.0 -1.0 7.0 192.0 85.0
90 -1.0 -1.0 6.0 120.0 68.0
91 -1.0 -1.0 13.0 95.0 97.0
92 -1.0 -1.0 7.0 61.0 44.0
93 -1.0 -1.0 12.0 244.0 33.0
94 -1.0 -1.0 9.0 33.0 72.0
95 -1.0 -1.0 19.0 109.0 99.0
96 -1.0 -1.0 10.0 88.0 72.0
97 -1.0 -1.0 7.0 293.0 46.0
98 -1.0 -1.0 19.0 138.0 40.0
99 -1.0 -1.0 20.0 50.0 34.0
100 -1.0 -1.0 14.0 207.0 91.0
101 -1.0 -1.0 11.0 244.0 17.0
102 -1.0 -1.0 5.0 106.0 60.0
103 -1.0 -1.0 17.0 199.0 87.0
104 -1.0 -1.0 14.0 77.0 22.0
105 -1.0 -1.0 11.0 123.0 53.0
106 -1.0 -1.0 8.0 16.0 17.0
107 -1.0 -1.0 7.0 252.0 79.0
108 -1.0 -1.0 19.0 222.0 30.0
109 -1.0 -1.0 10.0 280.0 66.0
110 -1.0 -1.0 13.0 256.0 51.0
111 -1.0 -1.0 5.0 289.0 32.0
112 -1.0 -1.0 7.0 22.0 75.0
113 -1.0 -1.0 12.0 194.0 44.0
114 -1.0 -1.0 4.0 195.0 33.0
115 -1.0 -1.0 5.0 93.0 36.0
116 -1.0 -1.0 14.0 116.0 84.0
117 -1.0 -1.0 5.0 128.0 89.0
118 -1.0 -1.0 9.0 164.0 69.0
119 -1.0 -1.0 6.0 102.0 82.0
120 -1.0 -1.0 17.0 253.0 86.0
121 -1.0 -1.0 20.0 334.0 62.0
122 -1.0 -1.0 17.0 272.0 90.0
123 -1.0 -1.0 17.0 72.0 36.0
124 -1.0 -1.0 17.0 81.0 76.0
125 -1.0 -1.0 13.0 70.0 64.0
126 -1.0 -1.0 15.0 397.0 85.0
127 -1.0 -1.0 9.0 259.0 78.0
128 -1.0 -1.0 7.0 88.0 44.0
129 -1.0 -1.0 12.0 213.0 94.0
130 -1.0 -1.0 13.0 288.0 57.0
131 -1.0 -1.0 4.0 274.0 51.0
132 -1.0 -1.0 16.0 154.0 35.0
133 -1.0 -1.0 18.0 52.0 46.0
134 -1.0 -1.0 4.0 372.0 56.0
135 -1.0 -1.0 18.0 347.0 48.0
136 -1.0 -1.0 11.0 118.0 62.0
137 -1.0 -1.0 5.0 307.0 98.0
138 -1.0 -1.0 4.0 340.0 94.0
139 -1.0 -1.0 4.0 218.0 36.0
140 -1.0 -1.0 10.0 139.0 38.0
141 -1.0 -1.0 6.0 135.0 97.0
142 -1.0 -1.0 9.0 79.0 83.0
143 -1.0 -1.0 5.0 53.0 98.0
144 -1.0 -1.0 11.0 38.0 92.0
145 -1.0 -1.0 9.0 273.0 51.0
146 -1.0 -1.0 9.0 47.0 76.0
147 -1.0 -1.0 10.0 20.0 17.0
148 -1.0 -1.0 15.0 66.0 17.0
149 -1.0 -1.0 4.0 270.0 40.0
150 -1.0 -1.0 8.0 238.0 19.0
151 -1.0 -1.0 6.0 271.0 26.0
152 -1.0 -1.0 20.0 213.0 64.0
153 -1.0 -1.0 8.0 222.0 54.0
154 -1.0 -1.0 13.0 372.0 24.0
155 -1.0 -1.0 5.0 33.0 80.0
156 -1.0 -1.0 13.0 297.0 87.0
157 -1.0 -1.0 19.0 259.0 85.0
158 -1.0 -1.0 12.0 244.0 30.0
159 -1.0 -1.0 6.0 339.0 58.0
160 -1.0 -1.0 11.0 347.0 17.0
161 -1.0 -1.0 13.0 176.0 63.0
162 -1.0 -1.0 5.0 105.0 16.0
163 -1.0 -1.0 10.0 230.0 32.0
164 -1.0 -1.0 16.0 185.0 50.0
165 -1.0 -1.0 17.0 206.0 26.0
166 -1.0 -1.0 13.0 91.0 93.0
167 -1.0 -1.0 5.0 155.0 69.0
168 -1.0 -1.0 12.0 116.0 40.0
169 -1.0 -1.0 5.0 274.0 75.0
170 -1.0 -1.0 20.0 167.0 78.0
171 -1.0 -1.0 4.0 189.0 99.0
172 -1.0 -1.0 10.0 271.0 43.0
173 -1.0 -1.0 11.0 205.0 72.0
174 -1.0 -1.0 11.0 323.0 68.0
175 -1.0 -1.0 15.0 302.0 96.0
176 -1.0 -1.0 20.0 200.0 44.0
177 -1.0 -1.0 9.0 85.0 96.0
178 -1.0 -1.0 11.0 81.0 16.0
179 -1.0 -1.0 19.0 40.0 98.0
180 -1.0 -1.0 16.0 378.0 23.0
181 -1.0 -1.0 13.0 305.0 42.0
182 -1.0 -1.0 20.0 118.0 69.0
183 -1.0 -1.0 17.0 86.0 65.0
184 -1.0 -1.0 8.0 60.0 31.0
185 -1.0 -1.0 12.0 202.0 52.0
186 -1.0 -1.0 5.0 229.0 79.0
187 -1.0 -1.0 14.0 66.0 52.0
188 -1.0 -1.0 6.0 246.0 25.0
189 -1.0 -1.0 19.0 181.0 47.0
190 -1.0 -1.0 14.0 292.0 59.0
191 -1.0 -1.0 17.0 160.0 31.0
192 -1.0 -1.0 7.0 27.0 26.0
193 -1.0 -1.0 9.0 105.0 24.0
194 -1.0 -1.0 4.0 315.0 44.0
195 -1.0 -1.0 17.0 272.0 72.0
196 -1.0 -1.0 9.0 162.0 38.0
197 -1.0 -1.0 13.0 75.0 79.0
198 -1.0 -1.0 7.0 47.0 76.0
199 -1.0 -1.0 12.0 33.0 84.0
200 -1.0 -1.0 15.0 155.0 52.0
201 -1.0 -1.0 6.0 29.0 42.0
202 -1.0 -1.0 15.0 289.0 72.0
203 -1.0 -1.0 14.0 400.0 67.0
204 -1.0 -1.0 8.0 237.0 47.0
205 -1.0 -1.0 11.0 343.0 90.0
206 -1.0 -1.0 7.0 242.0 90.0
207 -1.0 -1.0 10.0 24.0 44.0
208 -1.0 -1.0 10.0 181.0 29.0
209 -1.0 -1.0 7.0 294.0 18.0
210 -1.0 -1.0 6.0 106.0 45.0
211 -1.0 -1.0 10.0 77.0 53.0
212 -1.0 -1.0 11.0 262.0 92.0
213 -1.0 -1.0 15.0 219.0 35.0
214 -1.0 -1.0 20.0 209.0 69.0
215 -1.0 -1.0 5.0 84.0 24.0
216 -1.0 -1.0 18.0 151.0 88.0
217 -1.0 -1.0 17.0 244.0 81.0
218 -1.0 -1.0 17.0 206.0 32.0
219 -1.0 -1.0 20.0 263.0 71.0
220 -1.0 -1.0 11.0 63.0 65.0
221 -1.0 -1.0 18.0 313.0 49.0
222 -1.0 -1.0 10.0 265.0 41.0
223 -1.0 -1.0 15.0 236.0 87.0
224 -1.0 -1.0 5.0 321.0 30.0
225 -1.0 -1.0 17.0 199.0 74.0
226 -1.0 -1.0 6.0 128.0 47.0
227 -1.0 -1.0 13.0 139.0 96.0
228 -1.0 -1.0 16.0 266.0 31.0
229 -1.0 -1.0 10.0 96.0 79.0
230 -1.0 -1.0 11.0 157.0 46.0
231 -1.0 -1.0 9.0 119.0 56.0
232 -1.0 -1.0 12.0 87.0 86.0
233 -1.0 -1.0 15.0 64.0 45.0
234 -1.0 -1.0 17.0 99.0 45.0
235 -1.0 -1.0 13.0 87.0 49.0
236 -1.0 -1.0 14.0 355.0 19.0
237 -1.0 -1.0 14.0 303.0 94.0
238 -1.0 -1.0 7.0 238.0 15.0
239 -1.0 -1.0 5.0 103.0 35.0
240 -1.0 -1.0 19.0 131.0 35.0
241 -1.0 -1.0 9.0 108.0 16.0
242 -1.0 -1.0 9.0 346.0 80.0
243 -1.0 -1.0 4.0 382.0 32.0
244 -1.0 -1.0 17.0 185.0 17.0
245 -1.0 -1.0 14.0 105.0 48.0
246 -1.0 -1.0 19.0 106.0 81.0
247 -1.0 -1.0 14.0 367.0 73.0
248 -1.0 -1.0 14.0 347.0 59.0
249 -1.0 -1.0 6.0 283.0 90.0
250 -1.0 -1.0 12.0 292.0 31.0
251 -1.0 -1.0 20.0 220.0 100.0
252 -1.0 -1.0 11.0 356.0 66.0
253 -1.0 -1.0 20.0 203.0 27.0
254 -1.0 -1.0 12.0 118.0 57.0
255 -1.0 -1.0 19.0 385.0 16.0
256 -1.0 -1.0 8.0 172.0 60.0
257 -1.0 -1.0 18.0 121.0 80.0
258 -1.0 -1.0 7.0 261.0 96.0
259 -1.0 -1.0 7.0 227.0 69.0
260 -1.0 -1.0 6.0 108.0 91.0
261 -1.0 -1.0 10.0 309.0 79.0
262 -1.0 -1.0 15.0 313.0 84.0
263 -1.0 -1.0 14.0 35.0 100.0
264 -1.0 -1.0 18.0 389.0 43.0
265 -1.0 -1.0 13.0 67.0 73.0
266 -1.0 -1.0 4.0 208.0 73.0
267 -1.0 -1.0 11.0 117.0 92.0
268 -1.0 -1.0 12.0 37.0 17.0
269 -1.0 -1.0 9.0 32.0 68.0
270 -1.0 -1.0 17.0 284.0 88.0
271 -1.0 -1.0 12.0 294.0 99.0
272 -1.0 -1.0 16.0 108.0 15.0
273 -1.0 -1.0 12.0 111.0 57.0
274 -1.0 -1.0 7.0 366.0 60.0
275 -1.0 -1.0 16.0 142.0 94.0
276 -1.0 -1.0 16.0 75.0 15.0
277 -1.0 -1.0 15.0 63.0 62.0
278 -1.0 -1.0 20.0 197.0 34.0
279 -1.0 -1.0 12.0 261.0 85.0
280 -1.0 -1.0 15.0 147.0 22.0
281 -1.0 -1.0 15.0 246.0 18.0
282 -1.0 -1.0 20.0 129.0 81.0
283 -1.0 -1.0 4.0 274.0 76.0
284 -1.0 -1.0 19.0 145.0 26.0
285 -1.0 -1.0 7.0 254.0 58.0
286 -1.0 -1.0 18.0 373.0 37.0
287 -1.0 -1.0 6.0 319.0 63.0
288 -1.0 -1.0 15.0 295.0 31.0
289 -1.0 -1.0 8.0 252.0 24.0
290 -1.0 -1.0 13.0 287.0 56.0
291 -1.0 -1.0 11.0 153.0 31.0
292 -1.0 -1.0 9.0 100.0 18.0
293 -1.0 -1.0 5.0 290.0 38.0
294 -1.0 -1.0 4.0 324.0 57.0
295 -1.0 -1.0 11.0 231.0 67.0
296 -1.0 -1.0 11.0 101.0 24.0
297 -1.0 -1.0 8.0 359.0 44.0
298 -1.0 -1.0 18.0 219.0 23.0
299 -1.0 -1.0 4.0 255.0 63.0
300 -1.0 -1.0 8.0 400.0 87.0
301 -1.0 -1.0 7.0 80.0 27.0
302 -1.0 -1.0 12.0 273.0 67.0
303 -1.0 -1.0 17.0 131.0 47.0
304 -1.0 -1.0 19.0 17.0 39.0
305 -1.0 -1.0 20.0 162.0 28.0
306 -1.0 -1.0 9.0 388.0 59.0
307 -1.0 -1.0 11.0 144.0 30.0
308 -1.0 -1.0 15.0 117.0 28.0
309 -1.0 -1.0 11.0 51.0 42.0
310 -1.0 -1.0 11.0 24.0 62.0
311 -1.0 -1.0 16.0 374.0 68.0
312 -1.0 -1.0 9.0 390.0 52.0
313 -1.0 -1.0 20.0 187.0 81.0
314 -1.0 -1.0 9.0 191.0 30.0
315 -1.0 -1.0 6.0 281.0 81.0
316 -1.0 -1.0 4.0 80.0 21.0
317 -1.0 -1.0 20.0 305.0 25.0
318 -1.0 -1.0 16.0 198.0 67.0
319 -1.0 -1.0 9.0 302.0 20.0
320 -1.0 -1.0 17.0 92.0 43.0
321 -1.0 -1.0 12.0 111.0 43.0
322 -1.0 -1.0 9.0 274.0 48.0
323 -1.0 -1.0 20.0 317.0 38.0
324 -1.0 -1.0 16.0 116.0 29.0
325 -1.0 -1.0 14.0 157.0 78.0
326 -1.0 -1.0 7.0 168.0 65.0
327 -1.0 -1.0 9.0 315.0 74.0
328 -1.0 -1.0 17.0 75.0 67.0
329 -1.0 -1.0 18.0 284.0 83.0
330 -1.0 -1.0 14.0 100.0 24.0
331 -1.0 -1.0 7.0 164.0 94.0
332 -1.0 -1.0 8.0 211.0 77.0
333 -1.0 -1.0 20.0 239.0 31.0
334 -1.0 -1.0 10.0 337.0 68.0
335 -1.0 -1.0 9.0 113.0 28.0
336 -1.0 -1.0 15.0 29.0 48.0
337 -1.0 -1.0 18.0 127.0 27.0
338 -1.0 -1.0 20.0 138.0 68.0
339 -1.0 -1.0 10.0 21.0 49.0
340 -1.0 -1.0 5.0 278.0 100.0
341 -1.0 -1.0 13.0 69.0 18.0
342 -1.0 -1.0 4.0 272.0 90.0
343 -1.0 -1.0 10.0 55.0 61.0
344 -1.0 -1.0 19.0 248.0 90.0
345 -1.0 -1.0 6.0 34.0 78.0
346 -1.0 -1.0 16.0 387.0 54.0
347 -1.0 -1.0 7.0 387.0 63.0
348 -1.0 -1.0 20.0 288.0 65.0
349 -1.0 -1.0 10.0 314.0 38.0
350 -1.0 -1.0 5.0 151.0 87.0
351 -1.0 -1.0 17.0 256.0 57.0
352 -1.0 -1.0 11.0 44.0 29.0
353 -1.0 -1.0 19.0 356.0 71.0
354 -1.0 -1.0 4.0 23.0 76.0
355 -1.0 -1.0 15.0 193.0 82.0
356 -1.0 -1.0 11.0 36.0 56.0
357 -1.0 -1.0 18.0 131.0 41.0
358 -1.0 -1.0 9.0 363.0 69.0
359 -1.0 -1.0 15.0 345.0 42.0
360 -1.0 -1.0 11.0 334.0 47.0
361 -1.0 -1.0 20.0 139.0 97.0
362 -1.0 -1.0 15.0 100.0 20.0
363 -1.0 -1.0 8.0 97.0 74.0
364 -1.0 -1.0 8.0 332.0 87.0
365 -1.0 -1.0 13.0 332.0 88.0
366 -1.0 -1.0 7.0 289.0 90.0
367 -1.0 -1.0 5.0 289.0 47.0
368 -1.0 -1.0 19.0 209.0 55.0
369 -1.0 -1.0 17.0 271.0 16.0
370 -1.0 -1.0 6.0 166.0 22.0
371 -1.0 -1.0 15.0 218.0 97.0
372 -1.0 -1.0 18.0 19.0 48.0
373 -1.0 -1.0 6.0 74.0 65.0
374 -1.0 -1.0 16.0 171.0 77.0
375 -1.0 -1.0 19.0 109.0 58.0
376 -1.0 -1.0 8.0 63.0 15.0
377 -1.0 -1.0 9.0 108.0 74.0
378 -1.0 -1.0 10.0 298.0 63.0
379 -1.0 -1.0 13.0 81.0 32.0
380 -1.0 -1.0 19.0 329.0 53.0
381 -1.0 -1.0 14.0 44.0 74.0
382 -1.0 -1.0 5.0 248.0 39.0
383 -1.0 -1.0 18.0 278.0 24.0
384 -1.0 -1.0 13.0 115.0 36.0
385 -1.0 -1.0 18.0 312.0 95.0
386 -1.0 -1.0 5.0 396.0 98.0
387 -1.0 -1.0 19.0 125.0 97.0
388 -1.0 -1.0 18.0 30.0 35.0
389 -1.0 -1.0 13.0 305.0 29.0
390 -1.0 -1.0 9.0 377.0 59.0
391 -1.0 -1.0 7.0 158.0 29.0
392 -1.0 -1.0 16.0 346.0 38.0
393 -1.0 -1.0 8.0 201.0 84.0
394 -1.0 -1.0 5.0 188.0 39.0
395 -1.0 -1.0 9.0 41.0 24.0
396 -1.0 -1.0 13.0 365.0 56.0
397 -1.0 -1.0 20.0 326.0 60.0
398 -1.0 -1.0 10.0 306.0 45.0
399 -1.0 -1.0 17.0 159.0 82.0
400 -1.0 -1.0 6.0 137.0 20.0
401 -1.0 -1.0 6.0 316.0 44.0
402 -1.0 -1.0 13.0 300.0 49.0
403 -1.0 -1.0 17.0 311.0 28.0
404 -1.0 -1.0 14.0 249.0 47.0
405 -1.0 -1.0 20.0 310.0 36.0
406 -1.0 -1.0 20.0 362.0 35.0
407 -1.0 -1.0 6.0 256.0 86.0
408 -1.0 -1.0 10.0 339.0 38.0
409 -1.0 -1.0 13.0 65.0 84.0
410 -1.0 -1.0 6.0 90.0 73.0
411 -1.0 -1.0 13.0 397.0 70.0
412 -1.0 -1.0 4.0 71.0 21.0
413 -1.0 -1.0 7.0 69.0 46.0
414 -1.0 -1.0 7.0 22.0 95.0
415 -1.0 -1.0 11.0 371.0 29.0
416 -1.0 -1.0 11.0 137.0 69.0
417 -1.0 -1.0 14.0 287.0 19.0
418 -1.0 -1.0 12.0 225.0 83.0
419 -1.0 -1.0 5.0 162.0 63.0
420 -1.0 -1.0 13.0 235.0 79.0
421 -1.0 -1.0 10.0 284.0 53.0
422 -1.0 -1.0 16.0 132.0 63.0
423 -1.0 -1.0 6.0 89.0 96.0
424 -1.0 -1.0 14.0 241.0 45.0
425 -1.0 -1.0 7.0 37.0 62.0
426 -1.0 -1.0 17.0 137.0 87.0
427 -1.0 -1.0 12.0 201.0 49.0
428 -1.0 -1.0 20.0 313.0 40.0
429 -1.0 -1.0 8.0 343.0 80.0
430 -1.0 -1.0 5.0 196.0 87.0
431 -1.0 -1.0 14.0 381.0 91.0
432 -1.0 -1.0 18.0 112.0 17.0
433 -1.0 -1.0 6.0 340.0 70.0
434 -1.0 -1.0 19.0 279.0 61.0
435 -1.0 -1.0 10.0 356.0 36.0
436 -1.0 -1.0 9.0 299.0 25.0
437 -1.0 -1.0 17.0 381.0 81.0
438 -1.0 -1.0 4.0 263.0 76.0
439 -1.0 -1.0 12.0 366.0 28.0
440 -1.0 -1.0 7.0 135.0 44.0
441 -1.0 -1.0 4.0 342.0 98.0
442 -1.0 -1.0 18.0 264.0 52.0
443 -1.0 -1.0 17.0 191.0 69.0
444 -1.0 -1.0 18.0 161.0 72.0
445 -1.0 -1.0 10.0 322.0 98.0
446 -1.0 -1.0 4.0 295.0 53.0
447 -1.0 -1.0 5.0 227.0 92.0
448 -1.0 -1.0 13.0 237.0 42.0
449 -1.0 -1.0 14.0 117.0 15.0
450 -1.0 -1.0 20.0 198.0 79.0
451 -1.0 -1.0 19.0 374.0 60.0
452 -1.0 -1.0 19.0 124.0 24.0
453 -1.0 -1.0 8.0 366.0 57.0
454 -1.0 -1.0 4.0 339.0 16.0
455 -1.0 -1.0 20.0 319.0 81.0
456 -1.0 -1.0 8.0 358.0 22.0
457 -1.0 -1.0 12.0 284.0 79.0
458 -1.0 -1.0 8.0 376.0 80.0
459 -1.0 -1.0 10.0 264.0 50.0
460 -1.0 -1.0 17.0 331.0 16.0
461 -1.0 -1.0 7.0 205.0 26.0
462 -1.0 -1.0 10.0 56.0 78.0
463 -1.0 -1.0 5.0 339.0 86.0
464 -1.0 -1.0 19.0 368.0 52.0
465 -1.0 -1.0 16.0 303.0 63.0
466 -1.0 -1.0 9.0 246.0 72.0
467 -1.0 -1.0 10.0 276.0 88.0
468 -1.0 -1.0 18.0 354.0 78.0
469 -1.0 -1.0 4.0 312.0 84.0
470 -1.0 -1.0 20.0 283.0 22.0
471 -1.0 -1.0 9.0 349.0 51.0
472 -1.0 -1.0 17.0 84.0 43.0
473 -1.0 -1.0 8.0 351.0 83.0
474 -1.0 -1.0 7.0 334.0 90.0
475 -1.0 -1.0 11.0 334.0 81.0
476 -1.0 -1.0 7.0 81.0 88.0
477 -1.0 -1.0 14.0 254.0 28.0
478 -1.0 -1.0 18.0 101.0 84.0
479 -1.0 -1.0 19.0 178.0 15.0
480 -1.0 -1.0 5.0 199.0 36.0
481 -1.0 -1.0 4.0 160.0 21.0
482 -1.0 -1.0 16.0 167.0 67.0
483 -1.0 -1.0 13.0 149.0 99.0
484 -1.0 -1.0 11.0 197.0 93.0
485 -1.0 -1.0 13.0 327.0 47.0
486 -1.0 -1.0 13.0 212.0 100.0
487 -1.0 -1.0 19.0 119.0 87.0
488 -1.0 -1.0 18.0 292.0 16.0
489 -1.0 -1.0 13.0 209.0 74.0
490 -1.0 -1.0 9.0 356.0 64.0
491 -1.0 -1.0 9.0 378.0 79.0
492 -1.0 -1.0 6.0 247.0 62.0
493 -1.0 -1.0 13.0 95.0 57.0
494 -1.0 -1.0 20.0 152.0 20.0
495 -1.0 -1.0 19.0 324.0 44.0
496 -1.0 -1.0 18.0 317.0 17.0
497 -1.0 -1.0 18.0 247.0 31.0
498 -1.0 -1.0 5.0 138.0 54.0
499 -1.0 -1.0 9.0 115.0 75.0
500 -1.0 -1.0 18.0 360.0 44.0
501 -1.0 -1.0 5.0 261.0 33.0
502 -1.0 -1.0 7.0 251.0 97.0
503 -1.0 -1.0 15.0 77.0 61.0
504 -1.0 -1.0 4.0 159.0 70.0
505 -1.0 -1.0 19.0 379.0 56.0
506 -1.0 -1.0 19.0 189.0 23.0
507 -1.0 -1.0 12.0 36.0 39.0
508 -1.0 -1.0 14.0 225.0 99.0
509 -1.0 -1.0 18.0 185.0 85.0
510 -1.0 -1.0 13.0 324.0 72.0
511 -1.0 -1.0 8.0 243.0 54.0
512 -1.0 -1.0 9.0 189.0 55.0
513 -1.0 -1.0 11.0 232.0 64.0
514 -1.0 -1.0 11.0 58.0 53.0
515 -1.0 -1.0 17.0 120.0 26.0
516 -1.0 -1.0 13.0 327.0 67.0
517 -1.0 -1.0 8.0 244.0 35.0
518 -1.0 -1.0 11.0 75.0 43.0
519 -1.0 -1.0 14.0 335.0 73.0
520 -1.0 -1.0 10.0 150.0 97.0
521 -1.0 -1.0 6.0 157.0 85.0
522 -1.0 -1.0 20.0 238.0 76.0
523 -1.0 -1.0 12.0 394.0 17.0
524 -1.0 -1.0 14.0 264.0 33.0
525 -1.0 -1.0 18.0 27.0 51.0
526 -1.0 -1.0 16.0 152.0 48.0
527 -1.0 -1.0 5.0 322.0 46.0
528 -1.0 -1.0 6.0 209.0 55.0
529 -1.0 -1.0 14.0 398.0 94.0
530 -1.0 -1.0 11.0 41.0 23.0
531 -1.0 -1.0 11.0 249.0 79.0
532 -1.0 -1.0 4.0 215.0 39.0
533 -1.0 -1.0 7.0 217.0 41.0
534 -1.0 -1.0 6.0 205.0 100.0
535 -1.0 -1.0 17.0 247.0 34.0
536 -1.0 -1.0 5.0 99.0 58.0
537 -1.0 -1.0 10.0 279.0 23.0
538 -1.0 -1.0 15.0 306.0 56.0
539 -1.0 -1.0 20.0 367.0 50.0
540 -1.0 -1.0 5.0 138.0 76.0
541 -1.0 -1.0 5.0 254.0 62.0
542 -1.0 -1.0 7.0 336.0 29.0
543 -1.0 -1.0 17.0 393.0 49.0
544 -1.0 -1.0 7.0 26.0 74.0
545 -1.0 -1.0 14.0 301.0 74.0
546 -1.0 -1.0 20.0 365.0 44.0
547 -1.0 -1.0 20.0 77.0 36.0
548 -1.0 -1.0 18.0 38.0 43.0
549 -1.0 -1.0 12.0 24.0 60.0
550 -1.0 -1.0 5.0 113.0 30.0
551 -1.0 -1.0 7.0 179.0 67.0
552 -1.0 -1.0 15.0 352.0 90.0
553 -1.0 -1.0 11.0 320.0 40.0
554 -1.0 -1.0 17.0 395.0 50.0
555 -1.0 -1.0 19.0 275.0 99.0
556 -1.0 -1.0 8.0 69.0 99.0
557 -1.0 -1.0 15.0 41.0 21.0
558 -1.0 -1.0 4.0 209.0 70.0
559 -1.0 -1.0 7.0 273.0 63.0
560 -1.0 -1.0 16.0 175.0 31.0
561 -1.0 -1.0 7.0 199.0 97.0
562 -1.0 -1.0 19.0 293.0 55.0
563 -1.0 -1.0 17.0 142.0 33.0
564 -1.0 -1.0 16.0 177.0 72.0
565 -1.0 -1.0 13.0 332.0 39.0
566 -1.0 -1.0 11.0 62.0 63.0
567 -1.0 -1.0 12.0 151.0 28.0
568 -1.0 -1.0 13.0 228.0 36.0
569 -1.0 -1.0 17.0 186.0 80.0
570 -1.0 -1.0 18.0 215.0 54.0
571 -1.0 -1.0 5.0 360.0 95.0
572 -1.0 -1.0 20.0 318.0 81.0
573 -1.0 -1.0 5.0 394.0 62.0
574 -1.0 -1.0 15.0 67.0 51.0
575 -1.0 -1.0 9.0 44.0 81.0
576 -1.0 -1.0 10.0 256.0 16.0
577 -1.0 -1.0 14.0 370.0 91.0
578 -1.0 -1.0 16.0 354.0 35.0
579 -1.0 -1.0 12.0 233.0 28.0
580 -1.0 -1.0 4.0 341.0 51.0
581 -1.0 -1.0 18.0 52.0 46.0
582 -1.0 -1.0 8.0 338.0 99.0
583 -1.0 -1.0 18.0 346.0 57.0
584 -1.0 -1.0 15.0 347.0 38.0
585 -1.0 -1.0 14.0 187.0 16.0
586 -1.0 -1.0 13.0 211.0 65.0
587 -1.0 -1.0 8.0 134.0 66.0
588 -1.0 -1.0 10.0 141.0 90.0
589 -1.0 -1.0 8.0 213.0 76.0
590 -1.0 -1.0 14.0 345.0 52.0
591 -1.0 -1.0 15.0 152.0 33.0
592 -1.0 -1.0 13.0 200.0 29.0
593 -1.0 -1.0 5.0 89.0 34.0
594 -1.0 -1.0 17.0 277.0 51.0
595 -1.0 -1.0 19.0 304.0 32.0
596 -1.0 -1.0 9.0 225.0 59.0
597 -1.0 -1.0 8.0 169.0 60.0
598 -1.0 -1.0 4.0 18.0 41.0
599 -1.0 -1.0 19.0 175.0 32.0
600 -1.0 -1.0 18.0 148.0 52.0
601 -1.0 -1.0 4.0 110.0 20.0
602 -1.0 -1.0 6.0 193.0 65.0
603 -1.0 -1.0 14.0 141.0 71.0
604 -1.0 -1.0 18.0 288.0 50.0
605 -1.0 -1.0 20.0 271.0 80.0
606 -1.0 -1.0 16.0 19.0 54.0
607 -1.0 -1.0 4.0 163.0 18.0
608 -1.0 -1.0 19.0 74.0 50.0
609 -1.0 -1.0 11.0 57.0 76.0
610 -1.0 -1.0 8.0 306.0 53.0
611 -1.0 -1.0 13.0 55.0 17.0
612 -1.0 -1.0 16.0 392.0 32.0
613 -1.0 -1.0 9.0 87.0 70.0
614 -1.0 -1.0 14.0 400.0 60.0
615 -1.0 -1.0 20.0 120.0 83.0
616 -1.0 -1.0 13.0 375.0 95.0
617 -1.0 -1.0 8.0 157.0 78.0
618 -1.0 -1.0 15.0 325.0 74.0
619 -1.0 -1.0 11.0 153.0 87.0
620 -1.0 -1.0 10.0 37.0 65.0
621 -1.0 -1.0 16.0 116.0 87.0
622 -1.0 -1.0 18.0 84.0 71.0
623 -1.0 -1.0 5.0 38.0 62.0
624 -1.0 -1.0 5.0 332.0 64.0
625 -1.0 -1.0 14.0 195.0 100.0
626 -1.0 -1.0 14.0 184.0 33.0
627 -1.0 -1.0 8.0 72.0 36.0
628 -1.0 -1.0 16.0 352.0 65.0
629 -1.0 -1.0 8.0 226.0 95.0
630 -1.0 -1.0 9.0 46.0 76.0
631 -1.0 -1.0 9.0 93.0 82.0
632 -1.0 -1.0 7.0 66.0 19.0
633 -1.0 -1.0 14.0 366.0 43.0
634 -1.0 -1.0 17.0 182.0 42.0
635 -1.0 -1.0 10.0 290.0 52.0
636 -1.0 -1.0 6.0 248.0 60.0
637 -1.0 -1.0 19.0 56.0 38.0
638 -1.0 -1.0 14.0 135.0 59.0
639 -1.0 -1.0 12.0 310.0 29.0
640 -1.0 -1.0 15.0 69.0 85.0
641 -1.0 -1.0 11.0 17.0 99.0
642 -1.0 -1.0 4.0 134.0 56.0
643 -1.0 -1.0 18.0 223.0 44.0
644 -1.0 -1.0 5.0 311.0 86.0
645 -1.0 -1.0 12.0 138.0 69.0
646 -1.0 -1.0 15.0 190.0 67.0
647 -1.0 -1.0 12.0 296.0 64.0
648 -1.0 -1.0 15.0 82.0 49.0
649 -1.0 -1.0 15.0 272.0 65.0
650 -1.0 -1.0 16.0 79.0 67.0
651 -1.0 -1.0 10.0 249.0 65.0
652 -1.0 -1.0 7.0 147.0 79.0
653 -1.0 -1.0 10.0 125.0 56.0
654 -1.0 -1.0 11.0 179.0 66.0
655 -1.0 -1.0 17.0 84.0 80.0
656 -1.0 -1.0 16.0 198.0 86.0
657 -1.0 -1.0 13.0 208.0 21.0
658 -1.0 -1.0 4.0 348.0 47.0
659 -1.0 -1.0 7.0 38.0 81.0
660 -1.0 -1.0 20.0 51.0 81.0
661 -1.0 -1.0 19.0 247.0 36.0
662 -1.0 -1.0 19.0 55.0 19.0
663 -1.0 -1.0 7.0 113.0 39.0
664 -1.0 -1.0 10.0 285.0 85.0
665 -1.0 -1.0 13.0 134.0 77.0
666 -1.0 -1.0 18.0 18.0 55.0
667 -1.0 -1.0 4.0 207.0 34.0
668 -1.0 -1.0 20.0 229.0 80.0
669 -1.0 -1.0 20.0 177.0 61.0
670 -1.0 -1.0 4.0 254.0 48.0
671 -1.0 -1.0 13.0 111.0 57.0
672 -1.0 -1.0 15.0 26.0 59.0
673 -1.0 -1.0 16.0 390.0 26.0
674 -1.0 -1.0 5.0 375.0 69.0
675 -1.0 -1.0 12.0 34.0 36.0
676 -1.0 -1.0 12.0 360.0 72.0
677 -1.0 -1.0 13.0 285.0 94.0
678 -1.0 -1.0 15.0 361.0 81.0
679 -1.0 -1.0 4.0 390.0 25.0
680 -1.0 -1.0 11.0 332.0 82.0
681 -1.0 -1.0 4.0 283.0 77.0
682 -1.0 -1.0 15.0 22.0 76.0
683 -1.0 -1.0 5.0 310.0 90.0
684 -1.0 -1.0 6.0 337.0 45.0
685 -1.0 -1.0 11.0 65.0 59.0
686 -1.0 -1.0 16.0 341.0 25.0
687 -1.0 -1.0 17.0 312.0 33.0
688 -1.0 -1.0 4.0 351.0 69.0
689 -1.0 -1.0 10.0 363.0 87.0
690 -1.0 -1.0 19.0 44.0 94.0
691 -1.0 -1.0 13.0 212.0 18.0
692 -1.0 -1.0 15.0 60.0 34.0
693 -1.0 -1.0 17.0 149.0 37.0
694 -1.0 -1.0 15.0 210.0 77.0
695 -1.0 -1.0 9.0 215.0 23.0
696 -1.0 -1.0 19.0 233.0 94.0
697 -1.0 -1.0 8.0 136.0 27.0
698 -1.0 -1.0 8.0 399.0 73.0
699 -1.0 -1.0 8.0 362.0 48.0
700 -1.0 -1.0 8.0 82.0 78.0
701 -1.0 -1.0 4.0 254.0 96.0
702 -1.0 -1.0 13.0 207.0 53.0
703 -1.0 -1.0 8.0 316.0 61.0
704 -1.0 -1.0 12.0 210.0 73.0
705 -1.0 -1.0 14.0 28.0 26.0
706 -1.0 -1.0 11.0 41.0 34.0
707 -1.0 -1.0 11.0 144.0 22.0
708 -1.0 -1.0 9.0 333.0 53.0
709 -1.0 -1.0 16.0 121.0 33.0
710 -1.0 -1.0 10.0 115.0 39.0
711 -1.0 -1.0 6.0 281.0 37.0
712 -1.0 -1.0 10.0 396.0 45.0
713 -1.0 -1.0 12.0 209.0 79.0
714 -1.0 -1.0 17.0 210.0 69.0
715 -1.0 -1.0 9.0 142.0 97.0
716 -1.0 -1.0 11.0 193.0 16.0
717 -1.0 -1.0 12.0 185.0 15.0
718 -1.0 -1.0 5.0 362.0 69.0
719 -1.0 -1.0 12.0 350.0 36.0
720 -1.0 -1.0 4.0 254.0 53.0
721 -1.0 -1.0 12.0 347.0 59.0
722 -1.0 -1.0 7.0 185.0 64.0
723 -1.0 -1.0 18.0 147.0 22.0
724 -1.0 -1.0 5.0 264.0 82.0
725 -1.0 -1.0 16.0 337.0 99.0
922
0 24 8
0 1 10
1 2 11
2 25 9
3 4 6
4 27 7
4 5 11
5 28 9
5 6 7
6 29 5
6 7 10
7 30 6
7 8 9
8 9 5
9 10 5
10 11 8
12 32 10
12 13 5
13 33 6
14 34 12
15 36 7
15 16 10
16 37 6
17 18 9
18 38 7
19 40 6
20 21 5
21 42 5
22 23 9
23 45 12
24 46 12
25 48 11
25 26 8
26 49 10
27 28 5
28 50 9
28 29 11
29 51 5
29 30 12
30 52 9
31 55 10
31 32 8
32 56 12
32 33 8
33 57 10
34 58 11
34 35 7
35 59 5
35 36 5
36 60 8
36 37 11
37 61 12
38 63 5
38 39 9
39 64 8
39 40 12
40 65 12
40 41 10
41 66 5
42 43 10
43 44 9
44 67 12
45 69 8
46 70 9
46 47 5
47 71 8
47 48 9
48 72 8
48 49 10
49 73 7
50 75 6
50 51 5
51 76 5
51 52 6
52 53 6
54 78 11
55 79 9
55 56 8
56 57 9
58 59 11
59 81 11
59 60 5
60 82 6
60 61 8
61 83 12
62 85 8
62 63 8
63 86 12
63 64 7
64 87 11
64 65 10
65 88 12
65 66 7
67 92 8
67 68 6
68 93 10
68 69 8
69 94 9
70 71 6
71 95 9
71 72 8
72 96 7
72 73 7
73 97 10
74 99 10
74 75 9
75 76 8
77 101 11
77 78 11
78 102 10
79 103 8
80 106 9
81 108 11
81 82 10
82 109 5
82 83 9
83 110 9
83 84 6
84 111 11
84 85 5
85 112 8
85 86 12
86 87 12
87 113 9
87 88 6
89 90 8
90 91 7
91 92 11
92 93 7
93 115 8
93 94 8
95 117 10
95 96 7
96 118 11
96 97 10
97 119 9
97 98 11
98 99 5
99 120 7
100 101 5
101 124 11
101 102 6
102 125 12
103 127 7
103 104 7
104 128 9
104 105 9
105 106 12
106 107 7
107 129 5
107 108 8
108 130 7
108 109 12
109 110 10
110 131 6
110 111 12
111 112 10
113 132 6
114 134 7
115 138 10
116 140 9
116 117 6
117 141 6
117 118 12
118 119 5
119 142 8
120 121 10
121 144 8
121 122 8
122 123 6
123 145 12
124 146 8
124 125 9
125 147 9
125 126 5
126 148 10
126 127 7
127 128 5
129 151 12
129 130 9
130 152 7
132 155 6
132 133 11
133 134 9
134 135 5
136 157 6
136 137 9
137 138 5
138 158 6
138 139 10
140 159 11
140 141 5
141 160 8
142 161 9
142 143 11
146 165 6
146 147 5
147 148 12
148 166 6
149 168 7
149 150 12
150 151 8
151 169 9
151 152 8
153 172 12
153 154 8
154 173 12
156 176 7
156 157 7
157 177 8
158 178 11
159 160 9
160 180 8
161 182 5
162 184 9
163 186 9
164 165 11
165 188 8
166 190 12
167 192 12
167 168 8
169 194 5
170 196 8
170 171 7
171 197 10
171 172 10
172 173 9
173 198 6
174 201 7
175 203 8
175 176 12
176 204 5
176 177 11
178 205 6
178 179 7
179 206 11
180 207 5
180 181 8
181 208 6
181 182 9
182 209 7
182 183 8
183 210 10
183 184 11
184 211 5
184 185 11
185 186 10
186 212 8
186 187 8
187 213 9
188 189 12
189 215 5
189 190 9
190 191 12
191 192 9
193 194 12
194 217 6
194 195 5
195 196 7
196 218 6
196 197 12
198 219 8
198 199 8
199 200 6
200 220 9
200 201 5
201 202 7
202 221 10
202 203 11
203 222 11
203 204 8
205 224 5
205 206 6
206 225 11
207 227 10
207 208 11
208 228 6
208 209 5
209 229 5
209 210 5
210 211 11
211 230 10
212 231 12
212 213 11
213 214 12
214 232 8
215 233 9
216 237 9
217 239 7
218 240 10
219 241 8
220 242 10
221 244 8
221 222 5
223 246 12
223 224 11
224 247 11
224 225 6
225 248 12
226 249 8
226 227 11
227 250 5
227 228 5
228 229 8
231 251 8
232 252 7
233 254 9
233 234 6
234 255 6
234 235 11
235 256 9
235 236 10
236 257 8
236 237 9
237 258 12
237 238 11
238 239 12
239 259 5
240 261 7
241 263 11
242 243 12
243 244 6
244 265 9
245 266 10
246 268 7
246 247 8
247 248 5
248 269 5
249 250 9
250 270 11
251 272 11
252 273 8
252 253 12
253 274 6
253 254 8
254 255 9
255 275 5
255 256 10
256 276 7
256 257 6
257 277 6
257 258 5
258 278 8
259 280 10
259 260 6
260 261 10
261 262 10
263 264 10
264 282 10
266 286 9
266 267 10
267 287 10
267 268 7
269 289 9
270 271 10
271 291 9
272 295 5
273 296 5
273 274 6
275 298 9
275 276 12
276 277 6
277 299 7
277 278 12
278 300 9
278 279 12
279 280 9
281 303 10
282 305 6
282 283 6
283 306 9
283 284 7
285 308 10
285 286 7
286 287 10
287 309 6
288 311 5
288 289 11
290 312 10
291 314 11
291 292 12
292 315 5
292 293 10
293 294 9
294 316 11
296 318 10
297 298 10
298 319 7
299 321 9
299 300 8
300 322 7
301 325 11
301 302 12
302 326 11
302 303 12
303 304 5
304 327 6
304 305 5
305 328 11
305 306 8
306 329 9
307 331 5
307 308 9
308 332 7
309 334 12
309 310 8
310 311 9
311 335 6
312 337 8
312 313 11
313 314 5
314 315 12
315 338 9
317 341 10
317 318 5
319 320 7
320 321 10
321 342 8
321 322 8
322 343 11
323 345 7
323 324 6
324 325 9
325 346 11
325 326 8
326 347 7
327 348 12
327 328 10
328 329 7
329 330 5
330 349 12
330 331 12
331 350 9
331 332 5
332 351 9
332 333 9
333 352 9
333 334 8
335 354 7
335 336 11
337 355 6
338 357 11
338 339 5
339 358 11
340 360 5
340 341 12
342 366 11
342 343 5
343 344 12
344 367 9
344 345 11
345 368 9
346 347 11
349 350 9
350 351 8
351 371 10
351 352 6
352 372 10
353 354 5
354 374 10
355 356 12
356 376 10
357 377 12
357 358 7
358 378 9
359 380 9
359 360 6
361 382 5
361 362 5
362 363 5
363 383 10
363 364 10
364 384 10
364 365 10
365 366 5
366 385 5
367 368 5
368 387 8
368 369 7
370 391 6
371 372 7
372 393 12
372 373 9
374 394 9
374 375 9
375 395 5
376 396 9
377 378 10
378 397 11
378 379 8
379 398 12
379 380 6
381 399 9
381 382 10
383 401 7
383 384 6
384 402 9
385 403 11
385 386 5
386 404 8
387 406 6
388 408 7
388 389 8
389 409 6
390 391 8
391 411 9
392 412 7
394 395 8
395 415 10
397 418 9
397 398 12
398 419 6
399 421 7
400 401 5
401 402 5
402 423 5
403 404 5
404 425 11
404 405 6
405 426 7
405 406 5
406 427 8
407 428 7
407 408 12
408 429 12
408 409 10
409 430 11
409 410 7
411 432 5
412 413 6
413 434 7
414 436 11
416 440 6
416 417 8
417 418 11
418 419 5
419 441 7
419 420 12
420 442 12
421 443 11
421 422 11
423 445 12
423 424 11
424 446 6
425 426 5
426 448 10
426 427 7
427 449 12
428 451 5
428 429 9
429 452 7
429 430 9
430 453 6
431 455 10
431 432 11
432 433 10
433 456 11
434 458 10
435 460 6
435 436 12
436 437 11
437 461 6
438 463 7
438 439 10
439 464 8
439 440 10
440 465 12
441 467 11
441 442 6
444 468 5
444 445 7
445 446 12
446 469 12
446 447 8
448 471 10
448 449 7
449 472 12
449 450 7
450 451 10
451 473 5
451 452 7
452 474 8
452 453 10
453 475 6
453 454 8
454 455 6
455 476 5
456 457 12
457 458 11
458 478 9
458 459 11
459 479 5
459 460 6
461 480 5
461 462 5
463 464 8
464 481 10
464 465 12
465 482 11
465 466 6
467 484 9
468 489 9
469 490 5
470 491 6
470 471 5
471 492 7
471 472 7
473 493 6
473 474 6
474 475 9
476 495 10
476 477 5
477 496 9
478 499 11
478 479 8
479 500 7
481 482 6
483 504 8
483 484 8
484 505 9
484 485 10
485 506 9
485 486 10
486 487 5
487 507 5
488 489 6
489 509 11
491 511 10
491 492 12
492 512 11
494 495 5
495 496 9
496 515 7
496 497 10
497 498 5
498 516 8
498 499 10
499 500 6
500 517 11
500 501 12
502 521 6
503 504 12
504 524 8
504 505 5
505 506 9
507 508 11
508 526 9
509 527 7
509 510 7
510 528 11
511 530 12
511 512 8
512 531 11
513 533 8
514 535 11
515 538 5
516 540 10
517 542 11
518 544 6
518 519 8
519 520 9
520 545 9
521 546 7
521 522 11
522 547 11
522 523 8
524 549 6
525 552 12
527 528 12
528 554 6
528 529 6
530 556 9
530 531 11
531 532 8
532 557 5
532 533 12
533 558 12
533 534 11
534 559 11
534 535 6
535 560 11
536 562 7
536 537 7
537 563 11
537 538 8
538 564 11
538 539 11
539 540 11
540 565 6
540 541 9
541 566 7
541 542 6
542 567 5
542 543 5
543 568 10
543 544 8
544 569 9
546 570 7
546 547 10
547 571 8
548 573 5
548 549 10
549 550 7
550 574 10
550 551 8
551 552 6
552 575 10
553 577 6
554 579 11
555 556 10
557 581 7
557 558 9
558 582 8
558 559 8
559 560 6
560 583 10
560 561 10
561 562 8
562 584 9
562 563 9
563 564 12
565 585 9
565 566 8
566 567 11
567 568 5
568 569 11
569 586 5
570 571 12
571 589 6
571 572 11
572 590 5
572 573 11
573 591 5
574 592 8
575 594 8
576 595 11
576 577 10
577 596 9
577 578 9
578 597 5
578 579 5
579 598 12
580 600 8
580 581 6
581 582 6
584 603 12
586 608 11
586 587 5
587 609 8
587 588 8
589 611 12
589 590 9
590 591 11
591 612 10
592 613 12
592 593 8
593 614 10
593 594 5
594 615 7
595 596 11
596 617 8
596 597 11
597 618 9
597 598 11
599 620 5
600 621 7
601 623 9
602 625 6
602 603 9
603 626 6
603 604 12
604 627 10
604 605 8
605 628 7
606 631 8
606 607 7
607 632 8
607 608 9
608 633 12
608 609 10
609 634 7
610 611 6
611 636 7
612 638 6
613 639 6
613 614 5
614 640 11
614 615 12
615 641 12
615 616 12
616 642 10
617 643 10
617 618 10
618 644 10
619 620 10
620 646 12
622 623 9
623 624 8
624 648 10
624 625 6
625 649 5
625 626 7
626 650 12
626 627 8
627 651 6
627 628 9
628 652 11
628 629 10
629 630 6
630 653 9
631 632 6
632 633 6
633 655 6
633 634 9
634 635 9
635 656 12
636 658 8
636 637 12
637 659 6
637 638 11
638 660 7
639 640 9
640 641 8
641 662 8
641 642 12
643 664 8
643 644 10
644 645 11
645 665 8
646 667 9
647 670 7
648 649 11
649 673 11
649 650 9
650 674 9
650 651 9
651 652 8
653 654 8
654 676 8
655 677 8
656 679 11
657 680 8
657 658 9
658 681 11
658 659 9
659 682 9
659 660 8
660 683 8
660 661 7
661 684 12
663 664 8
664 688 12
665 689 7
665 666 8
666 690 5
666 667 9
667 691 7
667 668 10
668 669 9
669 692 9
669 670 5
670 693 11
670 671 7
671 672 12
673 695 6
673 674 10
674 696 6
675 699 11
677 703 11
677 678 6
678 704 5
678 679 12
679 705 8
680 681 5
681 706 6
681 682 11
682 707 11
682 683 6
683 708 10
683 684 5
684 709 12
684 685 5
685 710 11
685 686 5
686 711 5
687 713 7
688 714 9
689 715 7
689 690 7
690 691 9
691 716 9
692 717 11
692 693 12
693 718 8
694 695 6
695 719 7
695 696 5
696 720 6
696 697 9
697 698 5
698 721 5
698 699 10
699 722 12
699 700 7
701 702 12
702 723 8
702 703 7
703 724 9
703 704 5
704 705 7
705 725 6
706 707 10
707 708 5
708 709 10
709 710 12
710 711 8
711 712 9
712 713 6
717 718 5
719 720 5
721 722 5
723 724 12
10 0.05 0.05 0.05
