726
0 -1.0 -1.0 5.0 104.0 89.0
1 -1.0 -1.0 12.0 83.0 20.0
2 -1.0 -1.0 12.0 241.0 40.0
3 -1.0 -1.0 4.0 293.0 43.0
4 -1.0 -1.0 9.0 318.0 72.0
5 -1.0 -1.0 15.0 182.0 73.0
6 -1.0 -1.0 19.0 271.0 26.0
7 -1.0 -1.0 5.0 198.0 51.0
8 -1.0 -1.0 12.0 207.0 26.0
9 -1.0 -1.0 13.0 214.0 82.0
10 -1.0 -1.0 11.0 385.0 25.0
11 -1.0 -1.0 8.0 148.0 81.0
12 -1.0 -1.0 18.0 267.0 15.0
13 -1.0 -1.0 11.0 18.0 67.0
14 -1.0 -1.0 4.0 192.0 62.0
15 -1.0 -1.0 16.0 221.0 53.0
16 -1.0 -1.0 5.0 15.0 85.0
17 -1.0 -1.0 7.0 281.0 50.0
18 -1.0 -1.0 12.0 223.0 43.0
19 -1.0 -1.0 17.0 105.0 25.0
20 -1.0 -1.0 14.0 66.0 83.0
21 -1.0 -1.0 19.0 27.0 64.0
22 -1.0 -1.0 5.0 331.0 42.0
23 -1.0 -1.0 16.0 130.0 32.0
24 -1.0 -1.0 4.0 270.0 27.0
25 -1.0 -1.0 14.0 244.0 18.0
26 -1.0 -1.0 13.0 245.0 49.0
27 -1.0 -1.0 19.0 257.0 58.0
28 -1.0 -1.0 8.0 194.0 90.0
29 -1.0 -1.0 7.0 259.0 42.0
30 -1.0 -1.0 7.0 189.0 39.0
31 -1.0 -1.0 10.0 60.0 16.0
32 -1.0 -1.0 4.0 340.0 81.0
33 -1.0 -1.0 20.0 150.0 41.0
34 -1.0 -1.0 6.0 297.0 27.0
35 -1.0 -1.0 10.0 316.0 62.0
36 -1.0 -1.0 10.0 291.0 64.0
37 -1.0 -1.0 9.0 317.0 88.0
38 -1.0 -1.0 15.0 340.0 68.0
39 -1.0 -1.0 4.0 362.0 69.0
40 -1.0 -1.0 16.0 295.0 50.0
41 -1.0 -1.0 17.0 259.0 63.0
42 -1.0 -1.0 19.0 240.0 37.0
43 -1.0 -1.0 13.0 113.0 46.0
44 -1.0 -1.0 6.0 283.0 78.0
45 -1.0 -1.0 15.0 242.0 36.0
46 -1.0 -1.0 11.0 47.0 17.0
47 -1.0 -1.0 10.0 136.0 96.0
48 -1.0 -1.0 20.0 228.0 53.0
49 -1.0 -1.0 8.0 316.0 19.0
50 -1.0 -1.0 5.0 25.0 23.0
51 -1.0 -1.0 19.0 348.0 89.0
52 -1.0 -1.0 7.0 103.0 74.0
53 -1.0 -1.0 10.0 144.0 40.0
54 -1.0 -1.0 18.0 80.0 84.0
55 -1.0 -1.0 5.0 331.0 52.0
56 -1.0 -1.0 10.0 249.0 30.0
57 -1.0 -1.0 15.0 330.0 27.0
58 -1.0 -1.0 19.0 334.0 81.0
59 -1.0 -1.0 9.0 390.0 19.0
60 -1.0 -1.0 8.0 257.0 34.0
61 -1.0 -1.0 12.0 201.0 95.0
62 -1.0 -1.0 19.0 355.0 70.0
63 -1.0 -1.0 8.0 163.0 84.0
64 -1.0 -1.0 5.0 129.0 99.0
65 -1.0 -1.0 11.0 268.0 86.0
66 -1.0 -1.0 8.0 96.0 69.0
67 -1.0 -1.0 18.0 322.0 69.0
68 -1.0 -1.0 15.0 124.0 41.0
69 -1.0 -1.0 7.0 370.0 22.0
70 -1.0 -1.0 15.0 81.0 45.0
71 -1.0 -1.0 16.0 213.0 95.0
72 -1.0 -1.0 7.0 34.0 88.0
73 -1.0 -1.0 19.0 349.0 41.0
74 -1.0 -1.0 15.0 239.0 90.0
75 -1.0 -1.0 20.0 375.0 43.0
76 -1.0 -1.0 16.0 324.0 40.0
77 -1.0 -1.0 9.0 320.0 59.0
78 -1.0 -1.0 6.0 360.0 97.0
79 -1.0 -1.0 4.0 349.0 20.0
80 -1.0 -1.0 14.0 349.0 82.0
81 -1.0 -1.0 17.0 176.0 38.0
82 -1.0 -1.0 17.0 370.0 89.0
83 -1.0 -1.0 13.0 148.0 48.0
84 -1.0 -1.0 11.0 77.0 74.0
85 -1.0 -1.0 5.0 239.0 40.0
86 -1.0 -1.0 15.0 274.0 100.0
87 -1.0 -1.0 9.0 338.0 80.0
88 -1.0 -1.0 14.0 270.0 64.0
89 -1.0 -1.0 9.0 377.0 95.0
90 -1.0 -1.0 16.0 398.0 74.0
91 -1.0 -1.0 14.0 36.0 47.0
92 -1.0 -1.0 15.0 36.0 64.0
93 -1.0 -1.0 5.0 326.0 72.0
94 -1.0 -1.0 18.0 363.0 20.0
95 -1.0 -1.0 20.0 225.0 17.0
96 -1.0 -1.0 18.0 22.0 27.0
97 -1.0 -1.0 8.0 320.0 43.0
98 -1.0 -1.0 6.0 239.0 84.0
99 -1.0 -1.0 12.0 356.0 56.0
100 -1.0 -1.0 15.0 344.0 79.0
101 -1.0 -1.0 15.0 358.0 46.0
102 -1.0 -1.0 9.0 127.0 40.0
103 -1.0 -1.0 5.0 311.0 37.0
104 -1.0 -1.0 17.0 266.0 39.0
105 -1.0 -1.0 19.0 121.0 29.0
106 -1.0 -1.0 10.0 286.0 16.0
107 -1.0 -1.0 12.0 229.0 83.0
108 -1.0 -1.0 16.0 218.0 23.0
109 -1.0 -1.0 16.0 201.0 92.0
110 -1.0 -1.0 13.0 359.0 36.0
111 -1.0 -1.0 9.0 316.0 71.0
112 -1.0 -1.0 5.0 107.0 43.0
113 -1.0 -1.0 10.0 103.0 44.0
114 -1.0 -1.0 10.0 51.0 70.0
115 -1.0 -1.0 14.0 188.0 71.0
116 -1.0 -1.0 9.0 204.0 23.0
117 -1.0 -1.0 4.0 306.0 57.0
118 -1.0 -1.0 12.0 101.0 84.0
119 -1.0 -1.0 7.0 253.0 89.0
120 -1.0 -1.0 20.0 57.0 26.0
121 -1.0 -1.0 16.0 100.0 29.0
122 -1.0 -1.0 9.0 121.0 84.0
123 -1.0 -1.0 5.0 296.0 57.0
124 -1.0 -1.0 10.0 374.0 92.0
125 -1.0 -1.0 7.0 297.0 62.0
126 -1.0 -1.0 17.0 97.0 51.0
127 -1.0 -1.0 4.0 103.0 32.0
128 -1.0 -1.0 13.0 288.0 52.0
129 -1.0 -1.0 13.0 295.0 92.0
130 -1.0 -1.0 6.0 233.0 98.0
131 -1.0 -1.0 6.0 184.0 27.0
132 -1.0 -1.0 11.0 121.0 48.0
133 -1.0 -1.0 12.0 281.0 60.0
134 -1.0 -1.0 11.0 305.0 71.0
135 -1.0 -1.0 18.0 259.0 75.0
136 -1.0 -1.0 16.0 261.0 84.0
137 -1.0 -1.0 15.0 338.0 67.0
138 -1.0 -1.0 12.0 94.0 91.0
139 -1.0 -1.0 9.0 315.0 33.0
140 -1.0 -1.0 16.0 281.0 88.0
141 -1.0 -1.0 11.0 183.0 99.0
142 -1.0 -1.0 19.0 139.0 25.0
143 -1.0 -1.0 8.0 334.0 20.0
144 -1.0 -1.0 6.0 227.0 33.0
145 -1.0 -1.0 10.0 224.0 91.0
146 -1.0 -1.0 17.0 331.0 33.0
147 -1.0 -1.0 15.0 124.0 34.0
148 -1.0 -1.0 16.0 258.0 21.0
149 -1.0 -1.0 11.0 342.0 37.0
150 -1.0 -1.0 10.0 131.0 75.0
151 -1.0 -1.0 16.0 377.0 57.0
152 -1.0 -1.0 8.0 168.0 67.0
153 -1.0 -1.0 20.0 367.0 62.0
154 -1.0 -1.0 8.0 338.0 32.0
155 -1.0 -1.0 19.0 209.0 22.0
156 -1.0 -1.0 9.0 105.0 43.0
157 -1.0 -1.0 10.0 155.0 48.0
158 -1.0 -1.0 20.0 198.0 50.0
159 -1.0 -1.0 14.0 134.0 64.0
160 -1.0 -1.0 15.0 179.0 58.0
161 -1.0 -1.0 10.0 327.0 18.0
162 -1.0 -1.0 4.0 247.0 33.0
163 -1.0 -1.0 6.0 320.0 41.0
164 -1.0 -1.0 6.0 187.0 91.0
165 -1.0 -1.0 12.0 292.0 65.0
166 -1.0 -1.0 13.0 31.0 74.0
167 -1.0 -1.0 18.0 399.0 43.0
168 -1.0 -1.0 7.0 224.0 84.0
169 -1.0 -1.0 11.0 242.0 18.0
170 -1.0 -1.0 14.0 326.0 50.0
171 -1.0 -1.0 6.0 162.0 36.0
172 -1.0 -1.0 8.0 129.0 37.0
173 -1.0 -1.0 17.0 271.0 92.0
174 -1.0 -1.0 12.0 384.0 29.0
175 -1.0 -1.0 11.0 289.0 88.0
176 -1.0 -1.0 14.0 221.0 53.0
177 -1.0 -1.0 8.0 327.0 92.0
178 -1.0 -1.0 12.0 98.0 86.0
179 -1.0 -1.0 14.0 49.0 25.0
180 -1.0 -1.0 5.0 78.0 25.0
181 -1.0 -1.0 17.0 218.0 73.0
182 -1.0 -1.0 6.0 42.0 47.0
183 -1.0 -1.0 11.0 128.0 53.0
184 -1.0 -1.0 14.0 263.0 42.0
185 -1.0 -1.0 16.0 387.0 49.0
186 -1.0 -1.0 14.0 354.0 57.0
187 -1.0 -1.0 14.0 271.0 96.0
188 -1.0 -1.0 20.0 182.0 20.0
189 -1.0 -1.0 4.0 202.0 70.0
190 -1.0 -1.0 13.0 29.0 44.0
191 -1.0 -1.0 8.0 300.0 16.0
192 -1.0 -1.0 5.0 300.0 51.0
193 -1.0 -1.0 11.0 33.0 72.0
194 -1.0 -1.0 17.0 210.0 19.0
195 -1.0 -1.0 6.0 140.0 91.0
196 -1.0 -1.0 5.0 75.0 88.0
197 -1.0 -1.0 13.0 175.0 23.0
198 -1.0 -1.0 11.0 270.0 27.0
199 -1.0 -1.0 8.0 280.0 19.0
200 -1.0 -1.0 20.0 183.0 54.0
201 -1.0 -1.0 5.0 26.0 69.0
202 -1.0 -1.0 14.0 260.0 90.0
203 -1.0 -1.0 14.0 296.0 50.0
204 -1.0 -1.0 7.0 33.0 90.0
205 -1.0 -1.0 20.0 383.0 42.0
206 -1.0 -1.0 18.0 293.0 37.0
207 -1.0 -1.0 9.0 259.0 31.0
208 -1.0 -1.0 15.0 140.0 81.0
209 -1.0 -1.0 11.0 271.0 35.0
210 -1.0 -1.0 6.0 16.0 40.0
211 -1.0 -1.0 8.0 123.0 99.0
212 -1.0 -1.0 11.0 347.0 55.0
213 -1.0 -1.0 17.0 113.0 79.0
214 -1.0 -1.0 15.0 350.0 25.0
215 -1.0 -1.0 19.0 138.0 100.0
216 -1.0 -1.0 20.0 214.0 43.0
217 -1.0 -1.0 17.0 48.0 21.0
218 -1.0 -1.0 6.0 142.0 56.0
219 -1.0 -1.0 10.0 174.0 16.0
220 -1.0 -1.0 4.0 67.0 84.0
221 -1.0 -1.0 17.0 133.0 74.0
222 -1.0 -1.0 5.0 394.0 19.0
223 -1.0 -1.0 13.0 245.0 65.0
224 -1.0 -1.0 7.0 131.0 81.0
225 -1.0 -1.0 15.0 281.0 99.0
226 -1.0 -1.0 13.0 345.0 36.0
227 -1.0 -1.0 12.0 333.0 62.0
228 -1.0 -1.0 5.0 215.0 92.0
229 -1.0 -1.0 9.0 308.0 77.0
230 -1.0 -1.0 9.0 179.0 61.0
231 -1.0 -1.0 18.0 191.0 80.0
232 -1.0 -1.0 19.0 110.0 98.0
233 -1.0 -1.0 11.0 318.0 71.0
234 -1.0 -1.0 10.0 314.0 83.0
235 -1.0 -1.0 4.0 114.0 15.0
236 -1.0 -1.0 5.0 202.0 60.0
237 -1.0 -1.0 5.0 317.0 25.0
238 -1.0 -1.0 4.0 270.0 79.0
239 -1.0 -1.0 9.0 299.0 96.0
240 -1.0 -1.0 11.0 313.0 66.0
241 -1.0 -1.0 7.0 337.0 89.0
242 -1.0 -1.0 4.0 357.0 94.0
243 -1.0 -1.0 15.0 341.0 44.0
244 -1.0 -1.0 17.0 361.0 89.0
245 -1.0 -1.0 7.0 287.0 93.0
246 -1.0 -1.0 19.0 237.0 66.0
247 -1.0 -1.0 17.0 395.0 74.0
248 -1.0 -1.0 20.0 75.0 88.0
249 -1.0 -1.0 8.0 182.0 100.0
250 -1.0 -1.0 10.0 370.0 54.0
251 -1.0 -1.0 16.0 169.0 15.0
252 -1.0 -1.0 8.0 325.0 99.0
253 -1.0 -1.0 11.0 301.0 59.0
254 -1.0 -1.0 13.0 238.0 90.0
255 -1.0 -1.0 4.0 335.0 85.0
256 -1.0 -1.0 16.0 168.0 19.0
257 -1.0 -1.0 5.0 188.0 57.0
258 -1.0 -1.0 8.0 165.0 31.0
259 -1.0 -1.0 12.0 151.0 73.0
260 -1.0 -1.0 8.0 35.0 30.0
261 -1.0 -1.0 4.0 76.0 75.0
262 -1.0 -1.0 15.0 117.0 90.0
263 -1.0 -1.0 15.0 113.0 28.0
264 -1.0 -1.0 11.0 124.0 45.0
265 -1.0 -1.0 9.0 53.0 16.0
266 -1.0 -1.0 8.0 122.0 30.0
267 -1.0 -1.0 13.0 26.0 56.0
268 -1.0 -1.0 7.0 326.0 87.0
269 -1.0 -1.0 11.0 67.0 62.0
270 -1.0 -1.0 9.0 18.0 53.0
271 -1.0 -1.0 18.0 62.0 42.0
272 -1.0 -1.0 18.0 265.0 55.0
273 -1.0 -1.0 12.0 316.0 33.0
274 -1.0 -1.0 10.0 247.0 29.0
275 -1.0 -1.0 4.0 38.0 27.0
276 -1.0 -1.0 8.0 268.0 65.0
277 -1.0 -1.0 18.0 329.0 97.0
278 -1.0 -1.0 5.0 74.0 99.0
279 -1.0 -1.0 20.0 156.0 79.0
280 -1.0 -1.0 15.0 305.0 88.0
281 -1.0 -1.0 11.0 269.0 56.0
282 -1.0 -1.0 15.0 196.0 84.0
283 -1.0 -1.0 20.0 351.0 77.0
284 -1.0 -1.0 5.0 17.0 22.0
285 -1.0 -1.0 20.0 357.0 49.0
286 -1.0 -1.0 4.0 109.0 54.0
287 -1.0 -1.0 20.0 387.0 30.0
288 -1.0 -1.0 9.0 270.0 25.0
289 -1.0 -1.0 9.0 51.0 37.0
290 -1.0 -1.0 11.0 31.0 65.0
291 -1.0 -1.0 8.0 121.0 90.0
292 -1.0 -1.0 15.0 75.0 92.0
293 -1.0 -1.0 16.0 219.0 21.0
294 -1.0 -1.0 14.0 319.0 18.0
295 -1.0 -1.0 12.0 390.0 17.0
296 -1.0 -1.0 15.0 154.0 22.0
297 -1.0 -1.0 14.0 65.0 43.0
298 -1.0 -1.0 14.0 174.0 72.0
299 -1.0 -1.0 11.0 348.0 29.0
300 -1.0 -1.0 8.0 306.0 52.0
301 -1.0 -1.0 8.0 110.0 55.0
302 -1.0 -1.0 16.0 236.0 59.0
303 -1.0 -1.0 7.0 251.0 17.0
304 -1.0 -1.0 12.0 394.0 53.0
305 -1.0 -1.0 7.0 190.0 72.0
306 -1.0 -1.0 9.0 48.0 68.0
307 -1.0 -1.0 19.0 231.0 53.0
308 -1.0 -1.0 13.0 394.0 95.0
309 -1.0 -1.0 12.0 330.0 24.0
310 -1.0 -1.0 7.0 31.0 89.0
311 -1.0 -1.0 13.0 301.0 22.0
312 -1.0 -1.0 9.0 311.0 31.0
313 -1.0 -1.0 11.0 116.0 58.0
314 -1.0 -1.0 17.0 104.0 24.0
315 -1.0 -1.0 14.0 382.0 71.0
316 -1.0 -1.0 11.0 16.0 43.0
317 -1.0 -1.0 8.0 153.0 68.0
318 -1.0 -1.0 19.0 297.0 71.0
319 -1.0 -1.0 18.0 59.0 50.0
320 -1.0 -1.0 9.0 311.0 66.0
321 -1.0 -1.0 5.0 220.0 42.0
322 -1.0 -1.0 13.0 395.0 50.0
323 -1.0 -1.0 16.0 22.0 97.0
324 -1.0 -1.0 4.0 188.0 45.0
325 -1.0 -1.0 17.0 368.0 90.0
326 -1.0 -1.0 15.0 45.0 66.0
327 -1.0 -1.0 10.0 205.0 25.0
328 -1.0 -1.0 11.0 382.0 37.0
329 -1.0 -1.0 18.0 215.0 80.0
330 -1.0 -1.0 12.0 322.0 52.0
331 -1.0 -1.0 8.0 222.0 45.0
332 -1.0 -1.0 18.0 97.0 74.0
333 -1.0 -1.0 15.0 139.0 57.0
334 -1.0 -1.0 15.0 80.0 17.0
335 -1.0 -1.0 6.0 186.0 22.0
336 -1.0 -1.0 7.0 155.0 51.0
337 -1.0 -1.0 14.0 222.0 72.0
338 -1.0 -1.0 15.0 111.0 64.0
339 -1.0 -1.0 9.0 159.0 40.0
340 -1.0 -1.0 8.0 366.0 45.0
341 -1.0 -1.0 17.0 177.0 71.0
342 -1.0 -1.0 8.0 162.0 24.0
343 -1.0 -1.0 19.0 299.0 39.0
344 -1.0 -1.0 5.0 352.0 95.0
345 -1.0 -1.0 16.0 89.0 88.0
346 -1.0 -1.0 20.0 345.0 48.0
347 -1.0 -1.0 6.0 123.0 75.0
348 -1.0 -1.0 7.0 329.0 50.0
349 -1.0 -1.0 19.0 262.0 89.0
350 -1.0 -1.0 10.0 364.0 41.0
351 -1.0 -1.0 11.0 382.0 75.0
352 -1.0 -1.0 12.0 85.0 74.0
353 -1.0 -1.0 11.0 398.0 32.0
354 -1.0 -1.0 13.0 258.0 70.0
355 -1.0 -1.0 5.0 185.0 70.0
356 -1.0 -1.0 14.0 179.0 19.0
357 -1.0 -1.0 13.0 128.0 84.0
358 -1.0 -1.0 11.0 285.0 23.0
359 -1.0 -1.0 16.0 167.0 66.0
360 -1.0 -1.0 17.0 155.0 77.0
361 -1.0 -1.0 19.0 166.0 16.0
362 -1.0 -1.0 17.0 379.0 85.0
363 -1.0 -1.0 4.0 288.0 65.0
364 -1.0 -1.0 16.0 51.0 75.0
365 -1.0 -1.0 17.0 240.0 97.0
366 -1.0 -1.0 10.0 83.0 85.0
367 -1.0 -1.0 8.0 396.0 99.0
368 -1.0 -1.0 15.0 64.0 35.0
369 -1.0 -1.0 8.0 35.0 74.0
370 -1.0 -1.0 10.0 248.0 22.0
371 -1.0 -1.0 13.0 355.0 37.0
372 -1.0 -1.0 10.0 201.0 15.0
373 -1.0 -1.0 13.0 132.0 71.0
374 -1.0 -1.0 20.0 261.0 53.0
375 -1.0 -1.0 10.0 331.0 73.0
376 -1.0 -1.0 17.0 184.0 47.0
377 -1.0 -1.0 19.0 320.0 79.0
378 -1.0 -1.0 8.0 93.0 60.0
379 -1.0 -1.0 18.0 203.0 24.0
380 -1.0 -1.0 10.0 124.0 33.0
381 -1.0 -1.0 8.0 152.0 97.0
382 -1.0 -1.0 18.0 158.0 42.0
383 -1.0 -1.0 7.0 24.0 49.0
384 -1.0 -1.0 11.0 270.0 29.0
385 -1.0 -1.0 17.0 333.0 70.0
386 -1.0 -1.0 15.0 131.0 23.0
387 -1.0 -1.0 19.0 271.0 23.0
388 -1.0 -1.0 16.0 226.0 88.0
389 -1.0 -1.0 19.0 162.0 54.0
390 -1.0 -1.0 7.0 197.0 60.0
391 -1.0 -1.0 13.0 351.0 91.0
392 -1.0 -1.0 11.0 353.0 41.0
393 -1.0 -1.0 4.0 97.0 63.0
394 -1.0 -1.0 18.0 212.0 22.0
395 -1.0 -1.0 12.0 364.0 71.0
396 -1.0 -1.0 9.0 294.0 31.0
397 -1.0 -1.0 7.0 136.0 53.0
398 -1.0 -1.0 7.0 343.0 49.0
399 -1.0 -1.0 12.0 319.0 40.0
400 -1.0 -1.0 14.0 105.0 22.0
401 -1.0 -1.0 10.0 299.0 55.0
402 -1.0 -1.0 6.0 132.0 22.0
403 -1.0 -1.0 19.0 63.0 86.0
404 -1.0 -1.0 10.0 163.0 18.0
405 -1.0 -1.0 18.0 373.0 15.0
406 -1.0 -1.0 9.0 68.0 93.0
407 -1.0 -1.0 12.0 298.0 43.0
408 -1.0 -1.0 12.0 231.0 94.0
409 -1.0 -1.0 8.0 230.0 93.0
410 -1.0 -1.0 18.0 234.0 26.0
411 -1.0 -1.0 18.0 259.0 61.0
412 -1.0 -1.0 18.0 212.0 50.0
413 -1.0 -1.0 4.0 158.0 83.0
414 -1.0 -1.0 12.0 362.0 70.0
415 -1.0 -1.0 14.0 81.0 33.0
416 -1.0 -1.0 5.0 247.0 34.0
417 -1.0 -1.0 8.0 263.0 46.0
418 -1.0 -1.0 13.0 339.0 33.0
419 -1.0 -1.0 7.0 220.0 67.0
420 -1.0 -1.0 5.0 107.0 51.0
421 -1.0 -1.0 10.0 118.0 73.0
422 -1.0 -1.0 18.0 131.0 87.0
423 -1.0 -1.0 5.0 299.0 39.0
424 -1.0 -1.0 12.0 44.0 67.0
425 -1.0 -1.0 7.0 123.0 68.0
426 -1.0 -1.0 5.0 58.0 93.0
427 -1.0 -1.0 16.0 179.0 89.0
428 -1.0 -1.0 5.0 84.0 17.0
429 -1.0 -1.0 17.0 188.0 71.0
430 -1.0 -1.0 14.0 380.0 38.0
431 -1.0 -1.0 5.0 83.0 40.0
432 -1.0 -1.0 10.0 187.0 18.0
433 -1.0 -1.0 16.0 206.0 74.0
434 -1.0 -1.0 5.0 391.0 87.0
435 -1.0 -1.0 9.0 186.0 93.0
436 -1.0 -1.0 5.0 113.0 44.0
437 -1.0 -1.0 8.0 389.0 28.0
438 -1.0 -1.0 4.0 285.0 59.0
439 -1.0 -1.0 6.0 283.0 33.0
440 -1.0 -1.0 20.0 289.0 71.0
441 -1.0 -1.0 15.0 228.0 80.0
442 -1.0 -1.0 7.0 41.0 25.0
443 -1.0 -1.0 11.0 20.0 56.0
444 -1.0 -1.0 4.0 30.0 52.0
445 -1.0 -1.0 9.0 76.0 41.0
446 -1.0 -1.0 11.0 153.0 40.0
447 -1.0 -1.0 9.0 62.0 84.0
448 -1.0 -1.0 20.0 277.0 73.0
449 -1.0 -1.0 20.0 191.0 44.0
450 -1.0 -1.0 20.0 245.0 37.0
451 -1.0 -1.0 20.0 107.0 64.0
452 -1.0 -1.0 15.0 318.0 79.0
453 -1.0 -1.0 16.0 55.0 50.0
454 -1.0 -1.0 15.0 363.0 78.0
455 -1.0 -1.0 12.0 141.0 23.0
456 -1.0 -1.0 14.0 97.0 95.0
457 -1.0 -1.0 15.0 351.0 84.0
458 -1.0 -1.0 16.0 155.0 74.0
459 -1.0 -1.0 9.0 251.0 22.0
460 -1.0 -1.0 10.0 315.0 26.0
461 -1.0 -1.0 13.0 47.0 24.0
462 -1.0 -1.0 13.0 97.0 97.0
463 -1.0 -1.0 7.0 77.0 44.0
464 -1.0 -1.0 19.0 138.0 22.0
465 -1.0 -1.0 9.0 284.0 75.0
466 -1.0 -1.0 13.0 206.0 79.0
467 -1.0 -1.0 10.0 338.0 49.0
468 -1.0 -1.0 6.0 82.0 63.0
469 -1.0 -1.0 10.0 90.0 73.0
470 -1.0 -1.0 10.0 19.0 94.0
471 -1.0 -1.0 11.0 31.0 44.0
472 -1.0 -1.0 19.0 47.0 24.0
473 -1.0 -1.0 10.0 262.0 23.0
474 -1.0 -1.0 16.0 331.0 90.0
475 -1.0 -1.0 19.0 213.0 47.0
476 -1.0 -1.0 6.0 81.0 27.0
477 -1.0 -1.0 15.0 259.0 26.0
478 -1.0 -1.0 14.0 250.0 99.0
479 -1.0 -1.0 11.0 253.0 45.0
480 -1.0 -1.0 14.0 189.0 93.0
481 -1.0 -1.0 15.0 368.0 15.0
482 -1.0 -1.0 8.0 254.0 19.0
483 -1.0 -1.0 17.0 77.0 49.0
484 -1.0 -1.0 18.0 146.0 68.0
485 -1.0 -1.0 5.0 360.0 26.0
486 -1.0 -1.0 13.0 395.0 48.0
487 -1.0 -1.0 10.0 15.0 71.0
488 -1.0 -1.0 10.0 262.0 93.0
489 -1.0 -1.0 20.0 190.0 87.0
490 -1.0 -1.0 7.0 238.0 69.0
491 -1.0 -1.0 5.0 303.0 65.0
492 -1.0 -1.0 14.0 173.0 78.0
493 -1.0 -1.0 11.0 134.0 51.0
494 -1.0 -1.0 6.0 47.0 70.0
495 -1.0 -1.0 18.0 143.0 73.0
496 -1.0 -1.0 8.0 94.0 48.0
497 -1.0 -1.0 14.0 128.0 37.0
498 -1.0 -1.0 16.0 85.0 79.0
499 -1.0 -1.0 18.0 233.0 77.0
500 -1.0 -1.0 9.0 300.0 70.0
501 -1.0 -1.0 12.0 157.0 85.0
502 -1.0 -1.0 13.0 158.0 21.0
503 -1.0 -1.0 20.0 364.0 56.0
504 -1.0 -1.0 14.0 154.0 88.0
505 -1.0 -1.0 12.0 284.0 37.0
506 -1.0 -1.0 17.0 140.0 82.0
507 -1.0 -1.0 14.0 96.0 33.0
508 -1.0 -1.0 12.0 264.0 62.0
509 -1.0 -1.0 13.0 30.0 86.0
510 -1.0 -1.0 16.0 85.0 90.0
511 -1.0 -1.0 8.0 143.0 20.0
512 -1.0 -1.0 13.0 172.0 100.0
513 -1.0 -1.0 15.0 147.0 67.0
514 -1.0 -1.0 10.0 335.0 63.0
515 -1.0 -1.0 19.0 202.0 96.0
516 -1.0 -1.0 14.0 32.0 74.0
517 -1.0 -1.0 18.0 144.0 91.0
518 -1.0 -1.0 11.0 257.0 46.0
519 -1.0 -1.0 14.0 191.0 65.0
520 -1.0 -1.0 20.0 304.0 85.0
521 -1.0 -1.0 10.0 199.0 71.0
522 -1.0 -1.0 14.0 347.0 53.0
523 -1.0 -1.0 14.0 358.0 93.0
524 -1.0 -1.0 20.0 87.0 52.0
525 -1.0 -1.0 8.0 373.0 35.0
526 -1.0 -1.0 17.0 387.0 44.0
527 -1.0 -1.0 9.0 259.0 56.0
528 -1.0 -1.0 13.0 296.0 62.0
529 -1.0 -1.0 5.0 325.0 17.0
530 -1.0 -1.0 17.0 220.0 29.0
531 -1.0 -1.0 19.0 118.0 23.0
532 -1.0 -1.0 10.0 70.0 65.0
533 -1.0 -1.0 18.0 18.0 50.0
534 -1.0 -1.0 8.0 353.0 40.0
535 -1.0 -1.0 15.0 331.0 59.0
536 -1.0 -1.0 15.0 54.0 56.0
537 -1.0 -1.0 7.0 234.0 21.0
538 -1.0 -1.0 10.0 166.0 83.0
539 -1.0 -1.0 9.0 138.0 60.0
540 -1.0 -1.0 8.0 153.0 94.0
541 -1.0 -1.0 4.0 394.0 65.0
542 -1.0 -1.0 17.0 172.0 35.0
543 -1.0 -1.0 16.0 386.0 18.0
544 -1.0 -1.0 8.0 82.0 91.0
545 -1.0 -1.0 18.0 96.0 38.0
546 -1.0 -1.0 13.0 138.0 74.0
547 -1.0 -1.0 18.0 169.0 81.0
548 -1.0 -1.0 13.0 167.0 60.0
549 -1.0 -1.0 6.0 39.0 41.0
550 -1.0 -1.0 17.0 160.0 69.0
551 -1.0 -1.0 11.0 270.0 82.0
552 -1.0 -1.0 12.0 297.0 46.0
553 -1.0 -1.0 11.0 86.0 30.0
554 -1.0 -1.0 16.0 291.0 52.0
555 -1.0 -1.0 11.0 213.0 57.0
556 -1.0 -1.0 4.0 379.0 91.0
557 -1.0 -1.0 6.0 394.0 36.0
558 -1.0 -1.0 5.0 110.0 61.0
559 -1.0 -1.0 9.0 385.0 75.0
560 -1.0 -1.0 10.0 377.0 45.0
561 -1.0 -1.0 17.0 393.0 19.0
562 -1.0 -1.0 8.0 218.0 52.0
563 -1.0 -1.0 12.0 118.0 48.0
564 -1.0 -1.0 14.0 79.0 35.0
565 -1.0 -1.0 16.0 29.0 39.0
566 -1.0 -1.0 19.0 193.0 82.0
567 -1.0 -1.0 12.0 315.0 38.0
568 -1.0 -1.0 16.0 251.0 63.0
569 -1.0 -1.0 5.0 98.0 40.0
570 -1.0 -1.0 15.0 350.0 70.0
571 -1.0 -1.0 8.0 42.0 26.0
572 -1.0 -1.0 16.0 105.0 51.0
573 -1.0 -1.0 5.0 349.0 31.0
574 -1.0 -1.0 10.0 72.0 20.0
575 -1.0 -1.0 4.0 156.0 58.0
576 -1.0 -1.0 12.0 145.0 54.0
577 -1.0 -1.0 10.0 142.0 84.0
578 -1.0 -1.0 17.0 257.0 49.0
579 -1.0 -1.0 7.0 306.0 27.0
580 -1.0 -1.0 19.0 190.0 17.0
581 -1.0 -1.0 14.0 393.0 47.0
582 -1.0 -1.0 4.0 213.0 91.0
583 -1.0 -1.0 9.0 301.0 76.0
584 -1.0 -1.0 4.0 273.0 67.0
585 -1.0 -1.0 13.0 91.0 76.0
586 -1.0 -1.0 12.0 212.0 59.0
587 -1.0 -1.0 7.0 195.0 21.0
588 -1.0 -1.0 13.0 174.0 51.0
589 -1.0 -1.0 14.0 118.0 75.0
590 -1.0 -1.0 9.0 54.0 92.0
591 -1.0 -1.0 7.0 378.0 51.0
592 -1.0 -1.0 9.0 118.0 80.0
593 -1.0 -1.0 13.0 49.0 45.0
594 -1.0 -1.0 7.0 48.0 33.0
595 -1.0 -1.0 4.0 245.0 68.0
596 -1.0 -1.0 17.0 288.0 62.0
597 -1.0 -1.0 6.0 153.0 71.0
598 -1.0 -1.0 20.0 353.0 80.0
599 -1.0 -1.0 13.0 153.0 84.0
600 -1.0 -1.0 6.0 366.0 72.0
601 -1.0 -1.0 5.0 173.0 51.0
602 -1.0 -1.0 14.0 148.0 96.0
603 -1.0 -1.0 20.0 273.0 16.0
604 -1.0 -1.0 19.0 175.0 33.0
605 -1.0 -1.0 14.0 324.0 35.0
606 -1.0 -1.0 8.0 88.0 63.0
607 -1.0 -1.0 15.0 328.0 22.0
608 -1.0 -1.0 20.0 100.0 36.0
609 -1.0 -1.0 14.0 132.0 19.0
610 -1.0 -1.0 11.0 190.0 79.0
611 -1.0 -1.0 9.0 246.0 20.0
612 -1.0 -1.0 20.0 23.0 43.0
613 -1.0 -1.0 12.0 222.0 47.0
614 -1.0 -1.0 14.0 43.0 86.0
615 -1.0 -1.0 11.0 285.0 80.0
616 -1.0 -1.0 7.0 112.0 36.0
617 -1.0 -1.0 14.0 312.0 24.0
618 -1.0 -1.0 4.0 176.0 45.0
619 -1.0 -1.0 8.0 341.0 50.0
620 -1.0 -1.0 19.0 163.0 22.0
621 -1.0 -1.0 18.0 100.0 53.0
622 -1.0 -1.0 4.0 16.0 29.0
623 -1.0 -1.0 13.0 268.0 27.0
624 -1.0 -1.0 6.0 178.0 74.0
625 -1.0 -1.0 14.0 66.0 85.0
626 -1.0 -1.0 9.0 18.0 99.0
627 -1.0 -1.0 6.0 244.0 95.0
628 -1.0 -1.0 12.0 19.0 64.0
629 -1.0 -1.0 19.0 302.0 53.0
630 -1.0 -1.0 12.0 370.0 18.0
631 -1.0 -1.0 4.0 398.0 57.0
632 -1.0 -1.0 18.0 307.0 69.0
633 -1.0 -1.0 7.0 173.0 46.0
634 -1.0 -1.0 5.0 85.0 26.0
635 -1.0 -1.0 16.0 49.0 98.0
636 -1.0 -1.0 5.0 203.0 62.0
637 -1.0 -1.0 14.0 189.0 22.0
638 -1.0 -1.0 8.0 281.0 74.0
639 -1.0 -1.0 9.0 64.0 100.0
640 -1.0 -1.0 5.0 47.0 15.0
641 -1.0 -1.0 5.0 56.0 46.0
642 -1.0 -1.0 7.0 127.0 58.0
643 -1.0 -1.0 19.0 83.0 30.0
644 -1.0 -1.0 4.0 185.0 64.0
645 -1.0 -1.0 11.0 18.0 89.0
646 -1.0 -1.0 11.0 276.0 32.0
647 -1.0 -1.0 10.0 34.0 92.0
648 -1.0 -1.0 4.0 265.0 76.0
649 -1.0 -1.0 9.0 299.0 60.0
650 -1.0 -1.0 17.0 88.0 65.0
651 -1.0 -1.0 18.0 19.0 96.0
652 -1.0 -1.0 14.0 32.0 25.0
653 -1.0 -1.0 10.0 326.0 46.0
654 -1.0 -1.0 14.0 39.0 31.0
655 -1.0 -1.0 13.0 287.0 88.0
656 -1.0 -1.0 15.0 136.0 90.0
657 -1.0 -1.0 13.0 229.0 25.0
658 -1.0 -1.0 19.0 171.0 57.0
659 -1.0 -1.0 9.0 63.0 39.0
660 -1.0 -1.0 10.0 350.0 31.0
661 -1.0 -1.0 4.0 210.0 39.0
662 -1.0 -1.0 19.0 299.0 79.0
663 -1.0 -1.0 10.0 265.0 68.0
664 -1.0 -1.0 8.0 174.0 15.0
665 -1.0 -1.0 16.0 162.0 28.0
666 -1.0 -1.0 13.0 82.0 84.0
667 -1.0 -1.0 12.0 181.0 25.0
668 -1.0 -1.0 17.0 202.0 98.0
669 -1.0 -1.0 9.0 38.0 75.0
670 -1.0 -1.0 13.0 232.0 56.0
671 -1.0 -1.0 9.0 313.0 77.0
672 -1.0 -1.0 15.0 154.0 79.0
673 -1.0 -1.0 11.0 150.0 76.0
674 -1.0 -1.0 9.0 97.0 22.0
675 -1.0 -1.0 20.0 38.0 48.0
676 -1.0 -1.0 17.0 169.0 30.0
677 -1.0 -1.0 20.0 169.0 95.0
678 -1.0 -1.0 17.0 110.0 97.0
679 -1.0 -1.0 4.0 120.0 53.0
680 -1.0 -1.0 14.0 396.0 92.0
681 -1.0 -1.0 12.0 43.0 78.0
682 -1.0 -1.0 11.0 281.0 43.0
683 -1.0 -1.0 12.0 75.0 61.0
684 -1.0 -1.0 6.0 47.0 18.0
685 -1.0 -1.0 4.0 135.0 28.0
686 -1.0 -1.0 10.0 289.0 79.0
687 -1.0 -1.0 17.0 231.0 42.0
688 -1.0 -1.0 8.0 150.0 56.0
689 -1.0 -1.0 14.0 284.0 74.0
690 -1.0 -1.0 8.0 211.0 83.0
691 -1.0 -1.0 9.0 112.0 27.0
692 -1.0 -1.0 6.0 396.0 70.0
693 -1.0 -1.0 10.0 310.0 58.0
694 -1.0 -1.0 13.0 77.0 16.0
695 -1.0 -1.0 12.0 121.0 100.0
696 -1.0 -1.0 5.0 331.0 37.0
697 -1.0 -1.0 12.0 224.0 54.0
698 -1.0 -1.0 6.0 39.0 62.0
699 -1.0 -1.0 9.0 232.0 64.0
700 -1.0 -1.0 5.0 67.0 74.0
701 -1.0 -1.0 9.0 267.0 49.0
702 -1.0 -1.0 6.0 236.0 72.0
703 -1.0 -1.0 12.0 164.0 31.0
704 -1.0 -1.0 15.0 228.0 62.0
705 -1.0 -1.0 4.0 155.0 33.0
706 -1.0 -1.0 7.0 256.0 57.0
707 -1.0 -1.0 15.0 127.0 84.0
708 -1.0 -1.0 16.0 109.0 36.0
709 -1.0 -1.0 20.0 352.0 27.0
710 -1.0 -1.0 9.0 159.0 28.0
711 -1.0 -1.0 4.0 218.0 40.0
712 -1.0 -1.0 15.0 382.0 60.0
713 -1.0 -1.0 15.0 398.0 26.0
714 -1.0 -1.0 4.0 149.0 98.0
715 -1.0 -1.0 18.0 323.0 36.0
716 -1.0 -1.0 8.0 153.0 96.0
717 -1.0 -1.0 5.0 221.0 73.0
718 -1.0 -1.0 17.0 194.0 22.0
719 -1.0 -1.0 6.0 275.0 24.0
720 -1.0 -1.0 7.0 88.0 57.0
721 -1.0 -1.0 6.0 142.0 44.0
722 -1.0 -1.0 13.0 74.0 100.0
723 -1.0 -1.0 5.0 113.0 38.0
724 -1.0 -1.0 8.0 168.0 81.0
725 -1.0 -1.0 18.0 371.0 67.0
959
0 20 8
1 22 7
2 24 5
2 3 6
3 25 6
4 27 8
4 5 12
5 28 9
6 30 5
7 32 6
7 8 6
8 33 11
8 9 11
9 34 7
9 10 5
10 35 10
11 37 12
12 38 5
12 13 10
13 14 6
15 41 7
15 16 7
17 43 9
17 18 8
18 19 12
20 21 8
21 22 10
22 23 9
23 45 12
23 24 7
24 46 6
24 25 9
26 27 8
27 47 8
27 28 6
28 48 7
28 29 11
29 49 5
29 30 9
30 31 10
31 50 7
31 32 7
32 51 9
32 33 7
33 52 6
33 34 12
34 53 11
34 35 7
35 54 5
35 36 8
36 55 8
36 37 11
37 56 11
38 57 9
39 40 6
40 60 12
40 41 8
41 61 9
42 43 12
43 62 9
44 63 12
45 67 7
45 46 5
46 68 9
47 71 11
47 48 10
48 72 8
48 49 12
50 51 6
51 74 7
51 52 5
52 75 12
52 53 9
53 76 8
53 54 12
54 77 8
54 55 11
55 56 7
56 78 7
57 80 5
57 58 6
58 81 7
58 59 11
60 83 6
60 61 7
61 84 6
62 87 11
63 64 11
64 89 7
65 66 6
66 91 10
66 67 10
67 68 7
69 92 8
69 70 8
70 71 10
71 93 8
71 72 9
72 94 9
73 96 8
74 97 11
74 75 11
75 98 12
75 76 9
76 99 9
76 77 6
77 100 11
78 79 5
79 80 10
80 102 12
80 81 11
82 83 9
83 84 9
84 104 9
84 85 9
85 105 9
85 86 11
86 87 10
87 88 8
88 106 5
89 109 12
90 110 5
91 112 9
92 116 11
93 94 10
94 118 7
94 95 6
95 96 7
96 119 12
97 98 8
98 120 6
98 99 10
99 121 11
99 100 9
100 122 5
100 101 5
102 124 9
103 126 12
104 129 12
104 105 11
105 130 8
106 132 8
106 107 10
107 133 7
107 108 11
108 134 5
108 109 6
110 135 6
110 111 8
111 136 7
111 112 5
112 113 9
113 137 8
113 114 6
114 138 8
114 115 9
115 139 10
115 116 5
116 140 9
116 117 5
117 141 11
118 143 9
119 145 5
120 121 12
121 148 5
121 122 11
122 149 11
123 124 9
124 125 7
125 152 11
125 126 7
126 153 9
126 127 8
127 154 9
127 128 11
128 129 11
129 155 12
129 130 10
130 156 8
131 132 7
132 133 11
133 158 12
133 134 7
135 160 7
135 136 6
136 161 10
137 162 11
137 138 12
138 163 10
138 139 11
139 140 8
140 164 7
140 141 7
141 142 11
142 143 5
143 165 11
143 144 6
144 166 7
144 145 9
145 167 9
145 146 12
146 168 6
146 147 11
148 149 9
149 169 5
149 150 12
150 170 8
150 151 8
151 171 5
152 172 10
152 153 7
153 154 9
154 173 12
155 174 8
155 156 11
156 175 10
156 157 8
157 176 6
159 178 11
160 179 5
160 161 9
161 180 10
162 182 6
162 163 12
163 183 9
164 184 11
165 186 9
165 166 8
166 187 11
166 167 7
167 188 10
167 168 8
169 190 12
169 170 5
170 191 10
170 171 12
171 192 10
172 194 6
173 195 6
174 175 10
175 197 7
175 176 6
176 198 10
177 178 11
178 202 5
179 180 9
180 181 5
181 203 8
181 182 5
182 204 8
182 183 12
183 205 6
185 208 9
185 186 7
186 209 5
186 187 6
187 210 12
187 188 11
189 212 8
190 214 7
190 191 6
191 215 9
191 192 6
192 216 9
192 193 11
194 218 10
195 196 10
197 198 10
198 220 7
198 199 12
199 200 9
200 201 12
201 221 8
202 223 6
203 226 12
203 204 11
204 227 12
204 205 8
205 228 10
205 206 10
206 229 11
207 231 8
207 208 9
208 232 9
208 209 10
209 233 7
209 210 10
210 234 11
211 236 11
211 212 5
212 237 10
212 213 10
214 238 8
214 215 7
215 239 9
215 216 5
217 241 12
217 218 8
218 242 8
218 219 8
219 243 10
220 247 10
221 249 12
221 222 12
222 223 9
223 250 8
224 225 10
225 251 12
225 226 10
226 252 10
226 227 5
227 253 10
227 228 6
228 254 10
228 229 10
229 255 11
229 230 8
230 231 12
231 256 5
231 232 6
232 233 12
233 234 11
234 257 10
234 235 9
235 258 6
235 236 10
236 259 9
236 237 8
237 260 7
238 239 10
240 261 8
240 241 9
241 242 11
242 262 11
242 243 6
243 263 9
243 244 5
245 264 12
245 246 10
246 265 12
246 247 12
247 266 8
248 249 5
251 268 5
251 252 6
252 269 5
252 253 8
253 270 10
253 254 7
254 271 11
254 255 6
257 274 8
257 258 5
258 275 9
258 259 12
259 276 10
259 260 6
262 263 5
264 281 8
264 265 7
265 282 9
265 266 8
266 267 8
267 283 12
268 269 12
269 270 12
270 271 7
271 285 5
272 287 10
273 289 6
274 275 8
275 291 5
275 276 10
276 292 8
277 278 12
278 293 7
279 294 5
280 296 6
281 282 12
282 299 8
283 300 6
284 302 10
285 307 6
285 286 7
286 308 12
286 287 10
287 309 9
287 288 12
288 310 8
288 289 12
289 311 11
289 290 5
290 312 10
291 314 8
291 292 6
293 316 7
294 318 5
294 295 12
295 296 9
296 319 11
296 297 12
297 320 10
298 322 10
300 326 5
301 328 9
301 302 5
302 303 12
303 329 7
304 330 7
304 305 11
305 331 8
305 306 9
306 332 9
307 334 7
307 308 11
308 335 9
308 309 8
309 310 9
310 336 10
310 311 10
311 337 12
311 312 10
312 338 10
312 313 9
313 339 8
313 314 7
314 340 12
315 343 5
315 316 7
317 318 9
318 344 7
319 320 5
320 321 7
321 346 6
321 322 10
322 323 11
323 347 11
323 324 6
325 348 9
325 326 8
326 349 11
326 327 11
327 328 11
328 350 5
330 352 7
330 331 7
331 332 8
332 333 6
333 353 7
333 334 10
334 354 5
334 335 11
335 355 9
336 357 9
336 337 9
337 338 8
338 339 7
339 340 11
340 358 8
340 341 5
341 359 8
341 342 6
342 343 6
343 360 5
344 345 8
345 362 9
346 363 8
347 365 12
348 368 8
348 349 9
350 351 7
351 370 8
352 372 11
353 354 6
354 374 9
354 355 12
355 356 5
356 357 9
357 375 11
358 378 12
358 359 6
359 379 6
361 382 7
362 384 9
363 386 8
363 364 9
364 387 12
364 365 11
365 388 5
365 366 8
366 389 10
366 367 10
367 368 5
368 390 6
369 392 8
370 371 12
372 394 12
372 373 5
373 395 9
374 397 12
376 400 6
376 377 10
377 401 6
377 378 12
378 379 11
379 402 10
380 404 11
380 381 8
381 405 7
381 382 10
382 406 5
382 383 7
383 407 8
383 384 5
384 408 6
384 385 11
386 387 9
387 388 12
388 389 10
390 410 8
390 391 12
391 411 6
391 392 9
392 393 6
393 412 8
394 395 12
395 414 5
395 396 5
396 415 12
397 417 6
398 419 5
399 421 9
399 400 6
400 422 5
400 401 12
402 423 8
403 425 9
403 404 11
404 426 5
404 405 6
405 427 11
405 406 7
406 428 9
406 407 12
407 429 7
407 408 7
409 433 8
409 410 5
410 411 12
411 434 9
412 435 8
413 436 10
414 438 5
414 415 7
415 439 6
415 416 11
416 440 5
416 417 10
417 441 10
417 418 5
418 442 7
418 419 11
419 443 8
419 420 7
420 444 11
420 421 10
421 445 10
421 422 6
422 446 5
423 449 6
423 424 11
424 425 9
425 426 10
426 450 10
426 427 5
427 428 6
428 429 9
430 452 8
431 455 5
431 432 10
432 456 10
432 433 11
433 457 12
435 459 11
436 461 7
437 462 11
437 438 5
438 439 11
439 440 11
440 463 6
440 441 7
441 464 6
441 442 10
442 443 5
443 444 6
444 465 10
444 445 9
445 466 7
445 446 5
446 447 9
447 448 8
448 467 7
448 449 7
449 468 12
451 472 10
451 452 12
452 473 12
452 453 5
453 474 12
454 476 10
454 455 6
455 477 8
455 456 9
456 457 10
458 459 10
459 480 10
459 460 7
460 461 11
462 481 5
463 464 8
464 482 7
465 484 12
465 466 10
466 485 10
467 486 10
467 468 6
468 487 12
468 469 12
469 470 12
470 488 5
471 491 8
471 472 8
472 473 11
473 474 7
474 475 11
475 476 7
476 492 6
476 477 12
478 495 11
478 479 11
480 496 9
482 500 11
483 502 11
483 484 5
484 503 12
484 485 8
485 504 9
486 506 12
486 487 8
487 507 9
488 489 12
489 508 9
490 510 7
490 491 10
491 511 12
492 515 7
493 517 7
493 494 9
494 518 10
494 495 9
495 519 8
496 522 9
496 497 7
497 498 11
499 525 11
500 501 5
501 502 10
502 526 8
502 503 5
503 504 10
504 527 9
505 506 7
506 507 11
507 529 5
508 531 11
508 509 5
509 510 10
510 511 12
511 532 6
512 534 12
512 513 10
513 514 9
514 535 11
514 515 12
515 516 9
516 536 11
516 517 8
517 518 5
518 519 8
519 520 11
520 521 8
521 537 9
521 522 10
522 538 5
523 524 6
524 541 12
524 525 6
525 542 7
527 528 12
528 546 5
529 548 6
529 530 9
530 549 7
531 551 7
532 553 5
532 533 5
533 554 5
533 534 11
534 555 11
536 557 12
537 562 8
537 538 5
538 563 11
538 539 6
539 564 8
539 540 12
541 565 12
541 542 12
542 543 7
543 544 5
544 566 11
545 569 11
546 547 6
547 571 8
548 549 10
549 573 9
549 550 10
550 574 6
550 551 5
551 575 6
552 577 8
552 553 6
553 578 12
553 554 8
554 579 10
554 555 9
555 580 8
556 582 6
556 557 11
557 558 6
558 559 7
559 583 11
559 560 8
560 561 10
561 562 8
562 584 8
562 563 5
563 585 5
563 564 10
564 586 5
565 589 8
566 591 6
566 567 5
567 592 11
567 568 7
568 593 6
568 569 6
569 594 8
569 570 7
570 595 12
571 596 12
571 572 7
572 597 5
573 574 5
574 575 12
575 576 9
576 599 7
576 577 6
577 600 6
577 578 12
578 601 12
578 579 8
579 602 6
579 580 8
580 581 10
582 604 5
584 607 5
584 585 7
585 608 5
585 586 6
586 609 8
586 587 11
588 589 8
589 610 11
589 590 7
591 612 12
591 592 6
592 593 6
593 594 12
594 613 5
594 595 12
595 614 10
596 616 8
596 597 12
597 617 11
597 598 11
599 600 6
600 601 10
601 620 12
601 602 9
602 621 10
603 604 5
604 605 12
605 624 10
605 606 5
607 626 12
607 608 7
608 609 11
609 627 10
611 630 7
611 612 10
612 631 6
613 634 5
613 614 6
614 615 6
615 635 8
615 616 12
616 636 10
616 617 6
618 638 10
619 640 10
620 642 5
620 621 12
621 643 12
621 622 8
622 644 9
622 623 6
623 645 5
624 647 6
625 648 5
626 649 6
628 651 9
629 653 9
629 630 11
630 654 12
630 631 11
631 655 9
631 632 11
632 633 8
633 656 12
633 634 5
635 658 7
635 636 12
636 659 6
637 660 12
637 638 8
638 661 9
638 639 12
639 662 9
639 640 6
640 663 12
641 665 5
641 642 5
642 666 9
642 643 11
643 667 9
643 644 5
644 668 10
644 645 9
645 669 11
646 670 6
646 647 7
647 671 7
648 674 10
650 677 6
651 678 9
651 652 12
652 679 9
652 653 10
653 680 8
653 654 5
654 655 9
655 681 7
656 683 11
657 658 10
658 684 8
658 659 5
659 685 5
660 661 11
661 686 12
661 662 6
662 687 10
662 663 6
663 688 8
663 664 10
664 689 10
664 665 10
665 690 12
665 666 10
666 691 12
666 667 8
667 692 11
667 668 11
668 669 11
669 693 9
670 695 11
670 671 5
671 672 10
672 696 5
672 673 10
673 697 6
673 674 9
674 698 10
674 675 5
675 699 11
676 701 12
677 703 6
678 704 11
678 679 11
679 680 8
680 705 5
681 707 11
681 682 7
682 708 5
682 683 11
683 709 5
684 710 12
684 685 12
685 711 6
686 687 5
687 688 8
688 689 12
689 690 5
690 714 12
690 691 11
691 692 11
692 715 12
693 694 11
694 717 5
694 695 7
695 718 8
696 720 11
696 697 12
697 721 5
697 698 9
698 722 5
698 699 7
699 723 9
699 700 5
700 724 10
700 701 12
701 702 5
702 703 6
703 725 10
705 706 10
706 707 11
707 708 5
708 709 9
710 711 7
711 712 9
712 713 11
715 716 9
717 718 8
718 719 11
719 720 8
720 721 11
721 722 12
722 723 12
723 724 5
10 0.05 0.05 0.05
