600
0 -1.0 -1.0 19.0 277.0 73.0
1 -1.0 -1.0 5.0 23.0 15.0
2 -1.0 -1.0 7.0 200.0 62.0
3 -1.0 -1.0 8.0 291.0 39.0
4 -1.0 -1.0 19.0 146.0 61.0
5 -1.0 -1.0 6.0 325.0 59.0
6 -1.0 -1.0 6.0 358.0 67.0
7 -1.0 -1.0 18.0 320.0 39.0
8 -1.0 -1.0 7.0 186.0 87.0
9 -1.0 -1.0 20.0 339.0 85.0
10 -1.0 -1.0 10.0 362.0 38.0
11 -1.0 -1.0 13.0 122.0 28.0
12 -1.0 -1.0 17.0 79.0 68.0
13 -1.0 -1.0 4.0 151.0 80.0
14 -1.0 -1.0 10.0 87.0 84.0
15 -1.0 -1.0 8.0 184.0 49.0
16 -1.0 -1.0 15.0 220.0 84.0
17 -1.0 -1.0 19.0 317.0 99.0
18 -1.0 -1.0 14.0 81.0 78.0
19 -1.0 -1.0 7.0 173.0 82.0
20 -1.0 -1.0 18.0 294.0 71.0
21 -1.0 -1.0 6.0 190.0 20.0
22 -1.0 -1.0 20.0 311.0 92.0
23 -1.0 -1.0 17.0 261.0 89.0
24 -1.0 -1.0 12.0 33.0 68.0
25 -1.0 -1.0 20.0 50.0 61.0
26 -1.0 -1.0 9.0 100.0 60.0
27 -1.0 -1.0 10.0 233.0 65.0
28 -1.0 -1.0 12.0 312.0 36.0
29 -1.0 -1.0 18.0 146.0 95.0
30 -1.0 -1.0 12.0 393.0 91.0
31 -1.0 -1.0 17.0 195.0 65.0
32 -1.0 -1.0 19.0 259.0 95.0
33 -1.0 -1.0 10.0 59.0 66.0
34 -1.0 -1.0 19.0 210.0 41.0
35 -1.0 -1.0 15.0 66.0 16.0
36 -1.0 -1.0 20.0 171.0 66.0
37 -1.0 -1.0 5.0 398.0 51.0
38 -1.0 -1.0 10.0 289.0 95.0
39 -1.0 -1.0 16.0 178.0 45.0
40 -1.0 -1.0 11.0 166.0 78.0
41 -1.0 -1.0 12.0 263.0 58.0
42 -1.0 -1.0 11.0 30.0 16.0
43 -1.0 -1.0 4.0 378.0 89.0
44 -1.0 -1.0 14.0 334.0 33.0
45 -1.0 -1.0 16.0 251.0 77.0
46 -1.0 -1.0 16.0 128.0 73.0
47 -1.0 -1.0 9.0 136.0 83.0
48 -1.0 -1.0 10.0 41.0 89.0
49 -1.0 -1.0 17.0 221.0 41.0
50 -1.0 -1.0 15.0 181.0 95.0
51 -1.0 -1.0 17.0 210.0 44.0
52 -1.0 -1.0 11.0 88.0 67.0
53 -1.0 -1.0 10.0 261.0 42.0
54 -1.0 -1.0 15.0 268.0 69.0
55 -1.0 -1.0 20.0 177.0 69.0
56 -1.0 -1.0 10.0 44.0 31.0
57 -1.0 -1.0 20.0 345.0 47.0
58 -1.0 -1.0 7.0 129.0 69.0
59 -1.0 -1.0 13.0 140.0 78.0
60 -1.0 -1.0 5.0 272.0 78.0
61 -1.0 -1.0 16.0 70.0 83.0
62 -1.0 -1.0 4.0 348.0 88.0
63 -1.0 -1.0 13.0 265.0 27.0
64 -1.0 -1.0 13.0 397.0 80.0
65 -1.0 -1.0 6.0 310.0 74.0
66 -1.0 -1.0 17.0 107.0 93.0
67 -1.0 -1.0 4.0 361.0 41.0
68 -1.0 -1.0 6.0 360.0 55.0
69 -1.0 -1.0 15.0 56.0 15.0
70 -1.0 -1.0 19.0 67.0 94.0
71 -1.0 -1.0 20.0 93.0 82.0
72 -1.0 -1.0 20.0 313.0 23.0
73 -1.0 -1.0 13.0 217.0 41.0
74 -1.0 -1.0 18.0 81.0 73.0
75 -1.0 -1.0 9.0 117.0 44.0
76 -1.0 -1.0 16.0 193.0 54.0
77 -1.0 -1.0 12.0 112.0 77.0
78 -1.0 -1.0 5.0 115.0 33.0
79 -1.0 -1.0 20.0 184.0 20.0
80 -1.0 -1.0 10.0 396.0 60.0
81 -1.0 -1.0 16.0 336.0 66.0
82 -1.0 -1.0 4.0 349.0 93.0
83 -1.0 -1.0 17.0 295.0 70.0
84 -1.0 -1.0 15.0 292.0 94.0
85 -1.0 -1.0 15.0 266.0 31.0
86 -1.0 -1.0 19.0 93.0 93.0
87 -1.0 -1.0 20.0 304.0 46.0
88 -1.0 -1.0 11.0 360.0 50.0
89 -1.0 -1.0 18.0 73.0 83.0
90 -1.0 -1.0 9.0 292.0 37.0
91 -1.0 -1.0 19.0 32.0 45.0
92 -1.0 -1.0 10.0 219.0 49.0
93 -1.0 -1.0 10.0 187.0 64.0
94 -1.0 -1.0 6.0 157.0 75.0
95 -1.0 -1.0 7.0 329.0 48.0
96 -1.0 -1.0 9.0 295.0 69.0
97 -1.0 -1.0 16.0 105.0 55.0
98 -1.0 -1.0 10.0 304.0 84.0
99 -1.0 -1.0 5.0 127.0 99.0
100 -1.0 -1.0 18.0 224.0 84.0
101 -1.0 -1.0 8.0 393.0 60.0
102 -1.0 -1.0 17.0 52.0 100.0
103 -1.0 -1.0 17.0 259.0 78.0
104 -1.0 -1.0 16.0 242.0 49.0
105 -1.0 -1.0 11.0 124.0 29.0
106 -1.0 -1.0 8.0 15.0 62.0
107 -1.0 -1.0 12.0 195.0 33.0
108 -1.0 -1.0 17.0 96.0 97.0
109 -1.0 -1.0 11.0 110.0 82.0
110 -1.0 -1.0 20.0 109.0 68.0
111 -1.0 -1.0 6.0 273.0 46.0
112 -1.0 -1.0 14.0 142.0 32.0
113 -1.0 -1.0 13.0 97.0 25.0
114 -1.0 -1.0 19.0 357.0 85.0
115 -1.0 -1.0 10.0 353.0 42.0
116 -1.0 -1.0 12.0 189.0 40.0
117 -1.0 -1.0 12.0 304.0 35.0
118 -1.0 -1.0 4.0 247.0 76.0
119 -1.0 -1.0 17.0 173.0 44.0
120 -1.0 -1.0 16.0 322.0 69.0
121 -1.0 -1.0 19.0 43.0 100.0
122 -1.0 -1.0 5.0 213.0 24.0
123 -1.0 -1.0 10.0 280.0 67.0
124 -1.0 -1.0 9.0 144.0 15.0
125 -1.0 -1.0 9.0 292.0 49.0
126 -1.0 -1.0 14.0 96.0 52.0
127 -1.0 -1.0 12.0 249.0 39.0
128 -1.0 -1.0 18.0 237.0 86.0
129 -1.0 -1.0 18.0 304.0 45.0
130 -1.0 -1.0 19.0 29.0 31.0
131 -1.0 -1.0 10.0 174.0 79.0
132 -1.0 -1.0 13.0 59.0 87.0
133 -1.0 -1.0 5.0 319.0 85.0
134 -1.0 -1.0 20.0 272.0 85.0
135 -1.0 -1.0 10.0 315.0 22.0
136 -1.0 -1.0 17.0 18.0 66.0
137 -1.0 -1.0 7.0 121.0 35.0
138 -1.0 -1.0 7.0 216.0 93.0
139 -1.0 -1.0 11.0 114.0 99.0
140 -1.0 -1.0 8.0 17.0 76.0
141 -1.0 -1.0 4.0 27.0 90.0
142 -1.0 -1.0 15.0 183.0 39.0
143 -1.0 -1.0 17.0 220.0 83.0
144 -1.0 -1.0 15.0 341.0 55.0
145 -1.0 -1.0 5.0 89.0 80.0
146 -1.0 -1.0 19.0 340.0 27.0
147 -1.0 -1.0 15.0 140.0 91.0
148 -1.0 -1.0 17.0 226.0 27.0
149 -1.0 -1.0 8.0 121.0 86.0
150 -1.0 -1.0 18.0 264.0 50.0
151 -1.0 -1.0 14.0 274.0 21.0
152 -1.0 -1.0 9.0 30.0 28.0
153 -1.0 -1.0 12.0 105.0 54.0
154 -1.0 -1.0 12.0 297.0 64.0
155 -1.0 -1.0 13.0 165.0 70.0
156 -1.0 -1.0 9.0 321.0 76.0
157 -1.0 -1.0 7.0 163.0 78.0
158 -1.0 -1.0 4.0 157.0 82.0
159 -1.0 -1.0 6.0 154.0 98.0
160 -1.0 -1.0 12.0 381.0 44.0
161 -1.0 -1.0 17.0 28.0 32.0
162 -1.0 -1.0 5.0 105.0 71.0
163 -1.0 -1.0 8.0 171.0 80.0
164 -1.0 -1.0 4.0 112.0 24.0
165 -1.0 -1.0 10.0 319.0 82.0
166 -1.0 -1.0 17.0 358.0 91.0
167 -1.0 -1.0 19.0 150.0 57.0
168 -1.0 -1.0 6.0 35.0 68.0
169 -1.0 -1.0 8.0 28.0 51.0
170 -1.0 -1.0 13.0 25.0 74.0
171 -1.0 -1.0 15.0 184.0 59.0
172 -1.0 -1.0 11.0 290.0 89.0
173 -1.0 -1.0 12.0 163.0 58.0
174 -1.0 -1.0 20.0 275.0 44.0
175 -1.0 -1.0 4.0 355.0 59.0
176 -1.0 -1.0 7.0 375.0 48.0
177 -1.0 -1.0 15.0 51.0 80.0
178 -1.0 -1.0 9.0 290.0 72.0
179 -1.0 -1.0 7.0 70.0 34.0
180 -1.0 -1.0 5.0 138.0 74.0
181 -1.0 -1.0 11.0 37.0 35.0
182 -1.0 -1.0 19.0 269.0 32.0
183 -1.0 -1.0 19.0 284.0 40.0
184 -1.0 -1.0 7.0 101.0 57.0
185 -1.0 -1.0 4.0 111.0 24.0
186 -1.0 -1.0 15.0 306.0 35.0
187 -1.0 -1.0 11.0 329.0 67.0
188 -1.0 -1.0 18.0 303.0 22.0
189 -1.0 -1.0 6.0 89.0 66.0
190 -1.0 -1.0 18.0 187.0 78.0
191 -1.0 -1.0 16.0 293.0 97.0
192 -1.0 -1.0 10.0 292.0 58.0
193 -1.0 -1.0 10.0 250.0 51.0
194 -1.0 -1.0 10.0 241.0 53.0
195 -1.0 -1.0 6.0 398.0 53.0
196 -1.0 -1.0 18.0 387.0 44.0
197 -1.0 -1.0 5.0 347.0 56.0
198 -1.0 -1.0 16.0 244.0 42.0
199 -1.0 -1.0 4.0 44.0 25.0
200 -1.0 -1.0 6.0 127.0 69.0
201 -1.0 -1.0 12.0 342.0 50.0
202 -1.0 -1.0 12.0 397.0 71.0
203 -1.0 -1.0 7.0 152.0 84.0
204 -1.0 -1.0 5.0 102.0 59.0
205 -1.0 -1.0 4.0 17.0 20.0
206 -1.0 -1.0 10.0 257.0 16.0
207 -1.0 -1.0 18.0 37.0 31.0
208 -1.0 -1.0 11.0 196.0 47.0
209 -1.0 -1.0 20.0 157.0 31.0
210 -1.0 -1.0 13.0 82.0 26.0
211 -1.0 -1.0 16.0 26.0 82.0
212 -1.0 -1.0 9.0 339.0 33.0
213 -1.0 -1.0 15.0 35.0 87.0
214 -1.0 -1.0 12.0 77.0 97.0
215 -1.0 -1.0 20.0 30.0 32.0
216 -1.0 -1.0 9.0 285.0 21.0
217 -1.0 -1.0 9.0 168.0 29.0
218 -1.0 -1.0 9.0 112.0 41.0
219 -1.0 -1.0 12.0 206.0 51.0
220 -1.0 -1.0 4.0 29.0 69.0
221 -1.0 -1.0 20.0 101.0 45.0
222 -1.0 -1.0 11.0 212.0 18.0
223 -1.0 -1.0 7.0 45.0 28.0
224 -1.0 -1.0 11.0 272.0 89.0
225 -1.0 -1.0 8.0 169.0 74.0
226 -1.0 -1.0 6.0 254.0 35.0
227 -1.0 -1.0 9.0 87.0 40.0
228 -1.0 -1.0 14.0 49.0 77.0
229 -1.0 -1.0 6.0 275.0 71.0
230 -1.0 -1.0 16.0 264.0 89.0
231 -1.0 -1.0 5.0 168.0 81.0
232 -1.0 -1.0 20.0 365.0 34.0
233 -1.0 -1.0 19.0 184.0 38.0
234 -1.0 -1.0 20.0 253.0 28.0
235 -1.0 -1.0 14.0 329.0 61.0
236 -1.0 -1.0 20.0 246.0 75.0
237 -1.0 -1.0 10.0 165.0 28.0
238 -1.0 -1.0 15.0 343.0 47.0
239 -1.0 -1.0 19.0 393.0 17.0
240 -1.0 -1.0 16.0 307.0 93.0
241 -1.0 -1.0 17.0 144.0 63.0
242 -1.0 -1.0 18.0 264.0 91.0
243 -1.0 -1.0 5.0 48.0 31.0
244 -1.0 -1.0 13.0 384.0 93.0
245 -1.0 -1.0 17.0 257.0 76.0
246 -1.0 -1.0 10.0 30.0 87.0
247 -1.0 -1.0 8.0 135.0 71.0
248 -1.0 -1.0 4.0 71.0 20.0
249 -1.0 -1.0 8.0 151.0 60.0
250 -1.0 -1.0 15.0 293.0 15.0
251 -1.0 -1.0 10.0 296.0 33.0
252 -1.0 -1.0 17.0 57.0 99.0
253 -1.0 -1.0 17.0 334.0 99.0
254 -1.0 -1.0 9.0 291.0 84.0
255 -1.0 -1.0 11.0 350.0 94.0
256 -1.0 -1.0 11.0 247.0 93.0
257 -1.0 -1.0 8.0 342.0 69.0
258 -1.0 -1.0 17.0 218.0 76.0
259 -1.0 -1.0 20.0 280.0 91.0
260 -1.0 -1.0 16.0 251.0 18.0
261 -1.0 -1.0 20.0 149.0 90.0
262 -1.0 -1.0 19.0 286.0 83.0
263 -1.0 -1.0 20.0 295.0 44.0
264 -1.0 -1.0 16.0 126.0 19.0
265 -1.0 -1.0 6.0 163.0 23.0
266 -1.0 -1.0 17.0 19.0 95.0
267 -1.0 -1.0 11.0 82.0 97.0
268 -1.0 -1.0 12.0 216.0 81.0
269 -1.0 -1.0 20.0 325.0 36.0
270 -1.0 -1.0 4.0 52.0 47.0
271 -1.0 -1.0 9.0 146.0 80.0
272 -1.0 -1.0 19.0 384.0 97.0
273 -1.0 -1.0 11.0 293.0 20.0
274 -1.0 -1.0 18.0 211.0 18.0
275 -1.0 -1.0 6.0 381.0 37.0
276 -1.0 -1.0 10.0 109.0 47.0
277 -1.0 -1.0 19.0 384.0 33.0
278 -1.0 -1.0 20.0 106.0 71.0
279 -1.0 -1.0 7.0 329.0 29.0
280 -1.0 -1.0 10.0 274.0 26.0
281 -1.0 -1.0 13.0 251.0 86.0
282 -1.0 -1.0 6.0 173.0 81.0
283 -1.0 -1.0 19.0 27.0 26.0
284 -1.0 -1.0 6.0 53.0 48.0
285 -1.0 -1.0 18.0 99.0 37.0
286 -1.0 -1.0 4.0 146.0 73.0
287 -1.0 -1.0 12.0 191.0 24.0
288 -1.0 -1.0 8.0 222.0 57.0
289 -1.0 -1.0 8.0 342.0 91.0
290 -1.0 -1.0 14.0 242.0 49.0
291 -1.0 -1.0 7.0 355.0 65.0
292 -1.0 -1.0 19.0 204.0 68.0
293 -1.0 -1.0 4.0 15.0 37.0
294 -1.0 -1.0 9.0 329.0 33.0
295 -1.0 -1.0 13.0 31.0 43.0
296 -1.0 -1.0 9.0 116.0 97.0
297 -1.0 -1.0 7.0 334.0 78.0
298 -1.0 -1.0 20.0 25.0 49.0
299 -1.0 -1.0 17.0 198.0 95.0
300 -1.0 -1.0 20.0 182.0 43.0
301 -1.0 -1.0 20.0 352.0 69.0
302 -1.0 -1.0 16.0 282.0 26.0
303 -1.0 -1.0 16.0 263.0 75.0
304 -1.0 -1.0 8.0 121.0 93.0
305 -1.0 -1.0 11.0 357.0 45.0
306 -1.0 -1.0 5.0 98.0 38.0
307 -1.0 -1.0 14.0 69.0 50.0
308 -1.0 -1.0 16.0 40.0 59.0
309 -1.0 -1.0 17.0 99.0 27.0
310 -1.0 -1.0 20.0 367.0 75.0
311 -1.0 -1.0 10.0 219.0 59.0
312 -1.0 -1.0 6.0 23.0 87.0
313 -1.0 -1.0 18.0 20.0 42.0
314 -1.0 -1.0 14.0 270.0 84.0
315 -1.0 -1.0 11.0 81.0 52.0
316 -1.0 -1.0 6.0 24.0 46.0
317 -1.0 -1.0 8.0 227.0 68.0
318 -1.0 -1.0 10.0 266.0 73.0
319 -1.0 -1.0 12.0 298.0 61.0
320 -1.0 -1.0 15.0 202.0 70.0
321 -1.0 -1.0 4.0 370.0 45.0
322 -1.0 -1.0 18.0 286.0 34.0
323 -1.0 -1.0 4.0 259.0 95.0
324 -1.0 -1.0 11.0 213.0 44.0
325 -1.0 -1.0 4.0 372.0 18.0
326 -1.0 -1.0 4.0 296.0 97.0
327 -1.0 -1.0 16.0 85.0 48.0
328 -1.0 -1.0 16.0 284.0 52.0
329 -1.0 -1.0 17.0 119.0 75.0
330 -1.0 -1.0 14.0 88.0 34.0
331 -1.0 -1.0 8.0 173.0 18.0
332 -1.0 -1.0 13.0 177.0 18.0
333 -1.0 -1.0 19.0 281.0 33.0
334 -1.0 -1.0 12.0 328.0 22.0
335 -1.0 -1.0 10.0 135.0 63.0
336 -1.0 -1.0 20.0 359.0 98.0
337 -1.0 -1.0 5.0 58.0 74.0
338 -1.0 -1.0 5.0 294.0 80.0
339 -1.0 -1.0 19.0 291.0 62.0
340 -1.0 -1.0 6.0 34.0 42.0
341 -1.0 -1.0 15.0 223.0 16.0
342 -1.0 -1.0 17.0 31.0 59.0
343 -1.0 -1.0 12.0 315.0 51.0
344 -1.0 -1.0 9.0 277.0 46.0
345 -1.0 -1.0 12.0 341.0 80.0
346 -1.0 -1.0 14.0 244.0 63.0
347 -1.0 -1.0 5.0 104.0 37.0
348 -1.0 -1.0 19.0 392.0 71.0
349 -1.0 -1.0 20.0 226.0 27.0
350 -1.0 -1.0 17.0 175.0 68.0
351 -1.0 -1.0 11.0 397.0 86.0
352 -1.0 -1.0 12.0 229.0 86.0
353 -1.0 -1.0 17.0 214.0 62.0
354 -1.0 -1.0 18.0 82.0 28.0
355 -1.0 -1.0 4.0 236.0 34.0
356 -1.0 -1.0 12.0 69.0 26.0
357 -1.0 -1.0 6.0 197.0 45.0
358 -1.0 -1.0 14.0 341.0 40.0
359 -1.0 -1.0 16.0 241.0 74.0
360 -1.0 -1.0 5.0 349.0 21.0
361 -1.0 -1.0 14.0 271.0 26.0
362 -1.0 -1.0 9.0 216.0 85.0
363 -1.0 -1.0 16.0 39.0 48.0
364 -1.0 -1.0 17.0 286.0 43.0
365 -1.0 -1.0 9.0 264.0 39.0
366 -1.0 -1.0 10.0 25.0 52.0
367 -1.0 -1.0 18.0 116.0 45.0
368 -1.0 -1.0 4.0 37.0 74.0
369 -1.0 -1.0 19.0 43.0 91.0
370 -1.0 -1.0 18.0 341.0 84.0
371 -1.0 -1.0 10.0 56.0 72.0
372 -1.0 -1.0 10.0 72.0 21.0
373 -1.0 -1.0 19.0 197.0 63.0
374 -1.0 -1.0 14.0 238.0 74.0
375 -1.0 -1.0 18.0 109.0 36.0
376 -1.0 -1.0 4.0 48.0 53.0
377 -1.0 -1.0 12.0 60.0 86.0
378 -1.0 -1.0 12.0 243.0 68.0
379 -1.0 -1.0 20.0 181.0 18.0
380 -1.0 -1.0 6.0 20.0 55.0
381 -1.0 -1.0 7.0 221.0 32.0
382 -1.0 -1.0 13.0 143.0 66.0
383 -1.0 -1.0 5.0 362.0 28.0
384 -1.0 -1.0 4.0 257.0 53.0
385 -1.0 -1.0 10.0 310.0 90.0
386 -1.0 -1.0 5.0 343.0 96.0
387 -1.0 -1.0 6.0 238.0 35.0
388 -1.0 -1.0 12.0 46.0 35.0
389 -1.0 -1.0 16.0 100.0 86.0
390 -1.0 -1.0 6.0 159.0 81.0
391 -1.0 -1.0 14.0 15.0 33.0
392 -1.0 -1.0 19.0 262.0 60.0
393 -1.0 -1.0 6.0 234.0 29.0
394 -1.0 -1.0 10.0 312.0 27.0
395 -1.0 -1.0 18.0 211.0 34.0
396 -1.0 -1.0 4.0 101.0 83.0
397 -1.0 -1.0 20.0 43.0 85.0
398 -1.0 -1.0 4.0 317.0 86.0
399 -1.0 -1.0 11.0 195.0 96.0
400 -1.0 -1.0 7.0 243.0 64.0
401 -1.0 -1.0 8.0 47.0 89.0
402 -1.0 -1.0 10.0 162.0 35.0
403 -1.0 -1.0 15.0 100.0 61.0
404 -1.0 -1.0 14.0 53.0 90.0
405 -1.0 -1.0 4.0 108.0 44.0
406 -1.0 -1.0 4.0 213.0 18.0
407 -1.0 -1.0 14.0 357.0 54.0
408 -1.0 -1.0 9.0 349.0 95.0
409 -1.0 -1.0 8.0 77.0 92.0
410 -1.0 -1.0 11.0 205.0 20.0
411 -1.0 -1.0 19.0 87.0 81.0
412 -1.0 -1.0 20.0 181.0 97.0
413 -1.0 -1.0 6.0 55.0 70.0
414 -1.0 -1.0 15.0 137.0 69.0
415 -1.0 -1.0 7.0 236.0 68.0
416 -1.0 -1.0 13.0 206.0 90.0
417 -1.0 -1.0 4.0 61.0 81.0
418 -1.0 -1.0 15.0 320.0 58.0
419 -1.0 -1.0 6.0 257.0 52.0
420 -1.0 -1.0 4.0 61.0 79.0
421 -1.0 -1.0 5.0 48.0 53.0
422 -1.0 -1.0 20.0 142.0 87.0
423 -1.0 -1.0 17.0 127.0 67.0
424 -1.0 -1.0 15.0 176.0 40.0
425 -1.0 -1.0 9.0 341.0 23.0
426 -1.0 -1.0 12.0 172.0 39.0
427 -1.0 -1.0 6.0 31.0 34.0
428 -1.0 -1.0 10.0 374.0 30.0
429 -1.0 -1.0 16.0 373.0 86.0
430 -1.0 -1.0 20.0 341.0 85.0
431 -1.0 -1.0 7.0 136.0 56.0
432 -1.0 -1.0 11.0 260.0 85.0
433 -1.0 -1.0 20.0 275.0 53.0
434 -1.0 -1.0 12.0 85.0 75.0
435 -1.0 -1.0 11.0 222.0 53.0
436 -1.0 -1.0 9.0 109.0 71.0
437 -1.0 -1.0 6.0 122.0 96.0
438 -1.0 -1.0 7.0 356.0 86.0
439 -1.0 -1.0 7.0 354.0 52.0
440 -1.0 -1.0 5.0 360.0 61.0
441 -1.0 -1.0 15.0 208.0 48.0
442 -1.0 -1.0 13.0 305.0 78.0
443 -1.0 -1.0 20.0 306.0 91.0
444 -1.0 -1.0 14.0 295.0 49.0
445 -1.0 -1.0 4.0 160.0 89.0
446 -1.0 -1.0 15.0 150.0 65.0
447 -1.0 -1.0 7.0 280.0 83.0
448 -1.0 -1.0 15.0 171.0 44.0
449 -1.0 -1.0 8.0 22.0 42.0
450 -1.0 -1.0 6.0 143.0 98.0
451 -1.0 -1.0 5.0 262.0 76.0
452 -1.0 -1.0 14.0 27.0 21.0
453 -1.0 -1.0 6.0 350.0 70.0
454 -1.0 -1.0 13.0 120.0 75.0
455 -1.0 -1.0 4.0 45.0 27.0
456 -1.0 -1.0 5.0 107.0 73.0
457 -1.0 -1.0 15.0 66.0 59.0
458 -1.0 -1.0 5.0 126.0 69.0
459 -1.0 -1.0 18.0 182.0 90.0
460 -1.0 -1.0 5.0 66.0 96.0
461 -1.0 -1.0 12.0 270.0 97.0
462 -1.0 -1.0 6.0 121.0 17.0
463 -1.0 -1.0 9.0 117.0 76.0
464 -1.0 -1.0 19.0 90.0 83.0
465 -1.0 -1.0 7.0 66.0 84.0
466 -1.0 -1.0 5.0 346.0 37.0
467 -1.0 -1.0 17.0 182.0 28.0
468 -1.0 -1.0 13.0 60.0 60.0
469 -1.0 -1.0 8.0 271.0 68.0
470 -1.0 -1.0 5.0 171.0 52.0
471 -1.0 -1.0 4.0 372.0 30.0
472 -1.0 -1.0 5.0 324.0 24.0
473 -1.0 -1.0 17.0 109.0 15.0
474 -1.0 -1.0 18.0 245.0 36.0
475 -1.0 -1.0 12.0 330.0 75.0
476 -1.0 -1.0 11.0 167.0 53.0
477 -1.0 -1.0 14.0 253.0 39.0
478 -1.0 -1.0 12.0 296.0 93.0
479 -1.0 -1.0 17.0 266.0 56.0
480 -1.0 -1.0 16.0 301.0 86.0
481 -1.0 -1.0 9.0 56.0 16.0
482 -1.0 -1.0 6.0 288.0 89.0
483 -1.0 -1.0 10.0 390.0 66.0
484 -1.0 -1.0 15.0 42.0 27.0
485 -1.0 -1.0 8.0 75.0 79.0
486 -1.0 -1.0 14.0 360.0 60.0
487 -1.0 -1.0 8.0 193.0 86.0
488 -1.0 -1.0 17.0 127.0 85.0
489 -1.0 -1.0 14.0 15.0 38.0
490 -1.0 -1.0 19.0 224.0 62.0
491 -1.0 -1.0 7.0 131.0 26.0
492 -1.0 -1.0 7.0 148.0 65.0
493 -1.0 -1.0 19.0 281.0 64.0
494 -1.0 -1.0 4.0 297.0 23.0
495 -1.0 -1.0 7.0 317.0 23.0
496 -1.0 -1.0 14.0 123.0 70.0
497 -1.0 -1.0 6.0 161.0 79.0
498 -1.0 -1.0 12.0 319.0 85.0
499 -1.0 -1.0 8.0 93.0 37.0
500 -1.0 -1.0 6.0 67.0 65.0
501 -1.0 -1.0 16.0 398.0 84.0
502 -1.0 -1.0 5.0 60.0 95.0
503 -1.0 -1.0 16.0 321.0 75.0
504 -1.0 -1.0 10.0 188.0 47.0
505 -1.0 -1.0 19.0 43.0 65.0
506 -1.0 -1.0 10.0 74.0 23.0
507 -1.0 -1.0 18.0 275.0 93.0
508 -1.0 -1.0 9.0 332.0 90.0
509 -1.0 -1.0 7.0 316.0 92.0
510 -1.0 -1.0 19.0 222.0 17.0
511 -1.0 -1.0 7.0 110.0 41.0
512 -1.0 -1.0 5.0 193.0 23.0
513 -1.0 -1.0 10.0 140.0 29.0
514 -1.0 -1.0 4.0 73.0 96.0
515 -1.0 -1.0 14.0 303.0 45.0
516 -1.0 -1.0 5.0 208.0 52.0
517 -1.0 -1.0 8.0 76.0 48.0
518 -1.0 -1.0 10.0 58.0 95.0
519 -1.0 -1.0 9.0 163.0 70.0
520 -1.0 -1.0 18.0 242.0 67.0
521 -1.0 -1.0 20.0 68.0 19.0
522 -1.0 -1.0 18.0 400.0 26.0
523 -1.0 -1.0 16.0 306.0 46.0
524 -1.0 -1.0 14.0 127.0 30.0
525 -1.0 -1.0 16.0 318.0 53.0
526 -1.0 -1.0 7.0 365.0 43.0
527 -1.0 -1.0 18.0 268.0 34.0
528 -1.0 -1.0 13.0 224.0 36.0
529 -1.0 -1.0 9.0 217.0 95.0
530 -1.0 -1.0 18.0 365.0 48.0
531 -1.0 -1.0 12.0 30.0 93.0
532 -1.0 -1.0 17.0 80.0 39.0
533 -1.0 -1.0 6.0 307.0 76.0
534 -1.0 -1.0 16.0 275.0 26.0
535 -1.0 -1.0 16.0 151.0 74.0
536 -1.0 -1.0 20.0 238.0 33.0
537 -1.0 -1.0 14.0 81.0 35.0
538 -1.0 -1.0 6.0 105.0 29.0
539 -1.0 -1.0 11.0 364.0 34.0
540 -1.0 -1.0 8.0 103.0 95.0
541 -1.0 -1.0 12.0 293.0 22.0
542 -1.0 -1.0 15.0 285.0 68.0
543 -1.0 -1.0 18.0 234.0 48.0
544 -1.0 -1.0 13.0 270.0 26.0
545 -1.0 -1.0 17.0 162.0 32.0
546 -1.0 -1.0 16.0 28.0 22.0
547 -1.0 -1.0 7.0 15.0 71.0
548 -1.0 -1.0 11.0 174.0 74.0
549 -1.0 -1.0 4.0 213.0 78.0
550 -1.0 -1.0 4.0 164.0 81.0
551 -1.0 -1.0 8.0 74.0 49.0
552 -1.0 -1.0 14.0 198.0 77.0
553 -1.0 -1.0 13.0 259.0 84.0
554 -1.0 -1.0 11.0 322.0 97.0
555 -1.0 -1.0 5.0 278.0 73.0
556 -1.0 -1.0 10.0 305.0 42.0
557 -1.0 -1.0 15.0 23.0 56.0
558 -1.0 -1.0 13.0 157.0 76.0
559 -1.0 -1.0 4.0 16.0 91.0
560 -1.0 -1.0 18.0 200.0 96.0
561 -1.0 -1.0 4.0 22.0 98.0
562 -1.0 -1.0 19.0 383.0 56.0
563 -1.0 -1.0 19.0 196.0 46.0
564 -1.0 -1.0 8.0 380.0 59.0
565 -1.0 -1.0 5.0 100.0 100.0
566 -1.0 -1.0 8.0 141.0 79.0
567 -1.0 -1.0 6.0 257.0 96.0
568 -1.0 -1.0 16.0 335.0 57.0
569 -1.0 -1.0 18.0 177.0 48.0
570 -1.0 -1.0 16.0 383.0 44.0
571 -1.0 -1.0 4.0 82.0 94.0
572 -1.0 -1.0 10.0 80.0 49.0
573 -1.0 -1.0 17.0 120.0 38.0
574 -1.0 -1.0 9.0 383.0 67.0
575 -1.0 -1.0 12.0 400.0 31.0
576 -1.0 -1.0 10.0 398.0 54.0
577 -1.0 -1.0 6.0 156.0 87.0
578 -1.0 -1.0 16.0 200.0 38.0
579 -1.0 -1.0 20.0 252.0 98.0
580 -1.0 -1.0 16.0 377.0 25.0
581 -1.0 -1.0 6.0 163.0 19.0
582 -1.0 -1.0 11.0 24.0 44.0
583 -1.0 -1.0 6.0 209.0 57.0
584 -1.0 -1.0 14.0 53.0 36.0
585 -1.0 -1.0 13.0 156.0 91.0
586 -1.0 -1.0 9.0 218.0 93.0
587 -1.0 -1.0 10.0 60.0 74.0
588 -1.0 -1.0 13.0 391.0 23.0
589 -1.0 -1.0 11.0 16.0 65.0
590 -1.0 -1.0 20.0 219.0 33.0
591 -1.0 -1.0 16.0 183.0 57.0
592 -1.0 -1.0 10.0 200.0 23.0
593 -1.0 -1.0 19.0 238.0 69.0
594 -1.0 -1.0 11.0 323.0 38.0
595 -1.0 -1.0 8.0 256.0 80.0
596 -1.0 -1.0 4.0 62.0 94.0
597 -1.0 -1.0 19.0 375.0 68.0
598 -1.0 -1.0 8.0 30.0 28.0
599 -1.0 -1.0 20.0 280.0 61.0
776
0 21 9
0 1 5
1 22 12
2 3 10
3 4 12
4 24 7
4 5 5
5 6 10
6 7 8
7 25 6
7 8 11
8 26 12
9 10 9
10 28 12
11 12 9
12 30 8
12 13 7
14 33 10
14 15 12
15 34 12
15 16 5
16 17 10
17 35 8
17 18 7
18 36 7
19 38 11
20 21 6
21 22 11
22 39 11
23 41 12
25 45 10
25 26 7
26 46 6
27 48 6
28 50 12
28 29 12
29 51 11
30 53 7
31 32 10
32 33 7
33 55 11
33 34 9
34 56 9
35 36 7
36 58 8
36 37 9
37 59 10
37 38 6
39 40 12
40 62 12
40 41 9
41 42 8
43 63 9
43 44 9
44 64 12
44 45 11
45 46 7
46 65 10
46 47 8
47 48 11
48 49 8
49 50 12
50 66 8
50 51 5
51 67 11
51 52 8
52 68 5
52 53 11
53 69 7
53 54 8
54 70 5
55 56 6
56 73 7
56 57 9
57 74 10
58 76 9
58 59 10
59 77 9
60 79 7
60 61 10
61 80 12
62 82 10
63 87 10
63 64 9
64 88 11
65 89 11
66 91 11
66 67 5
67 92 6
67 68 6
68 69 10
69 93 10
69 70 8
70 94 10
70 71 12
71 95 10
71 72 10
72 96 11
73 98 5
73 74 9
74 99 8
74 75 9
75 100 8
75 76 7
76 101 6
76 77 5
77 102 6
77 78 7
79 80 10
80 81 10
81 103 5
81 82 6
82 104 8
83 84 8
84 106 5
84 85 9
85 107 8
85 86 10
86 108 12
86 87 5
87 109 10
87 88 12
88 110 10
89 90 8
91 92 5
92 113 11
93 94 5
94 95 8
95 115 7
95 96 10
96 116 7
96 97 12
97 117 12
97 98 12
98 118 11
98 99 9
99 100 7
100 119 8
100 101 12
101 120 12
101 102 12
102 121 6
103 104 7
104 105 7
105 124 11
106 126 8
106 107 8
107 127 10
107 108 5
108 128 6
108 109 12
109 129 9
109 110 7
110 130 12
110 111 12
112 133 8
113 135 5
113 114 8
114 136 6
115 139 11
115 116 12
116 140 5
116 117 12
117 141 9
117 118 10
118 142 8
119 144 6
119 120 8
120 121 11
121 145 9
122 146 11
122 123 10
123 147 8
124 149 5
124 125 7
125 126 7
126 150 8
126 127 12
127 151 7
127 128 8
128 152 8
128 129 8
129 153 7
129 130 7
130 154 6
131 132 11
132 156 5
132 133 7
133 134 11
134 157 12
135 136 6
136 159 9
136 137 8
137 160 9
137 138 6
138 161 7
138 139 8
139 140 8
140 141 9
141 162 7
141 142 7
142 143 10
143 144 5
144 163 5
145 165 12
146 167 7
146 147 10
147 148 10
148 168 6
149 170 5
150 172 8
150 151 9
151 173 9
151 152 6
152 174 8
152 153 6
153 154 7
154 175 5
154 155 9
155 176 5
156 178 12
157 180 6
157 158 9
158 181 11
159 182 11
159 160 7
160 183 6
160 161 7
161 184 10
162 186 8
163 188 8
163 164 6
164 189 10
164 165 5
165 190 8
165 166 9
168 191 10
168 169 10
169 170 8
170 171 6
171 192 12
171 172 11
172 193 6
172 173 6
173 174 6
174 194 11
175 196 10
175 176 9
176 197 12
176 177 9
177 198 11
177 178 5
178 199 7
178 179 9
179 200 10
179 180 11
180 181 8
181 201 10
182 203 7
182 183 9
183 184 5
184 204 7
185 206 10
185 186 9
187 188 8
188 207 7
188 189 5
189 208 7
189 190 10
190 209 11
191 212 11
192 215 12
192 193 8
194 217 10
194 195 12
195 218 10
195 196 7
196 197 5
197 219 5
197 198 9
198 220 10
198 199 10
199 200 11
200 221 6
201 223 5
201 202 12
202 224 11
202 203 8
204 226 11
204 205 7
205 206 11
207 229 12
207 208 7
208 209 11
209 230 10
209 210 8
211 231 5
212 232 12
212 213 7
213 214 6
214 215 6
215 233 12
216 217 6
217 218 6
219 235 8
219 220 8
221 237 12
221 222 6
222 238 5
222 223 6
223 239 11
223 224 9
225 240 9
225 226 12
227 242 5
227 228 11
228 243 9
230 245 5
231 247 12
232 249 6
233 234 10
234 250 6
235 253 9
236 255 7
236 237 6
237 238 8
238 256 10
238 239 10
240 259 5
241 242 11
242 261 10
242 243 11
243 244 12
244 262 11
245 264 7
245 246 8
246 265 7
247 266 11
247 248 9
248 267 12
248 249 11
250 251 9
251 270 5
252 253 7
253 254 9
254 272 6
254 255 11
256 274 8
257 275 11
257 258 5
258 276 5
258 259 9
259 277 7
260 279 8
261 280 9
262 281 9
263 264 10
264 283 10
264 265 8
265 284 9
266 285 7
266 267 6
267 286 11
268 288 9
269 290 7
271 292 6
273 274 9
275 296 5
275 276 5
276 297 5
276 277 11
277 298 10
277 278 10
278 299 6
278 279 7
280 300 8
281 302 11
281 282 8
282 303 8
283 304 8
283 284 10
284 305 5
285 286 12
286 306 9
286 287 6
287 307 7
287 288 9
288 308 9
288 289 12
289 290 9
290 309 8
291 311 10
291 292 7
292 293 10
293 312 11
293 294 7
295 296 11
296 315 6
296 297 10
297 298 11
298 316 8
298 299 11
299 317 7
300 318 10
300 301 8
301 319 10
301 302 6
302 320 7
302 303 9
303 321 9
304 305 7
305 323 6
306 325 11
306 307 10
307 326 6
307 308 12
308 327 9
310 330 7
310 311 5
311 331 5
312 333 5
313 335 10
313 314 5
314 336 5
315 338 12
316 317 12
317 340 7
318 319 6
319 343 6
319 320 7
320 321 10
321 322 11
322 344 11
324 346 9
324 325 8
325 347 7
325 326 12
326 327 7
327 328 7
329 348 6
329 330 10
330 331 11
331 349 10
331 332 9
332 333 12
334 335 7
335 336 12
336 351 8
336 337 9
337 352 11
338 354 10
338 339 10
339 355 7
340 356 10
340 341 12
341 342 12
342 357 6
344 345 12
345 360 8
346 361 5
346 347 6
347 362 5
349 366 7
350 368 8
351 371 10
351 352 10
352 372 7
352 353 10
353 354 11
354 355 7
355 373 5
357 376 6
357 358 6
358 377 7
359 380 11
360 382 11
361 362 5
362 384 10
362 363 9
363 385 8
363 364 6
364 386 5
364 365 9
365 387 9
366 390 8
367 368 7
368 369 11
369 391 8
369 370 9
370 371 10
371 372 9
372 392 10
373 374 6
375 376 7
376 395 7
376 377 10
377 378 8
378 379 11
379 380 10
380 396 6
380 381 8
381 397 8
381 382 9
382 398 11
382 383 6
384 399 12
384 385 12
385 400 10
385 386 9
386 387 7
387 388 7
388 389 6
389 401 8
390 403 8
392 409 8
392 393 6
393 410 12
394 414 6
396 397 6
397 418 9
397 398 8
398 419 8
399 422 12
399 400 9
400 423 10
401 402 10
402 425 10
402 403 5
403 426 9
403 404 10
404 405 7
405 406 7
406 427 11
407 429 6
407 408 5
408 430 11
408 409 7
409 410 9
410 411 6
411 412 5
412 431 11
412 413 8
413 414 12
414 432 8
415 433 11
415 416 8
416 417 9
417 434 10
418 419 10
419 436 6
419 420 12
420 437 7
421 438 6
421 422 8
422 423 6
423 439 11
423 424 7
424 440 11
425 443 9
425 426 12
426 444 8
427 447 12
427 428 8
428 448 9
428 429 12
429 449 8
429 430 7
430 450 8
434 435 7
435 456 7
436 437 8
437 457 12
439 459 9
439 440 6
440 460 8
440 441 9
441 461 5
442 462 8
442 443 7
443 444 11
444 463 6
444 445 12
445 464 5
445 446 10
446 447 11
447 465 9
447 448 12
448 466 5
448 449 12
449 467 11
449 450 7
450 468 7
450 451 5
451 452 5
452 469 11
452 453 9
453 470 9
454 472 8
455 474 9
456 478 9
457 481 7
458 483 7
458 459 9
459 460 12
460 461 11
462 484 11
463 486 5
463 464 10
465 466 7
466 467 5
467 488 12
467 468 10
469 470 10
470 490 12
470 471 10
471 491 8
471 472 9
473 492 11
473 474 6
474 475 7
475 476 5
476 493 5
476 477 9
477 478 9
478 479 11
479 494 12
479 480 9
480 495 8
480 481 8
481 496 8
482 497 5
482 483 7
483 498 6
484 500 9
484 485 10
485 501 12
485 486 6
486 502 5
487 504 9
488 505 9
489 506 7
490 491 7
492 509 12
493 511 12
494 495 12
495 496 12
497 513 7
497 498 9
498 514 12
498 499 12
500 501 7
501 517 7
501 502 9
502 503 5
503 504 5
504 518 5
505 520 7
506 522 10
506 507 12
507 523 5
508 525 6
510 511 10
511 528 5
511 512 9
513 532 12
513 514 8
514 533 11
515 534 7
516 536 11
517 537 12
518 519 6
519 539 9
520 541 10
520 521 5
521 522 12
522 542 8
522 523 7
523 543 10
523 524 6
525 545 6
525 526 7
527 547 8
528 549 10
529 551 11
529 530 12
530 552 10
530 531 9
531 553 10
532 555 7
532 533 5
533 556 11
534 558 6
534 535 12
535 559 12
535 536 7
536 560 8
537 562 10
538 564 8
539 565 5
539 540 10
540 566 7
540 541 11
541 567 12
542 543 8
543 569 10
544 571 6
544 545 12
545 572 10
546 574 10
546 547 11
547 575 9
547 548 11
548 576 11
548 549 6
549 577 9
549 550 7
550 578 8
550 551 10
551 579 6
551 552 10
552 580 10
552 553 10
553 554 5
554 581 8
555 582 9
555 556 10
556 557 8
557 583 10
557 558 10
558 584 9
558 559 5
559 585 9
559 560 5
560 561 12
561 586 8
561 562 6
562 587 5
562 563 6
563 588 8
563 564 7
564 589 6
565 566 7
566 567 7
567 568 7
569 570 12
570 590 12
570 571 11
571 591 8
571 572 9
572 573 5
573 574 8
574 592 12
574 575 8
575 593 9
575 576 7
576 594 5
576 577 11
577 595 10
577 578 8
578 579 6
579 596 9
579 580 9
580 597 11
581 599 6
583 584 6
584 585 9
586 587 8
587 588 9
588 589 12
590 591 12
592 593 7
593 594 8
594 595 6
596 597 5
597 598 8
598 599 10
10 0.05 0.05 0.05
