486
0 -1.0 -1.0 11.0 377.0 45.0
1 -1.0 -1.0 6.0 216.0 18.0
2 -1.0 -1.0 17.0 252.0 66.0
3 -1.0 -1.0 12.0 35.0 42.0
4 -1.0 -1.0 12.0 318.0 87.0
5 -1.0 -1.0 15.0 75.0 94.0
6 -1.0 -1.0 7.0 117.0 60.0
7 -1.0 -1.0 14.0 215.0 99.0
8 -1.0 -1.0 13.0 312.0 75.0
9 -1.0 -1.0 15.0 237.0 68.0
10 -1.0 -1.0 4.0 263.0 19.0
11 -1.0 -1.0 18.0 225.0 60.0
12 -1.0 -1.0 4.0 214.0 54.0
13 -1.0 -1.0 17.0 374.0 91.0
14 -1.0 -1.0 12.0 344.0 80.0
15 -1.0 -1.0 6.0 178.0 61.0
16 -1.0 -1.0 14.0 365.0 88.0
17 -1.0 -1.0 9.0 373.0 68.0
18 -1.0 -1.0 9.0 73.0 70.0
19 -1.0 -1.0 19.0 246.0 29.0
20 -1.0 -1.0 14.0 201.0 31.0
21 -1.0 -1.0 17.0 117.0 57.0
22 -1.0 -1.0 9.0 236.0 92.0
23 -1.0 -1.0 16.0 360.0 92.0
24 -1.0 -1.0 7.0 364.0 48.0
25 -1.0 -1.0 6.0 67.0 49.0
26 -1.0 -1.0 9.0 355.0 31.0
27 -1.0 -1.0 4.0 35.0 41.0
28 -1.0 -1.0 11.0 382.0 20.0
29 -1.0 -1.0 15.0 154.0 88.0
30 -1.0 -1.0 18.0 399.0 59.0
31 -1.0 -1.0 10.0 298.0 62.0
32 -1.0 -1.0 10.0 117.0 80.0
33 -1.0 -1.0 7.0 306.0 59.0
34 -1.0 -1.0 7.0 26.0 70.0
35 -1.0 -1.0 8.0 362.0 28.0
36 -1.0 -1.0 19.0 251.0 60.0
37 -1.0 -1.0 17.0 365.0 96.0
38 -1.0 -1.0 18.0 165.0 30.0
39 -1.0 -1.0 14.0 178.0 60.0
40 -1.0 -1.0 20.0 216.0 18.0
41 -1.0 -1.0 11.0 22.0 21.0
42 -1.0 -1.0 4.0 211.0 54.0
43 -1.0 -1.0 15.0 262.0 44.0
44 -1.0 -1.0 16.0 266.0 63.0
45 -1.0 -1.0 20.0 195.0 70.0
46 -1.0 -1.0 17.0 143.0 42.0
47 -1.0 -1.0 20.0 86.0 44.0
48 -1.0 -1.0 20.0 365.0 85.0
49 -1.0 -1.0 7.0 318.0 89.0
50 -1.0 -1.0 12.0 275.0 93.0
51 -1.0 -1.0 13.0 373.0 35.0
52 -1.0 -1.0 7.0 57.0 48.0
53 -1.0 -1.0 18.0 245.0 97.0
54 -1.0 -1.0 14.0 361.0 37.0
55 -1.0 -1.0 14.0 303.0 93.0
56 -1.0 -1.0 7.0 117.0 67.0
57 -1.0 -1.0 18.0 208.0 44.0
58 -1.0 -1.0 10.0 28.0 15.0
59 -1.0 -1.0 6.0 174.0 93.0
60 -1.0 -1.0 15.0 183.0 23.0
61 -1.0 -1.0 5.0 257.0 74.0
62 -1.0 -1.0 16.0 192.0 99.0
63 -1.0 -1.0 6.0 269.0 76.0
64 -1.0 -1.0 12.0 248.0 79.0
65 -1.0 -1.0 12.0 42.0 66.0
66 -1.0 -1.0 4.0 172.0 43.0
67 -1.0 -1.0 9.0 306.0 70.0
68 -1.0 -1.0 15.0 153.0 38.0
69 -1.0 -1.0 16.0 180.0 74.0
70 -1.0 -1.0 11.0 47.0 58.0
71 -1.0 -1.0 19.0 269.0 89.0
72 -1.0 -1.0 13.0 36.0 75.0
73 -1.0 -1.0 16.0 106.0 21.0
74 -1.0 -1.0 9.0 237.0 42.0
75 -1.0 -1.0 7.0 81.0 99.0
76 -1.0 -1.0 5.0 286.0 19.0
77 -1.0 -1.0 6.0 337.0 52.0
78 -1.0 -1.0 5.0 41.0 78.0
79 -1.0 -1.0 10.0 193.0 67.0
80 -1.0 -1.0 12.0 327.0 25.0
81 -1.0 -1.0 7.0 344.0 58.0
82 -1.0 -1.0 9.0 69.0 88.0
83 -1.0 -1.0 14.0 82.0 36.0
84 -1.0 -1.0 13.0 82.0 86.0
85 -1.0 -1.0 6.0 226.0 80.0
86 -1.0 -1.0 7.0 251.0 77.0
87 -1.0 -1.0 9.0 40.0 66.0
88 -1.0 -1.0 20.0 138.0 69.0
89 -1.0 -1.0 15.0 332.0 32.0
90 -1.0 -1.0 18.0 199.0 82.0
91 -1.0 -1.0 15.0 195.0 97.0
92 -1.0 -1.0 13.0 289.0 91.0
93 -1.0 -1.0 19.0 59.0 38.0
94 -1.0 -1.0 13.0 234.0 77.0
95 -1.0 -1.0 4.0 389.0 85.0
96 -1.0 -1.0 20.0 26.0 27.0
97 -1.0 -1.0 17.0 234.0 42.0
98 -1.0 -1.0 18.0 340.0 94.0
99 -1.0 -1.0 5.0 295.0 51.0
100 -1.0 -1.0 10.0 159.0 57.0
101 -1.0 -1.0 20.0 379.0 34.0
102 -1.0 -1.0 14.0 185.0 43.0
103 -1.0 -1.0 10.0 241.0 23.0
104 -1.0 -1.0 5.0 318.0 31.0
105 -1.0 -1.0 8.0 151.0 59.0
106 -1.0 -1.0 14.0 157.0 79.0
107 -1.0 -1.0 11.0 175.0 52.0
108 -1.0 -1.0 11.0 25.0 86.0
109 -1.0 -1.0 5.0 341.0 79.0
110 -1.0 -1.0 15.0 47.0 58.0
111 -1.0 -1.0 11.0 151.0 53.0
112 -1.0 -1.0 13.0 34.0 16.0
113 -1.0 -1.0 19.0 366.0 16.0
114 -1.0 -1.0 13.0 23.0 34.0
115 -1.0 -1.0 4.0 20.0 82.0
116 -1.0 -1.0 17.0 239.0 59.0
117 -1.0 -1.0 14.0 237.0 54.0
118 -1.0 -1.0 17.0 223.0 56.0
119 -1.0 -1.0 19.0 291.0 79.0
120 -1.0 -1.0 5.0 267.0 55.0
121 -1.0 -1.0 13.0 113.0 79.0
122 -1.0 -1.0 17.0 206.0 77.0
123 -1.0 -1.0 15.0 221.0 40.0
124 -1.0 -1.0 17.0 346.0 54.0
125 -1.0 -1.0 7.0 197.0 81.0
126 -1.0 -1.0 5.0 18.0 61.0
127 -1.0 -1.0 4.0 283.0 84.0
128 -1.0 -1.0 5.0 296.0 43.0
129 -1.0 -1.0 20.0 18.0 94.0
130 -1.0 -1.0 13.0 115.0 68.0
131 -1.0 -1.0 14.0 187.0 83.0
132 -1.0 -1.0 19.0 118.0 71.0
133 -1.0 -1.0 9.0 331.0 80.0
134 -1.0 -1.0 9.0 187.0 34.0
135 -1.0 -1.0 8.0 322.0 40.0
136 -1.0 -1.0 11.0 35.0 53.0
137 -1.0 -1.0 8.0 370.0 44.0
138 -1.0 -1.0 6.0 309.0 63.0
139 -1.0 -1.0 10.0 219.0 62.0
140 -1.0 -1.0 18.0 121.0 43.0
141 -1.0 -1.0 20.0 359.0 77.0
142 -1.0 -1.0 13.0 342.0 54.0
143 -1.0 -1.0 18.0 298.0 66.0
144 -1.0 -1.0 8.0 383.0 19.0
145 -1.0 -1.0 20.0 293.0 23.0
146 -1.0 -1.0 19.0 378.0 53.0
147 -1.0 -1.0 17.0 153.0 23.0
148 -1.0 -1.0 4.0 40.0 78.0
149 -1.0 -1.0 8.0 370.0 63.0
150 -1.0 -1.0 13.0 350.0 99.0
151 -1.0 -1.0 18.0 136.0 87.0
152 -1.0 -1.0 17.0 64.0 75.0
153 -1.0 -1.0 14.0 88.0 40.0
154 -1.0 -1.0 16.0 184.0 30.0
155 -1.0 -1.0 17.0 293.0 42.0
156 -1.0 -1.0 11.0 334.0 89.0
157 -1.0 -1.0 13.0 64.0 20.0
158 -1.0 -1.0 17.0 38.0 29.0
159 -1.0 -1.0 6.0 251.0 93.0
160 -1.0 -1.0 17.0 136.0 46.0
161 -1.0 -1.0 18.0 237.0 15.0
162 -1.0 -1.0 20.0 265.0 18.0
163 -1.0 -1.0 15.0 83.0 56.0
164 -1.0 -1.0 4.0 331.0 57.0
165 -1.0 -1.0 6.0 242.0 60.0
166 -1.0 -1.0 19.0 325.0 41.0
167 -1.0 -1.0 14.0 164.0 65.0
168 -1.0 -1.0 8.0 242.0 20.0
169 -1.0 -1.0 18.0 70.0 76.0
170 -1.0 -1.0 5.0 74.0 39.0
171 -1.0 -1.0 11.0 86.0 100.0
172 -1.0 -1.0 11.0 24.0 73.0
173 -1.0 -1.0 7.0 62.0 57.0
174 -1.0 -1.0 20.0 151.0 19.0
175 -1.0 -1.0 4.0 88.0 30.0
176 -1.0 -1.0 18.0 399.0 59.0
177 -1.0 -1.0 15.0 397.0 19.0
178 -1.0 -1.0 20.0 71.0 44.0
179 -1.0 -1.0 18.0 21.0 15.0
180 -1.0 -1.0 8.0 133.0 70.0
181 -1.0 -1.0 20.0 59.0 66.0
182 -1.0 -1.0 14.0 170.0 67.0
183 -1.0 -1.0 12.0 141.0 78.0
184 -1.0 -1.0 7.0 192.0 23.0
185 -1.0 -1.0 6.0 53.0 47.0
186 -1.0 -1.0 4.0 348.0 94.0
187 -1.0 -1.0 14.0 285.0 26.0
188 -1.0 -1.0 19.0 38.0 61.0
189 -1.0 -1.0 10.0 320.0 60.0
190 -1.0 -1.0 12.0 322.0 57.0
191 -1.0 -1.0 16.0 175.0 20.0
192 -1.0 -1.0 15.0 237.0 52.0
193 -1.0 -1.0 9.0 200.0 80.0
194 -1.0 -1.0 5.0 200.0 40.0
195 -1.0 -1.0 7.0 218.0 70.0
196 -1.0 -1.0 4.0 306.0 62.0
197 -1.0 -1.0 20.0 372.0 48.0
198 -1.0 -1.0 20.0 298.0 84.0
199 -1.0 -1.0 14.0 195.0 98.0
200 -1.0 -1.0 11.0 187.0 65.0
201 -1.0 -1.0 5.0 112.0 23.0
202 -1.0 -1.0 9.0 147.0 94.0
203 -1.0 -1.0 16.0 382.0 69.0
204 -1.0 -1.0 10.0 41.0 20.0
205 -1.0 -1.0 8.0 216.0 19.0
206 -1.0 -1.0 11.0 76.0 68.0
207 -1.0 -1.0 7.0 353.0 90.0
208 -1.0 -1.0 10.0 311.0 64.0
209 -1.0 -1.0 16.0 227.0 74.0
210 -1.0 -1.0 17.0 160.0 50.0
211 -1.0 -1.0 5.0 183.0 98.0
212 -1.0 -1.0 8.0 52.0 59.0
213 -1.0 -1.0 15.0 78.0 67.0
214 -1.0 -1.0 16.0 198.0 17.0
215 -1.0 -1.0 9.0 17.0 25.0
216 -1.0 -1.0 15.0 250.0 21.0
217 -1.0 -1.0 17.0 153.0 35.0
218 -1.0 -1.0 11.0 51.0 45.0
219 -1.0 -1.0 7.0 113.0 35.0
220 -1.0 -1.0 10.0 127.0 50.0
221 -1.0 -1.0 9.0 37.0 74.0
222 -1.0 -1.0 12.0 259.0 66.0
223 -1.0 -1.0 18.0 59.0 93.0
224 -1.0 -1.0 15.0 83.0 68.0
225 -1.0 -1.0 4.0 279.0 73.0
226 -1.0 -1.0 8.0 240.0 39.0
227 -1.0 -1.0 11.0 97.0 15.0
228 -1.0 -1.0 18.0 34.0 21.0
229 -1.0 -1.0 20.0 227.0 58.0
230 -1.0 -1.0 12.0 107.0 48.0
231 -1.0 -1.0 13.0 136.0 51.0
232 -1.0 -1.0 9.0 370.0 93.0
233 -1.0 -1.0 14.0 314.0 83.0
234 -1.0 -1.0 14.0 378.0 97.0
235 -1.0 -1.0 9.0 132.0 51.0
236 -1.0 -1.0 7.0 337.0 18.0
237 -1.0 -1.0 7.0 156.0 69.0
238 -1.0 -1.0 18.0 364.0 67.0
239 -1.0 -1.0 19.0 388.0 77.0
240 -1.0 -1.0 8.0 55.0 18.0
241 -1.0 -1.0 13.0 113.0 60.0
242 -1.0 -1.0 10.0 130.0 31.0
243 -1.0 -1.0 19.0 36.0 81.0
244 -1.0 -1.0 19.0 294.0 94.0
245 -1.0 -1.0 19.0 321.0 44.0
246 -1.0 -1.0 8.0 67.0 28.0
247 -1.0 -1.0 12.0 55.0 75.0
248 -1.0 -1.0 17.0 170.0 29.0
249 -1.0 -1.0 17.0 315.0 92.0
250 -1.0 -1.0 17.0 247.0 27.0
251 -1.0 -1.0 14.0 216.0 70.0
252 -1.0 -1.0 16.0 230.0 60.0
253 -1.0 -1.0 18.0 264.0 15.0
254 -1.0 -1.0 15.0 377.0 66.0
255 -1.0 -1.0 19.0 135.0 75.0
256 -1.0 -1.0 18.0 337.0 64.0
257 -1.0 -1.0 9.0 38.0 30.0
258 -1.0 -1.0 18.0 145.0 59.0
259 -1.0 -1.0 7.0 304.0 90.0
260 -1.0 -1.0 17.0 198.0 88.0
261 -1.0 -1.0 7.0 45.0 15.0
262 -1.0 -1.0 14.0 86.0 15.0
263 -1.0 -1.0 4.0 231.0 85.0
264 -1.0 -1.0 10.0 194.0 82.0
265 -1.0 -1.0 17.0 260.0 67.0
266 -1.0 -1.0 5.0 220.0 58.0
267 -1.0 -1.0 14.0 190.0 44.0
268 -1.0 -1.0 10.0 63.0 60.0
269 -1.0 -1.0 4.0 57.0 55.0
270 -1.0 -1.0 7.0 283.0 95.0
271 -1.0 -1.0 8.0 34.0 81.0
272 -1.0 -1.0 9.0 227.0 87.0
273 -1.0 -1.0 19.0 68.0 21.0
274 -1.0 -1.0 11.0 175.0 22.0
275 -1.0 -1.0 6.0 174.0 40.0
276 -1.0 -1.0 17.0 245.0 42.0
277 -1.0 -1.0 4.0 316.0 89.0
278 -1.0 -1.0 15.0 182.0 89.0
279 -1.0 -1.0 5.0 158.0 71.0
280 -1.0 -1.0 18.0 383.0 53.0
281 -1.0 -1.0 11.0 97.0 72.0
282 -1.0 -1.0 4.0 318.0 36.0
283 -1.0 -1.0 17.0 35.0 45.0
284 -1.0 -1.0 19.0 339.0 57.0
285 -1.0 -1.0 17.0 153.0 34.0
286 -1.0 -1.0 18.0 383.0 95.0
287 -1.0 -1.0 11.0 171.0 60.0
288 -1.0 -1.0 11.0 209.0 19.0
289 -1.0 -1.0 12.0 108.0 58.0
290 -1.0 -1.0 7.0 231.0 94.0
291 -1.0 -1.0 15.0 66.0 21.0
292 -1.0 -1.0 10.0 44.0 16.0
293 -1.0 -1.0 13.0 348.0 53.0
294 -1.0 -1.0 12.0 136.0 47.0
295 -1.0 -1.0 5.0 50.0 20.0
296 -1.0 -1.0 8.0 74.0 18.0
297 -1.0 -1.0 6.0 117.0 56.0
298 -1.0 -1.0 6.0 342.0 87.0
299 -1.0 -1.0 19.0 95.0 22.0
300 -1.0 -1.0 10.0 306.0 87.0
301 -1.0 -1.0 8.0 348.0 81.0
302 -1.0 -1.0 5.0 154.0 89.0
303 -1.0 -1.0 14.0 104.0 49.0
304 -1.0 -1.0 7.0 275.0 63.0
305 -1.0 -1.0 11.0 336.0 39.0
306 -1.0 -1.0 6.0 366.0 28.0
307 -1.0 -1.0 11.0 132.0 54.0
308 -1.0 -1.0 5.0 288.0 52.0
309 -1.0 -1.0 14.0 303.0 18.0
310 -1.0 -1.0 9.0 196.0 21.0
311 -1.0 -1.0 18.0 248.0 15.0
312 -1.0 -1.0 16.0 75.0 32.0
313 -1.0 -1.0 4.0 102.0 15.0
314 -1.0 -1.0 20.0 345.0 48.0
315 -1.0 -1.0 15.0 293.0 27.0
316 -1.0 -1.0 18.0 313.0 28.0
317 -1.0 -1.0 20.0 95.0 21.0
318 -1.0 -1.0 15.0 267.0 37.0
319 -1.0 -1.0 12.0 282.0 84.0
320 -1.0 -1.0 11.0 132.0 15.0
321 -1.0 -1.0 8.0 231.0 64.0
322 -1.0 -1.0 4.0 178.0 35.0
323 -1.0 -1.0 19.0 292.0 46.0
324 -1.0 -1.0 6.0 125.0 97.0
325 -1.0 -1.0 4.0 293.0 65.0
326 -1.0 -1.0 6.0 96.0 54.0
327 -1.0 -1.0 19.0 134.0 94.0
328 -1.0 -1.0 18.0 180.0 59.0
329 -1.0 -1.0 11.0 396.0 79.0
330 -1.0 -1.0 12.0 48.0 69.0
331 -1.0 -1.0 19.0 374.0 51.0
332 -1.0 -1.0 16.0 112.0 93.0
333 -1.0 -1.0 18.0 339.0 75.0
334 -1.0 -1.0 8.0 176.0 70.0
335 -1.0 -1.0 16.0 132.0 72.0
336 -1.0 -1.0 16.0 258.0 90.0
337 -1.0 -1.0 12.0 177.0 15.0
338 -1.0 -1.0 9.0 373.0 35.0
339 -1.0 -1.0 19.0 201.0 39.0
340 -1.0 -1.0 16.0 140.0 15.0
341 -1.0 -1.0 15.0 389.0 45.0
342 -1.0 -1.0 7.0 397.0 33.0
343 -1.0 -1.0 16.0 293.0 63.0
344 -1.0 -1.0 9.0 265.0 32.0
345 -1.0 -1.0 7.0 333.0 79.0
346 -1.0 -1.0 12.0 190.0 95.0
347 -1.0 -1.0 4.0 286.0 48.0
348 -1.0 -1.0 19.0 175.0 21.0
349 -1.0 -1.0 19.0 213.0 17.0
350 -1.0 -1.0 4.0 334.0 16.0
351 -1.0 -1.0 16.0 269.0 54.0
352 -1.0 -1.0 12.0 396.0 40.0
353 -1.0 -1.0 17.0 107.0 45.0
354 -1.0 -1.0 16.0 107.0 16.0
355 -1.0 -1.0 9.0 234.0 28.0
356 -1.0 -1.0 13.0 261.0 21.0
357 -1.0 -1.0 11.0 34.0 87.0
358 -1.0 -1.0 10.0 292.0 25.0
359 -1.0 -1.0 18.0 296.0 37.0
360 -1.0 -1.0 16.0 161.0 29.0
361 -1.0 -1.0 7.0 379.0 92.0
362 -1.0 -1.0 16.0 342.0 89.0
363 -1.0 -1.0 6.0 399.0 42.0
364 -1.0 -1.0 18.0 297.0 32.0
365 -1.0 -1.0 9.0 370.0 81.0
366 -1.0 -1.0 7.0 66.0 85.0
367 -1.0 -1.0 5.0 140.0 98.0
368 -1.0 -1.0 19.0 297.0 23.0
369 -1.0 -1.0 13.0 156.0 96.0
370 -1.0 -1.0 18.0 201.0 49.0
371 -1.0 -1.0 20.0 247.0 60.0
372 -1.0 -1.0 18.0 274.0 98.0
373 -1.0 -1.0 8.0 387.0 90.0
374 -1.0 -1.0 16.0 237.0 31.0
375 -1.0 -1.0 12.0 222.0 97.0
376 -1.0 -1.0 7.0 48.0 51.0
377 -1.0 -1.0 15.0 24.0 56.0
378 -1.0 -1.0 18.0 72.0 83.0
379 -1.0 -1.0 17.0 288.0 95.0
380 -1.0 -1.0 9.0 76.0 80.0
381 -1.0 -1.0 14.0 168.0 73.0
382 -1.0 -1.0 11.0 352.0 81.0
383 -1.0 -1.0 8.0 349.0 64.0
384 -1.0 -1.0 10.0 158.0 89.0
385 -1.0 -1.0 15.0 394.0 61.0
386 -1.0 -1.0 18.0 60.0 96.0
387 -1.0 -1.0 20.0 48.0 88.0
388 -1.0 -1.0 6.0 310.0 46.0
389 -1.0 -1.0 16.0 133.0 15.0
390 -1.0 -1.0 10.0 52.0 49.0
391 -1.0 -1.0 4.0 21.0 95.0
392 -1.0 -1.0 10.0 279.0 55.0
393 -1.0 -1.0 13.0 301.0 37.0
394 -1.0 -1.0 4.0 160.0 22.0
395 -1.0 -1.0 18.0 199.0 28.0
396 -1.0 -1.0 10.0 335.0 69.0
397 -1.0 -1.0 16.0 311.0 27.0
398 -1.0 -1.0 20.0 88.0 70.0
399 -1.0 -1.0 9.0 274.0 38.0
400 -1.0 -1.0 5.0 292.0 85.0
401 -1.0 -1.0 10.0 19.0 48.0
402 -1.0 -1.0 9.0 258.0 65.0
403 -1.0 -1.0 8.0 274.0 83.0
404 -1.0 -1.0 20.0 400.0 54.0
405 -1.0 -1.0 7.0 336.0 66.0
406 -1.0 -1.0 8.0 371.0 95.0
407 -1.0 -1.0 19.0 279.0 94.0
408 -1.0 -1.0 14.0 268.0 40.0
409 -1.0 -1.0 5.0 134.0 91.0
410 -1.0 -1.0 11.0 312.0 90.0
411 -1.0 -1.0 5.0 371.0 41.0
412 -1.0 -1.0 16.0 394.0 35.0
413 -1.0 -1.0 16.0 309.0 48.0
414 -1.0 -1.0 15.0 189.0 86.0
415 -1.0 -1.0 8.0 143.0 35.0
416 -1.0 -1.0 12.0 203.0 97.0
417 -1.0 -1.0 9.0 389.0 28.0
418 -1.0 -1.0 9.0 200.0 35.0
419 -1.0 -1.0 6.0 218.0 35.0
420 -1.0 -1.0 6.0 345.0 82.0
421 -1.0 -1.0 14.0 144.0 25.0
422 -1.0 -1.0 7.0 246.0 27.0
423 -1.0 -1.0 7.0 304.0 78.0
424 -1.0 -1.0 8.0 71.0 53.0
425 -1.0 -1.0 15.0 138.0 71.0
426 -1.0 -1.0 5.0 380.0 90.0
427 -1.0 -1.0 7.0 258.0 26.0
428 -1.0 -1.0 10.0 92.0 60.0
429 -1.0 -1.0 18.0 379.0 22.0
430 -1.0 -1.0 18.0 327.0 88.0
431 -1.0 -1.0 8.0 173.0 18.0
432 -1.0 -1.0 10.0 274.0 17.0
433 -1.0 -1.0 9.0 89.0 80.0
434 -1.0 -1.0 20.0 37.0 44.0
435 -1.0 -1.0 19.0 286.0 68.0
436 -1.0 -1.0 5.0 145.0 27.0
437 -1.0 -1.0 5.0 198.0 63.0
438 -1.0 -1.0 13.0 257.0 51.0
439 -1.0 -1.0 13.0 41.0 28.0
440 -1.0 -1.0 4.0 244.0 45.0
441 -1.0 -1.0 4.0 339.0 33.0
442 -1.0 -1.0 19.0 354.0 51.0
443 -1.0 -1.0 9.0 122.0 73.0
444 -1.0 -1.0 19.0 357.0 34.0
445 -1.0 -1.0 12.0 283.0 71.0
446 -1.0 -1.0 20.0 381.0 100.0
447 -1.0 -1.0 8.0 173.0 82.0
448 -1.0 -1.0 16.0 345.0 99.0
449 -1.0 -1.0 18.0 204.0 21.0
450 -1.0 -1.0 12.0 308.0 54.0
451 -1.0 -1.0 20.0 331.0 49.0
452 -1.0 -1.0 13.0 163.0 91.0
453 -1.0 -1.0 18.0 92.0 77.0
454 -1.0 -1.0 7.0 250.0 33.0
455 -1.0 -1.0 8.0 315.0 71.0
456 -1.0 -1.0 19.0 118.0 18.0
457 -1.0 -1.0 9.0 230.0 38.0
458 -1.0 -1.0 11.0 400.0 97.0
459 -1.0 -1.0 5.0 62.0 52.0
460 -1.0 -1.0 11.0 73.0 20.0
461 -1.0 -1.0 19.0 120.0 82.0
462 -1.0 -1.0 17.0 23.0 90.0
463 -1.0 -1.0 20.0 205.0 51.0
464 -1.0 -1.0 17.0 298.0 43.0
465 -1.0 -1.0 13.0 72.0 68.0
466 -1.0 -1.0 8.0 291.0 84.0
467 -1.0 -1.0 16.0 201.0 52.0
468 -1.0 -1.0 17.0 166.0 71.0
469 -1.0 -1.0 14.0 71.0 28.0
470 -1.0 -1.0 4.0 175.0 96.0
471 -1.0 -1.0 7.0 40.0 71.0
472 -1.0 -1.0 4.0 45.0 91.0
473 -1.0 -1.0 5.0 81.0 61.0
474 -1.0 -1.0 16.0 218.0 75.0
475 -1.0 -1.0 10.0 361.0 78.0
476 -1.0 -1.0 18.0 194.0 54.0
477 -1.0 -1.0 19.0 358.0 27.0
478 -1.0 -1.0 16.0 146.0 76.0
479 -1.0 -1.0 12.0 15.0 56.0
480 -1.0 -1.0 8.0 36.0 79.0
481 -1.0 -1.0 8.0 25.0 58.0
482 -1.0 -1.0 13.0 333.0 28.0
483 -1.0 -1.0 13.0 294.0 67.0
484 -1.0 -1.0 15.0 36.0 79.0
485 -1.0 -1.0 12.0 182.0 22.0
635
0 1 8
1 18 7
1 2 5
3 19 7
3 4 11
5 21 10
5 6 10
6 22 12
7 24 12
8 25 10
8 9 9
9 10 8
10 11 11
11 26 10
11 12 10
12 13 5
14 28 8
14 15 10
15 29 6
16 31 12
16 17 6
18 33 6
19 35 12
20 37 5
20 21 6
21 22 9
22 38 12
22 23 9
23 39 6
23 24 11
24 40 5
26 42 12
27 46 11
27 28 5
28 47 6
28 29 10
29 48 11
29 30 5
30 49 10
30 31 7
32 33 9
33 50 12
34 35 5
35 36 11
36 37 7
37 53 8
38 39 6
39 55 8
39 40 5
40 56 8
41 57 7
42 60 11
42 43 5
43 44 11
44 45 10
45 46 8
46 61 7
46 47 8
47 48 9
48 62 11
48 49 9
49 63 7
50 65 11
50 51 12
51 52 11
52 66 9
53 54 7
55 70 12
55 56 11
57 58 5
58 72 9
58 59 5
60 73 9
61 75 10
62 63 5
64 77 11
66 80 10
66 67 7
67 81 9
68 83 12
69 85 5
69 70 7
71 87 8
72 88 6
73 91 6
73 74 9
74 92 6
75 93 11
76 96 6
76 77 9
77 97 8
78 98 6
79 80 8
80 100 9
80 81 7
81 101 11
81 82 5
82 83 5
83 102 8
83 84 8
85 104 11
86 106 8
86 87 8
87 107 7
88 109 9
88 89 9
89 90 6
90 110 12
90 91 6
91 111 8
91 92 10
92 112 6
93 94 9
94 114 12
95 116 9
95 96 9
96 117 12
96 97 7
97 118 8
98 119 7
98 99 9
99 120 6
100 122 10
100 101 9
102 124 8
103 126 11
103 104 7
104 105 7
105 127 10
105 106 12
106 128 8
106 107 10
107 129 7
107 108 12
108 130 6
108 109 10
110 131 12
110 111 8
111 132 8
111 112 9
112 133 8
113 135 7
114 136 7
114 115 10
115 137 12
115 116 5
116 138 7
116 117 5
117 118 11
118 139 7
119 140 6
119 120 11
120 141 5
120 121 5
121 142 6
121 122 12
123 143 11
123 124 7
124 125 6
125 126 7
126 144 5
127 145 7
127 128 9
128 129 7
129 130 9
131 148 11
131 132 11
132 133 11
133 149 7
133 134 5
134 150 10
134 135 12
136 152 7
136 137 9
137 153 9
137 138 10
138 154 5
139 155 7
140 156 12
140 141 8
141 157 11
141 142 9
143 159 12
144 162 6
145 163 11
146 166 9
146 147 8
147 167 6
147 148 7
148 168 8
149 170 9
149 150 6
150 171 12
151 152 10
152 173 6
152 153 12
153 154 11
154 174 5
155 175 11
156 176 12
156 157 11
157 177 5
158 180 7
158 159 10
159 181 11
159 160 9
160 182 11
160 161 10
161 183 10
161 162 10
162 184 7
164 165 8
165 166 11
166 167 10
167 168 5
168 169 5
169 186 9
169 170 9
170 187 12
170 171 9
171 188 5
171 172 11
172 189 9
173 191 8
175 194 10
176 195 12
176 177 12
177 196 9
177 178 11
178 197 11
178 179 9
179 198 11
179 180 8
180 199 9
180 181 7
181 182 12
182 183 6
183 184 7
185 202 7
186 206 6
186 187 6
187 188 6
188 189 6
189 190 10
190 207 7
190 191 10
191 192 10
193 194 11
195 209 6
195 196 7
196 197 6
197 210 7
197 198 7
198 211 11
198 199 6
199 212 10
200 216 5
200 201 12
201 202 11
202 203 5
204 217 8
205 206 9
206 218 8
208 222 7
209 225 6
210 227 12
210 211 11
211 228 6
211 212 8
212 229 8
212 213 9
213 230 11
214 232 11
214 215 9
215 233 8
215 216 12
216 234 10
217 239 7
218 219 7
220 244 6
220 221 9
221 222 11
222 245 12
222 223 7
223 246 8
223 224 12
224 247 8
225 248 9
225 226 5
226 249 6
226 227 5
227 250 7
227 228 6
228 229 12
229 251 12
229 230 9
230 252 6
230 231 8
231 253 12
231 232 11
232 254 10
232 233 8
233 234 8
234 255 8
234 235 7
235 256 8
235 236 11
236 257 10
236 237 10
237 238 12
238 258 10
238 239 5
239 259 12
239 240 11
241 262 5
241 242 7
242 263 10
242 243 9
243 244 10
244 264 12
245 265 7
245 246 9
246 247 7
247 266 5
248 267 9
248 249 8
249 268 12
249 250 5
250 269 6
251 252 7
252 270 8
252 253 10
253 271 7
253 254 6
254 272 11
255 274 5
255 256 10
256 275 10
256 257 10
257 276 10
258 277 7
258 259 10
259 278 5
260 280 11
261 262 6
262 263 10
263 282 12
264 284 6
266 287 10
267 268 6
268 288 11
268 269 8
270 271 12
271 291 7
271 272 10
272 292 6
272 273 5
273 293 11
273 274 5
274 294 6
274 275 12
275 295 5
275 276 12
276 296 8
277 298 7
277 278 11
278 299 6
278 279 7
279 300 9
279 280 5
280 301 9
280 281 6
281 302 7
282 304 10
282 283 6
283 305 7
283 284 6
284 285 12
285 306 6
286 308 11
286 287 11
287 309 6
288 311 12
289 312 8
289 290 9
290 313 8
291 315 5
291 292 6
292 293 5
293 316 9
293 294 9
294 317 6
294 295 12
295 296 5
296 297 11
297 318 5
297 298 6
298 299 9
299 300 11
300 301 9
301 319 9
301 302 6
302 320 12
302 303 12
304 305 8
305 321 12
306 322 8
306 307 11
307 308 10
308 323 6
308 309 8
309 324 5
310 325 7
310 311 12
311 326 5
312 313 6
313 314 10
314 328 11
314 315 11
316 330 9
316 317 8
318 333 10
319 320 5
320 337 12
321 341 11
323 324 7
325 326 11
326 342 10
326 327 12
329 330 8
331 344 8
331 332 10
332 333 9
333 345 5
333 334 7
334 335 5
335 346 9
335 336 5
337 348 5
337 338 6
338 349 11
338 339 10
339 350 5
339 340 6
340 351 8
340 341 5
341 352 10
342 355 6
343 357 9
344 363 6
345 365 7
346 367 6
347 348 7
348 349 5
349 350 11
350 368 7
350 351 7
351 352 12
352 369 10
352 353 9
353 370 11
354 355 12
355 374 5
355 356 5
356 357 7
357 358 6
358 375 6
358 359 7
359 376 11
359 360 10
360 361 10
361 377 11
362 363 11
363 379 5
363 364 6
364 380 12
364 365 6
365 381 10
365 366 10
366 382 11
366 367 12
367 383 8
368 388 8
369 390 6
369 370 7
370 391 12
370 371 11
371 392 11
371 372 10
372 393 9
372 373 7
373 394 7
374 397 5
375 398 6
375 376 12
377 399 11
377 378 7
379 401 5
379 380 7
380 402 6
380 381 12
381 403 9
381 382 11
382 404 10
382 383 7
383 405 9
383 384 7
384 385 5
385 386 12
386 406 7
386 387 10
387 407 12
387 388 12
388 408 10
388 389 10
389 409 6
389 390 10
390 391 6
391 410 7
391 392 8
392 411 8
392 393 5
393 394 6
394 412 5
394 395 9
395 413 8
396 414 5
396 397 8
397 415 12
398 418 7
400 421 11
400 401 11
401 422 6
401 402 12
402 423 10
402 403 10
403 424 11
403 404 12
404 405 10
406 407 6
407 425 11
407 408 5
408 409 11
409 426 11
410 428 8
410 411 8
411 429 8
412 430 11
412 413 7
414 415 6
415 416 5
416 417 6
417 418 6
418 431 8
418 419 5
419 432 11
419 420 5
420 433 9
421 436 7
421 422 10
422 437 6
422 423 6
423 424 11
424 438 6
425 443 8
426 427 10
427 428 11
428 445 9
428 429 9
429 446 9
430 447 10
431 451 11
431 432 7
432 452 8
432 433 9
433 434 5
434 453 10
434 435 11
435 436 9
436 454 8
436 437 11
438 456 9
439 458 5
439 440 12
440 459 11
440 441 8
441 460 10
441 442 12
442 443 12
443 461 11
443 444 7
444 462 5
445 465 10
445 446 8
446 466 8
447 468 9
447 448 8
449 469 7
450 472 7
450 451 10
451 452 8
452 473 8
453 474 10
455 475 8
455 456 9
456 476 6
456 457 10
457 477 10
457 458 12
458 478 12
458 459 10
459 479 7
459 460 9
460 480 8
461 462 5
462 481 8
462 463 7
463 464 6
464 482 11
464 465 5
465 483 6
465 466 12
466 467 5
467 468 7
468 484 7
469 470 5
470 471 6
471 472 7
475 476 10
476 477 7
477 478 5
478 479 9
479 480 9
482 483 12
484 485 12
10 0.05 0.05 0.05
