726
0 -1.0 -1.0 12.0 108.0 71.0
1 -1.0 -1.0 10.0 370.0 23.0
2 -1.0 -1.0 7.0 359.0 30.0
3 -1.0 -1.0 20.0 237.0 57.0
4 -1.0 -1.0 7.0 64.0 60.0
5 -1.0 -1.0 20.0 291.0 92.0
6 -1.0 -1.0 19.0 112.0 20.0
7 -1.0 -1.0 19.0 263.0 68.0
8 -1.0 -1.0 8.0 272.0 94.0
9 -1.0 -1.0 15.0 181.0 45.0
10 -1.0 -1.0 18.0 180.0 63.0
11 -1.0 -1.0 8.0 126.0 59.0
12 -1.0 -1.0 5.0 82.0 52.0
13 -1.0 -1.0 19.0 266.0 23.0
14 -1.0 -1.0 4.0 217.0 44.0
15 -1.0 -1.0 15.0 256.0 96.0
16 -1.0 -1.0 17.0 220.0 98.0
17 -1.0 -1.0 16.0 249.0 58.0
18 -1.0 -1.0 20.0 352.0 48.0
19 -1.0 -1.0 14.0 311.0 47.0
20 -1.0 -1.0 14.0 124.0 56.0
21 -1.0 -1.0 12.0 230.0 61.0
22 -1.0 -1.0 17.0 48.0 82.0
23 -1.0 -1.0 5.0 368.0 64.0
24 -1.0 -1.0 19.0 82.0 62.0
25 -1.0 -1.0 10.0 229.0 73.0
26 -1.0 -1.0 9.0 251.0 40.0
27 -1.0 -1.0 7.0 312.0 57.0
28 -1.0 -1.0 18.0 49.0 73.0
29 -1.0 -1.0 13.0 265.0 92.0
30 -1.0 -1.0 17.0 179.0 23.0
31 -1.0 -1.0 18.0 255.0 37.0
32 -1.0 -1.0 10.0 134.0 51.0
33 -1.0 -1.0 19.0 77.0 41.0
34 -1.0 -1.0 20.0 101.0 53.0
35 -1.0 -1.0 20.0 160.0 28.0
36 -1.0 -1.0 9.0 169.0 70.0
37 -1.0 -1.0 7.0 242.0 83.0
38 -1.0 -1.0 10.0 169.0 97.0
39 -1.0 -1.0 18.0 87.0 18.0
40 -1.0 -1.0 18.0 274.0 19.0
41 -1.0 -1.0 9.0 363.0 69.0
42 -1.0 -1.0 12.0 359.0 30.0
43 -1.0 -1.0 7.0 392.0 23.0
44 -1.0 -1.0 10.0 72.0 68.0
45 -1.0 -1.0 11.0 131.0 79.0
46 -1.0 -1.0 10.0 211.0 47.0
47 -1.0 -1.0 19.0 257.0 58.0
48 -1.0 -1.0 17.0 224.0 37.0
49 -1.0 -1.0 13.0 174.0 82.0
50 -1.0 -1.0 10.0 297.0 40.0
51 -1.0 -1.0 17.0 120.0 18.0
52 -1.0 -1.0 19.0 381.0 44.0
53 -1.0 -1.0 16.0 383.0 35.0
54 -1.0 -1.0 19.0 189.0 21.0
55 -1.0 -1.0 10.0 289.0 35.0
56 -1.0 -1.0 12.0 327.0 82.0
57 -1.0 -1.0 8.0 208.0 85.0
58 -1.0 -1.0 8.0 132.0 98.0
59 -1.0 -1.0 8.0 341.0 30.0
60 -1.0 -1.0 4.0 283.0 19.0
61 -1.0 -1.0 10.0 348.0 87.0
62 -1.0 -1.0 16.0 43.0 73.0
63 -1.0 -1.0 16.0 232.0 51.0
64 -1.0 -1.0 6.0 239.0 74.0
65 -1.0 -1.0 12.0 110.0 34.0
66 -1.0 -1.0 13.0 358.0 19.0
67 -1.0 -1.0 7.0 349.0 70.0
68 -1.0 -1.0 15.0 231.0 91.0
69 -1.0 -1.0 15.0 122.0 45.0
70 -1.0 -1.0 9.0 149.0 55.0
71 -1.0 -1.0 19.0 64.0 99.0
72 -1.0 -1.0 5.0 304.0 28.0
73 -1.0 -1.0 10.0 201.0 58.0
74 -1.0 -1.0 12.0 60.0 52.0
75 -1.0 -1.0 6.0 54.0 97.0
76 -1.0 -1.0 6.0 270.0 76.0
77 -1.0 -1.0 4.0 234.0 36.0
78 -1.0 -1.0 20.0 95.0 55.0
79 -1.0 -1.0 7.0 276.0 65.0
80 -1.0 -1.0 8.0 114.0 81.0
81 -1.0 -1.0 18.0 234.0 90.0
82 -1.0 -1.0 16.0 258.0 33.0
83 -1.0 -1.0 11.0 17.0 34.0
84 -1.0 -1.0 10.0 117.0 95.0
85 -1.0 -1.0 18.0 118.0 79.0
86 -1.0 -1.0 12.0 353.0 16.0
87 -1.0 -1.0 12.0 97.0 78.0
88 -1.0 -1.0 18.0 373.0 43.0
89 -1.0 -1.0 13.0 46.0 82.0
90 -1.0 -1.0 4.0 175.0 82.0
91 -1.0 -1.0 4.0 329.0 98.0
92 -1.0 -1.0 10.0 203.0 99.0
93 -1.0 -1.0 15.0 154.0 59.0
94 -1.0 -1.0 17.0 51.0 86.0
95 -1.0 -1.0 4.0 115.0 56.0
96 -1.0 -1.0 6.0 378.0 32.0
97 -1.0 -1.0 19.0 136.0 40.0
98 -1.0 -1.0 16.0 183.0 91.0
99 -1.0 -1.0 4.0 305.0 22.0
100 -1.0 -1.0 12.0 257.0 82.0
101 -1.0 -1.0 16.0 155.0 89.0
102 -1.0 -1.0 19.0 367.0 52.0
103 -1.0 -1.0 16.0 142.0 42.0
104 -1.0 -1.0 12.0 127.0 62.0
105 -1.0 -1.0 12.0 168.0 51.0
106 -1.0 -1.0 13.0 303.0 27.0
107 -1.0 -1.0 17.0 212.0 97.0
108 -1.0 -1.0 7.0 251.0 44.0
109 -1.0 -1.0 12.0 96.0 99.0
110 -1.0 -1.0 13.0 386.0 36.0
111 -1.0 -1.0 10.0 104.0 18.0
112 -1.0 -1.0 8.0 378.0 35.0
113 -1.0 -1.0 5.0 83.0 56.0
114 -1.0 -1.0 4.0 29.0 73.0
115 -1.0 -1.0 5.0 305.0 45.0
116 -1.0 -1.0 8.0 160.0 72.0
117 -1.0 -1.0 11.0 129.0 75.0
118 -1.0 -1.0 8.0 144.0 19.0
119 -1.0 -1.0 12.0 37.0 92.0
120 -1.0 -1.0 18.0 17.0 81.0
121 -1.0 -1.0 4.0 166.0 93.0
122 -1.0 -1.0 14.0 17.0 98.0
123 -1.0 -1.0 15.0 136.0 72.0
124 -1.0 -1.0 18.0 175.0 86.0
125 -1.0 -1.0 17.0 281.0 15.0
126 -1.0 -1.0 11.0 199.0 57.0
127 -1.0 -1.0 8.0 321.0 21.0
128 -1.0 -1.0 15.0 34.0 46.0
129 -1.0 -1.0 20.0 190.0 88.0
130 -1.0 -1.0 20.0 97.0 80.0
131 -1.0 -1.0 4.0 61.0 24.0
132 -1.0 -1.0 11.0 201.0 60.0
133 -1.0 -1.0 17.0 54.0 80.0
134 -1.0 -1.0 19.0 385.0 51.0
135 -1.0 -1.0 10.0 137.0 20.0
136 -1.0 -1.0 17.0 341.0 62.0
137 -1.0 -1.0 12.0 257.0 50.0
138 -1.0 -1.0 10.0 344.0 33.0
139 -1.0 -1.0 17.0 40.0 80.0
140 -1.0 -1.0 5.0 391.0 16.0
141 -1.0 -1.0 10.0 51.0 83.0
142 -1.0 -1.0 14.0 116.0 77.0
143 -1.0 -1.0 7.0 131.0 29.0
144 -1.0 -1.0 16.0 299.0 19.0
145 -1.0 -1.0 16.0 292.0 96.0
146 -1.0 -1.0 9.0 279.0 23.0
147 -1.0 -1.0 11.0 254.0 64.0
148 -1.0 -1.0 9.0 308.0 51.0
149 -1.0 -1.0 12.0 232.0 75.0
150 -1.0 -1.0 7.0 17.0 84.0
151 -1.0 -1.0 6.0 63.0 98.0
152 -1.0 -1.0 9.0 393.0 44.0
153 -1.0 -1.0 7.0 22.0 98.0
154 -1.0 -1.0 5.0 338.0 49.0
155 -1.0 -1.0 6.0 328.0 98.0
156 -1.0 -1.0 6.0 300.0 50.0
157 -1.0 -1.0 4.0 99.0 34.0
158 -1.0 -1.0 17.0 220.0 31.0
159 -1.0 -1.0 19.0 341.0 86.0
160 -1.0 -1.0 20.0 125.0 17.0
161 -1.0 -1.0 4.0 151.0 66.0
162 -1.0 -1.0 14.0 359.0 82.0
163 -1.0 -1.0 13.0 112.0 89.0
164 -1.0 -1.0 20.0 249.0 96.0
165 -1.0 -1.0 12.0 199.0 81.0
166 -1.0 -1.0 7.0 205.0 58.0
167 -1.0 -1.0 11.0 322.0 38.0
168 -1.0 -1.0 16.0 104.0 59.0
169 -1.0 -1.0 4.0 16.0 75.0
170 -1.0 -1.0 19.0 319.0 96.0
171 -1.0 -1.0 14.0 76.0 75.0
172 -1.0 -1.0 19.0 128.0 69.0
173 -1.0 -1.0 6.0 304.0 22.0
174 -1.0 -1.0 6.0 306.0 87.0
175 -1.0 -1.0 13.0 143.0 58.0
176 -1.0 -1.0 11.0 130.0 79.0
177 -1.0 -1.0 10.0 70.0 86.0
178 -1.0 -1.0 12.0 336.0 93.0
179 -1.0 -1.0 14.0 177.0 50.0
180 -1.0 -1.0 20.0 28.0 83.0
181 -1.0 -1.0 7.0 108.0 65.0
182 -1.0 -1.0 15.0 288.0 50.0
183 -1.0 -1.0 14.0 119.0 61.0
184 -1.0 -1.0 7.0 380.0 38.0
185 -1.0 -1.0 16.0 62.0 29.0
186 -1.0 -1.0 13.0 390.0 31.0
187 -1.0 -1.0 16.0 181.0 85.0
188 -1.0 -1.0 11.0 153.0 89.0
189 -1.0 -1.0 18.0 43.0 63.0
190 -1.0 -1.0 16.0 330.0 63.0
191 -1.0 -1.0 19.0 29.0 72.0
192 -1.0 -1.0 16.0 20.0 80.0
193 -1.0 -1.0 9.0 194.0 15.0
194 -1.0 -1.0 8.0 103.0 33.0
195 -1.0 -1.0 5.0 199.0 18.0
196 -1.0 -1.0 12.0 66.0 72.0
197 -1.0 -1.0 20.0 137.0 47.0
198 -1.0 -1.0 17.0 107.0 29.0
199 -1.0 -1.0 18.0 117.0 15.0
200 -1.0 -1.0 14.0 123.0 88.0
201 -1.0 -1.0 15.0 31.0 36.0
202 -1.0 -1.0 12.0 264.0 98.0
203 -1.0 -1.0 12.0 334.0 30.0
204 -1.0 -1.0 12.0 367.0 86.0
205 -1.0 -1.0 10.0 63.0 25.0
206 -1.0 -1.0 10.0 18.0 60.0
207 -1.0 -1.0 12.0 168.0 67.0
208 -1.0 -1.0 20.0 17.0 26.0
209 -1.0 -1.0 7.0 83.0 46.0
210 -1.0 -1.0 20.0 78.0 50.0
211 -1.0 -1.0 18.0 18.0 96.0
212 -1.0 -1.0 10.0 397.0 25.0
213 -1.0 -1.0 7.0 245.0 30.0
214 -1.0 -1.0 11.0 49.0 56.0
215 -1.0 -1.0 20.0 317.0 41.0
216 -1.0 -1.0 16.0 396.0 32.0
217 -1.0 -1.0 20.0 242.0 70.0
218 -1.0 -1.0 15.0 246.0 32.0
219 -1.0 -1.0 20.0 88.0 94.0
220 -1.0 -1.0 8.0 111.0 34.0
221 -1.0 -1.0 6.0 392.0 17.0
222 -1.0 -1.0 16.0 100.0 35.0
223 -1.0 -1.0 12.0 399.0 22.0
224 -1.0 -1.0 7.0 288.0 85.0
225 -1.0 -1.0 16.0 56.0 82.0
226 -1.0 -1.0 4.0 264.0 57.0
227 -1.0 -1.0 12.0 92.0 27.0
228 -1.0 -1.0 18.0 169.0 25.0
229 -1.0 -1.0 20.0 271.0 59.0
230 -1.0 -1.0 7.0 359.0 34.0
231 -1.0 -1.0 15.0 152.0 18.0
232 -1.0 -1.0 7.0 279.0 65.0
233 -1.0 -1.0 9.0 21.0 73.0
234 -1.0 -1.0 19.0 85.0 22.0
235 -1.0 -1.0 10.0 79.0 26.0
236 -1.0 -1.0 19.0 143.0 24.0
237 -1.0 -1.0 5.0 267.0 97.0
238 -1.0 -1.0 12.0 137.0 18.0
239 -1.0 -1.0 6.0 398.0 33.0
240 -1.0 -1.0 8.0 38.0 61.0
241 -1.0 -1.0 10.0 208.0 16.0
242 -1.0 -1.0 12.0 92.0 16.0
243 -1.0 -1.0 20.0 306.0 36.0
244 -1.0 -1.0 10.0 293.0 58.0
245 -1.0 -1.0 6.0 280.0 93.0
246 -1.0 -1.0 5.0 55.0 63.0
247 -1.0 -1.0 20.0 46.0 15.0
248 -1.0 -1.0 6.0 159.0 99.0
249 -1.0 -1.0 10.0 250.0 32.0
250 -1.0 -1.0 18.0 198.0 70.0
251 -1.0 -1.0 12.0 271.0 27.0
252 -1.0 -1.0 11.0 135.0 60.0
253 -1.0 -1.0 16.0 244.0 97.0
254 -1.0 -1.0 8.0 396.0 81.0
255 -1.0 -1.0 15.0 47.0 26.0
256 -1.0 -1.0 4.0 208.0 97.0
257 -1.0 -1.0 5.0 292.0 16.0
258 -1.0 -1.0 17.0 126.0 83.0
259 -1.0 -1.0 5.0 37.0 27.0
260 -1.0 -1.0 8.0 394.0 33.0
261 -1.0 -1.0 8.0 123.0 73.0
262 -1.0 -1.0 16.0 325.0 45.0
263 -1.0 -1.0 18.0 46.0 36.0
264 -1.0 -1.0 9.0 356.0 74.0
265 -1.0 -1.0 8.0 264.0 17.0
266 -1.0 -1.0 20.0 184.0 28.0
267 -1.0 -1.0 7.0 337.0 71.0
268 -1.0 -1.0 4.0 263.0 78.0
269 -1.0 -1.0 8.0 77.0 20.0
270 -1.0 -1.0 9.0 301.0 71.0
271 -1.0 -1.0 6.0 258.0 51.0
272 -1.0 -1.0 16.0 327.0 31.0
273 -1.0 -1.0 18.0 336.0 43.0
274 -1.0 -1.0 15.0 287.0 36.0
275 -1.0 -1.0 7.0 323.0 97.0
276 -1.0 -1.0 12.0 346.0 33.0
277 -1.0 -1.0 16.0 126.0 93.0
278 -1.0 -1.0 10.0 314.0 69.0
279 -1.0 -1.0 13.0 375.0 91.0
280 -1.0 -1.0 16.0 232.0 52.0
281 -1.0 -1.0 15.0 245.0 86.0
282 -1.0 -1.0 8.0 85.0 28.0
283 -1.0 -1.0 6.0 381.0 41.0
284 -1.0 -1.0 7.0 400.0 71.0
285 -1.0 -1.0 14.0 178.0 53.0
286 -1.0 -1.0 20.0 217.0 47.0
287 -1.0 -1.0 6.0 283.0 24.0
288 -1.0 -1.0 9.0 175.0 80.0
289 -1.0 -1.0 17.0 27.0 92.0
290 -1.0 -1.0 11.0 176.0 83.0
291 -1.0 -1.0 12.0 286.0 36.0
292 -1.0 -1.0 9.0 385.0 60.0
293 -1.0 -1.0 8.0 175.0 88.0
294 -1.0 -1.0 8.0 307.0 27.0
295 -1.0 -1.0 8.0 272.0 58.0
296 -1.0 -1.0 11.0 297.0 89.0
297 -1.0 -1.0 5.0 130.0 96.0
298 -1.0 -1.0 4.0 342.0 61.0
299 -1.0 -1.0 9.0 59.0 17.0
300 -1.0 -1.0 6.0 126.0 68.0
301 -1.0 -1.0 10.0 167.0 33.0
302 -1.0 -1.0 6.0 293.0 94.0
303 -1.0 -1.0 7.0 31.0 61.0
304 -1.0 -1.0 4.0 170.0 54.0
305 -1.0 -1.0 7.0 145.0 76.0
306 -1.0 -1.0 9.0 379.0 38.0
307 -1.0 -1.0 18.0 400.0 20.0
308 -1.0 -1.0 14.0 109.0 53.0
309 -1.0 -1.0 11.0 320.0 30.0
310 -1.0 -1.0 10.0 257.0 51.0
311 -1.0 -1.0 17.0 27.0 55.0
312 -1.0 -1.0 8.0 43.0 93.0
313 -1.0 -1.0 5.0 326.0 64.0
314 -1.0 -1.0 19.0 78.0 41.0
315 -1.0 -1.0 11.0 169.0 30.0
316 -1.0 -1.0 20.0 121.0 86.0
317 -1.0 -1.0 7.0 71.0 98.0
318 -1.0 -1.0 8.0 109.0 52.0
319 -1.0 -1.0 15.0 55.0 74.0
320 -1.0 -1.0 14.0 48.0 96.0
321 -1.0 -1.0 8.0 193.0 36.0
322 -1.0 -1.0 9.0 315.0 38.0
323 -1.0 -1.0 5.0 195.0 18.0
324 -1.0 -1.0 4.0 195.0 44.0
325 -1.0 -1.0 10.0 326.0 17.0
326 -1.0 -1.0 18.0 296.0 71.0
327 -1.0 -1.0 9.0 248.0 90.0
328 -1.0 -1.0 9.0 298.0 73.0
329 -1.0 -1.0 5.0 392.0 88.0
330 -1.0 -1.0 19.0 249.0 48.0
331 -1.0 -1.0 4.0 108.0 74.0
332 -1.0 -1.0 17.0 158.0 16.0
333 -1.0 -1.0 16.0 289.0 74.0
334 -1.0 -1.0 17.0 54.0 82.0
335 -1.0 -1.0 12.0 106.0 15.0
336 -1.0 -1.0 7.0 216.0 72.0
337 -1.0 -1.0 7.0 216.0 53.0
338 -1.0 -1.0 17.0 28.0 71.0
339 -1.0 -1.0 13.0 150.0 22.0
340 -1.0 -1.0 9.0 76.0 68.0
341 -1.0 -1.0 16.0 263.0 36.0
342 -1.0 -1.0 18.0 348.0 100.0
343 -1.0 -1.0 12.0 208.0 47.0
344 -1.0 -1.0 8.0 253.0 39.0
345 -1.0 -1.0 12.0 332.0 26.0
346 -1.0 -1.0 18.0 375.0 50.0
347 -1.0 -1.0 9.0 57.0 31.0
348 -1.0 -1.0 17.0 247.0 90.0
349 -1.0 -1.0 7.0 38.0 43.0
350 -1.0 -1.0 16.0 392.0 83.0
351 -1.0 -1.0 4.0 186.0 98.0
352 -1.0 -1.0 4.0 283.0 94.0
353 -1.0 -1.0 18.0 270.0 63.0
354 -1.0 -1.0 17.0 358.0 84.0
355 -1.0 -1.0 20.0 69.0 52.0
356 -1.0 -1.0 10.0 68.0 15.0
357 -1.0 -1.0 13.0 36.0 77.0
358 -1.0 -1.0 20.0 138.0 95.0
359 -1.0 -1.0 11.0 88.0 60.0
360 -1.0 -1.0 14.0 38.0 15.0
361 -1.0 -1.0 11.0 345.0 83.0
362 -1.0 -1.0 17.0 238.0 26.0
363 -1.0 -1.0 17.0 319.0 48.0
364 -1.0 -1.0 11.0 166.0 34.0
365 -1.0 -1.0 9.0 173.0 98.0
366 -1.0 -1.0 5.0 82.0 96.0
367 -1.0 -1.0 8.0 148.0 54.0
368 -1.0 -1.0 6.0 140.0 95.0
369 -1.0 -1.0 16.0 54.0 34.0
370 -1.0 -1.0 17.0 108.0 94.0
371 -1.0 -1.0 14.0 42.0 34.0
372 -1.0 -1.0 18.0 147.0 93.0
373 -1.0 -1.0 6.0 177.0 32.0
374 -1.0 -1.0 4.0 359.0 58.0
375 -1.0 -1.0 15.0 27.0 59.0
376 -1.0 -1.0 11.0 126.0 97.0
377 -1.0 -1.0 8.0 371.0 65.0
378 -1.0 -1.0 15.0 228.0 19.0
379 -1.0 -1.0 10.0 208.0 74.0
380 -1.0 -1.0 9.0 86.0 94.0
381 -1.0 -1.0 10.0 51.0 23.0
382 -1.0 -1.0 6.0 320.0 52.0
383 -1.0 -1.0 9.0 64.0 42.0
384 -1.0 -1.0 7.0 242.0 19.0
385 -1.0 -1.0 10.0 143.0 80.0
386 -1.0 -1.0 6.0 263.0 99.0
387 -1.0 -1.0 20.0 253.0 50.0
388 -1.0 -1.0 14.0 386.0 79.0
389 -1.0 -1.0 13.0 375.0 56.0
390 -1.0 -1.0 20.0 197.0 96.0
391 -1.0 -1.0 17.0 34.0 47.0
392 -1.0 -1.0 13.0 98.0 31.0
393 -1.0 -1.0 10.0 98.0 32.0
394 -1.0 -1.0 12.0 215.0 36.0
395 -1.0 -1.0 4.0 149.0 81.0
396 -1.0 -1.0 17.0 396.0 56.0
397 -1.0 -1.0 17.0 212.0 96.0
398 -1.0 -1.0 17.0 175.0 50.0
399 -1.0 -1.0 12.0 151.0 18.0
400 -1.0 -1.0 10.0 132.0 47.0
401 -1.0 -1.0 16.0 329.0 68.0
402 -1.0 -1.0 15.0 392.0 45.0
403 -1.0 -1.0 19.0 356.0 70.0
404 -1.0 -1.0 14.0 323.0 20.0
405 -1.0 -1.0 14.0 199.0 75.0
406 -1.0 -1.0 17.0 185.0 35.0
407 -1.0 -1.0 9.0 161.0 16.0
408 -1.0 -1.0 15.0 356.0 58.0
409 -1.0 -1.0 7.0 341.0 46.0
410 -1.0 -1.0 4.0 132.0 59.0
411 -1.0 -1.0 14.0 31.0 75.0
412 -1.0 -1.0 15.0 356.0 44.0
413 -1.0 -1.0 13.0 41.0 75.0
414 -1.0 -1.0 16.0 190.0 85.0
415 -1.0 -1.0 11.0 178.0 44.0
416 -1.0 -1.0 16.0 233.0 67.0
417 -1.0 -1.0 16.0 43.0 29.0
418 -1.0 -1.0 15.0 237.0 62.0
419 -1.0 -1.0 18.0 112.0 68.0
420 -1.0 -1.0 14.0 385.0 77.0
421 -1.0 -1.0 16.0 366.0 22.0
422 -1.0 -1.0 20.0 258.0 73.0
423 -1.0 -1.0 20.0 29.0 61.0
424 -1.0 -1.0 17.0 357.0 59.0
425 -1.0 -1.0 16.0 333.0 66.0
426 -1.0 -1.0 11.0 301.0 81.0
427 -1.0 -1.0 17.0 80.0 33.0
428 -1.0 -1.0 19.0 377.0 70.0
429 -1.0 -1.0 19.0 175.0 34.0
430 -1.0 -1.0 4.0 70.0 42.0
431 -1.0 -1.0 11.0 244.0 21.0
432 -1.0 -1.0 10.0 66.0 89.0
433 -1.0 -1.0 9.0 311.0 79.0
434 -1.0 -1.0 10.0 60.0 59.0
435 -1.0 -1.0 13.0 214.0 23.0
436 -1.0 -1.0 5.0 360.0 55.0
437 -1.0 -1.0 5.0 117.0 21.0
438 -1.0 -1.0 10.0 80.0 82.0
439 -1.0 -1.0 13.0 213.0 83.0
440 -1.0 -1.0 17.0 153.0 91.0
441 -1.0 -1.0 20.0 99.0 66.0
442 -1.0 -1.0 4.0 32.0 58.0
443 -1.0 -1.0 15.0 334.0 60.0
444 -1.0 -1.0 11.0 238.0 83.0
445 -1.0 -1.0 20.0 123.0 99.0
446 -1.0 -1.0 8.0 199.0 53.0
447 -1.0 -1.0 5.0 277.0 100.0
448 -1.0 -1.0 7.0 279.0 29.0
449 -1.0 -1.0 9.0 348.0 87.0
450 -1.0 -1.0 16.0 261.0 61.0
451 -1.0 -1.0 11.0 77.0 53.0
452 -1.0 -1.0 10.0 307.0 27.0
453 -1.0 -1.0 5.0 160.0 30.0
454 -1.0 -1.0 5.0 198.0 52.0
455 -1.0 -1.0 20.0 138.0 15.0
456 -1.0 -1.0 9.0 316.0 92.0
457 -1.0 -1.0 10.0 142.0 47.0
458 -1.0 -1.0 11.0 336.0 60.0
459 -1.0 -1.0 17.0 133.0 28.0
460 -1.0 -1.0 20.0 168.0 86.0
461 -1.0 -1.0 15.0 242.0 60.0
462 -1.0 -1.0 5.0 23.0 89.0
463 -1.0 -1.0 11.0 21.0 55.0
464 -1.0 -1.0 12.0 50.0 31.0
465 -1.0 -1.0 17.0 372.0 68.0
466 -1.0 -1.0 9.0 44.0 23.0
467 -1.0 -1.0 9.0 395.0 31.0
468 -1.0 -1.0 11.0 237.0 92.0
469 -1.0 -1.0 20.0 172.0 36.0
470 -1.0 -1.0 8.0 323.0 98.0
471 -1.0 -1.0 14.0 286.0 86.0
472 -1.0 -1.0 8.0 300.0 82.0
473 -1.0 -1.0 14.0 388.0 21.0
474 -1.0 -1.0 4.0 397.0 44.0
475 -1.0 -1.0 5.0 165.0 49.0
476 -1.0 -1.0 4.0 54.0 92.0
477 -1.0 -1.0 15.0 317.0 17.0
478 -1.0 -1.0 20.0 79.0 26.0
479 -1.0 -1.0 19.0 116.0 95.0
480 -1.0 -1.0 16.0 125.0 58.0
481 -1.0 -1.0 18.0 116.0 37.0
482 -1.0 -1.0 6.0 125.0 34.0
483 -1.0 -1.0 9.0 118.0 24.0
484 -1.0 -1.0 5.0 282.0 43.0
485 -1.0 -1.0 15.0 148.0 57.0
486 -1.0 -1.0 14.0 234.0 68.0
487 -1.0 -1.0 7.0 102.0 49.0
488 -1.0 -1.0 16.0 355.0 79.0
489 -1.0 -1.0 19.0 374.0 39.0
490 -1.0 -1.0 8.0 363.0 77.0
491 -1.0 -1.0 7.0 95.0 64.0
492 -1.0 -1.0 12.0 259.0 45.0
493 -1.0 -1.0 12.0 212.0 39.0
494 -1.0 -1.0 7.0 273.0 25.0
495 -1.0 -1.0 10.0 302.0 24.0
496 -1.0 -1.0 7.0 31.0 88.0
497 -1.0 -1.0 7.0 328.0 62.0
498 -1.0 -1.0 4.0 286.0 85.0
499 -1.0 -1.0 16.0 297.0 87.0
500 -1.0 -1.0 13.0 73.0 73.0
501 -1.0 -1.0 9.0 287.0 63.0
502 -1.0 -1.0 14.0 22.0 70.0
503 -1.0 -1.0 9.0 259.0 31.0
504 -1.0 -1.0 15.0 276.0 21.0
505 -1.0 -1.0 15.0 194.0 60.0
506 -1.0 -1.0 12.0 388.0 50.0
507 -1.0 -1.0 20.0 388.0 35.0
508 -1.0 -1.0 6.0 43.0 38.0
509 -1.0 -1.0 18.0 78.0 26.0
510 -1.0 -1.0 4.0 374.0 41.0
511 -1.0 -1.0 7.0 148.0 63.0
512 -1.0 -1.0 12.0 132.0 20.0
513 -1.0 -1.0 5.0 224.0 48.0
514 -1.0 -1.0 9.0 114.0 81.0
515 -1.0 -1.0 6.0 361.0 59.0
516 -1.0 -1.0 16.0 399.0 79.0
517 -1.0 -1.0 8.0 55.0 26.0
518 -1.0 -1.0 10.0 140.0 61.0
519 -1.0 -1.0 7.0 319.0 92.0
520 -1.0 -1.0 8.0 361.0 26.0
521 -1.0 -1.0 10.0 379.0 38.0
522 -1.0 -1.0 4.0 145.0 26.0
523 -1.0 -1.0 8.0 125.0 34.0
524 -1.0 -1.0 18.0 305.0 90.0
525 -1.0 -1.0 18.0 259.0 17.0
526 -1.0 -1.0 7.0 396.0 100.0
527 -1.0 -1.0 5.0 220.0 62.0
528 -1.0 -1.0 20.0 145.0 96.0
529 -1.0 -1.0 9.0 31.0 46.0
530 -1.0 -1.0 18.0 49.0 34.0
531 -1.0 -1.0 11.0 218.0 89.0
532 -1.0 -1.0 9.0 340.0 25.0
533 -1.0 -1.0 17.0 140.0 21.0
534 -1.0 -1.0 11.0 128.0 66.0
535 -1.0 -1.0 13.0 258.0 36.0
536 -1.0 -1.0 8.0 267.0 64.0
537 -1.0 -1.0 18.0 393.0 36.0
538 -1.0 -1.0 8.0 239.0 35.0
539 -1.0 -1.0 9.0 319.0 66.0
540 -1.0 -1.0 4.0 220.0 77.0
541 -1.0 -1.0 5.0 343.0 52.0
542 -1.0 -1.0 4.0 331.0 73.0
543 -1.0 -1.0 4.0 327.0 51.0
544 -1.0 -1.0 10.0 385.0 40.0
545 -1.0 -1.0 20.0 125.0 19.0
546 -1.0 -1.0 13.0 70.0 16.0
547 -1.0 -1.0 6.0 358.0 43.0
548 -1.0 -1.0 18.0 206.0 60.0
549 -1.0 -1.0 4.0 400.0 74.0
550 -1.0 -1.0 12.0 228.0 100.0
551 -1.0 -1.0 16.0 162.0 72.0
552 -1.0 -1.0 17.0 364.0 32.0
553 -1.0 -1.0 19.0 229.0 39.0
554 -1.0 -1.0 15.0 363.0 81.0
555 -1.0 -1.0 13.0 281.0 90.0
556 -1.0 -1.0 19.0 218.0 45.0
557 -1.0 -1.0 5.0 85.0 42.0
558 -1.0 -1.0 6.0 212.0 16.0
559 -1.0 -1.0 16.0 230.0 64.0
560 -1.0 -1.0 19.0 319.0 49.0
561 -1.0 -1.0 8.0 174.0 91.0
562 -1.0 -1.0 9.0 318.0 29.0
563 -1.0 -1.0 13.0 397.0 30.0
564 -1.0 -1.0 15.0 147.0 95.0
565 -1.0 -1.0 13.0 192.0 75.0
566 -1.0 -1.0 18.0 169.0 79.0
567 -1.0 -1.0 10.0 201.0 15.0
568 -1.0 -1.0 17.0 93.0 63.0
569 -1.0 -1.0 18.0 357.0 37.0
570 -1.0 -1.0 18.0 153.0 32.0
571 -1.0 -1.0 12.0 216.0 55.0
572 -1.0 -1.0 17.0 151.0 79.0
573 -1.0 -1.0 12.0 333.0 69.0
574 -1.0 -1.0 12.0 317.0 32.0
575 -1.0 -1.0 4.0 36.0 78.0
576 -1.0 -1.0 16.0 136.0 99.0
577 -1.0 -1.0 18.0 145.0 49.0
578 -1.0 -1.0 10.0 295.0 65.0
579 -1.0 -1.0 10.0 59.0 40.0
580 -1.0 -1.0 18.0 348.0 53.0
581 -1.0 -1.0 17.0 54.0 88.0
582 -1.0 -1.0 20.0 163.0 50.0
583 -1.0 -1.0 9.0 240.0 63.0
584 -1.0 -1.0 17.0 72.0 98.0
585 -1.0 -1.0 12.0 43.0 44.0
586 -1.0 -1.0 10.0 113.0 38.0
587 -1.0 -1.0 11.0 203.0 77.0
588 -1.0 -1.0 5.0 370.0 76.0
589 -1.0 -1.0 19.0 301.0 100.0
590 -1.0 -1.0 8.0 19.0 70.0
591 -1.0 -1.0 18.0 245.0 98.0
592 -1.0 -1.0 10.0 73.0 16.0
593 -1.0 -1.0 10.0 209.0 68.0
594 -1.0 -1.0 11.0 269.0 72.0
595 -1.0 -1.0 11.0 252.0 17.0
596 -1.0 -1.0 19.0 104.0 62.0
597 -1.0 -1.0 6.0 297.0 35.0
598 -1.0 -1.0 18.0 325.0 17.0
599 -1.0 -1.0 6.0 24.0 51.0
600 -1.0 -1.0 11.0 93.0 55.0
601 -1.0 -1.0 6.0 149.0 77.0
602 -1.0 -1.0 4.0 51.0 93.0
603 -1.0 -1.0 4.0 237.0 81.0
604 -1.0 -1.0 4.0 181.0 79.0
605 -1.0 -1.0 10.0 141.0 71.0
606 -1.0 -1.0 4.0 173.0 95.0
607 -1.0 -1.0 13.0 206.0 95.0
608 -1.0 -1.0 5.0 393.0 75.0
609 -1.0 -1.0 17.0 333.0 18.0
610 -1.0 -1.0 5.0 258.0 32.0
611 -1.0 -1.0 12.0 46.0 69.0
612 -1.0 -1.0 4.0 377.0 40.0
613 -1.0 -1.0 14.0 314.0 81.0
614 -1.0 -1.0 12.0 227.0 77.0
615 -1.0 -1.0 13.0 258.0 40.0
616 -1.0 -1.0 15.0 340.0 36.0
617 -1.0 -1.0 8.0 33.0 77.0
618 -1.0 -1.0 14.0 310.0 74.0
619 -1.0 -1.0 15.0 207.0 75.0
620 -1.0 -1.0 4.0 35.0 45.0
621 -1.0 -1.0 16.0 242.0 98.0
622 -1.0 -1.0 20.0 378.0 77.0
623 -1.0 -1.0 20.0 332.0 84.0
624 -1.0 -1.0 11.0 90.0 59.0
625 -1.0 -1.0 11.0 271.0 22.0
626 -1.0 -1.0 12.0 280.0 97.0
627 -1.0 -1.0 4.0 71.0 92.0
628 -1.0 -1.0 10.0 81.0 47.0
629 -1.0 -1.0 11.0 128.0 40.0
630 -1.0 -1.0 19.0 103.0 15.0
631 -1.0 -1.0 20.0 308.0 15.0
632 -1.0 -1.0 19.0 256.0 46.0
633 -1.0 -1.0 9.0 355.0 69.0
634 -1.0 -1.0 5.0 104.0 27.0
635 -1.0 -1.0 19.0 347.0 86.0
636 -1.0 -1.0 10.0 210.0 20.0
637 -1.0 -1.0 7.0 317.0 60.0
638 -1.0 -1.0 10.0 184.0 93.0
639 -1.0 -1.0 20.0 358.0 43.0
640 -1.0 -1.0 9.0 379.0 34.0
641 -1.0 -1.0 4.0 207.0 50.0
642 -1.0 -1.0 15.0 186.0 72.0
643 -1.0 -1.0 11.0 372.0 56.0
644 -1.0 -1.0 7.0 392.0 29.0
645 -1.0 -1.0 7.0 368.0 88.0
646 -1.0 -1.0 19.0 160.0 59.0
647 -1.0 -1.0 8.0 265.0 54.0
648 -1.0 -1.0 7.0 90.0 49.0
649 -1.0 -1.0 14.0 381.0 91.0
650 -1.0 -1.0 12.0 354.0 15.0
651 -1.0 -1.0 13.0 140.0 100.0
652 -1.0 -1.0 11.0 369.0 82.0
653 -1.0 -1.0 13.0 62.0 24.0
654 -1.0 -1.0 8.0 262.0 87.0
655 -1.0 -1.0 15.0 374.0 79.0
656 -1.0 -1.0 5.0 367.0 60.0
657 -1.0 -1.0 18.0 196.0 28.0
658 -1.0 -1.0 18.0 185.0 31.0
659 -1.0 -1.0 18.0 292.0 52.0
660 -1.0 -1.0 12.0 208.0 62.0
661 -1.0 -1.0 12.0 117.0 64.0
662 -1.0 -1.0 16.0 381.0 32.0
663 -1.0 -1.0 18.0 63.0 39.0
664 -1.0 -1.0 13.0 330.0 98.0
665 -1.0 -1.0 6.0 161.0 64.0
666 -1.0 -1.0 4.0 102.0 22.0
667 -1.0 -1.0 14.0 270.0 88.0
668 -1.0 -1.0 20.0 169.0 17.0
669 -1.0 -1.0 9.0 56.0 47.0
670 -1.0 -1.0 16.0 321.0 42.0
671 -1.0 -1.0 15.0 231.0 65.0
672 -1.0 -1.0 13.0 289.0 79.0
673 -1.0 -1.0 19.0 130.0 47.0
674 -1.0 -1.0 9.0 36.0 27.0
675 -1.0 -1.0 5.0 277.0 88.0
676 -1.0 -1.0 17.0 130.0 47.0
677 -1.0 -1.0 13.0 86.0 94.0
678 -1.0 -1.0 17.0 226.0 62.0
679 -1.0 -1.0 19.0 334.0 78.0
680 -1.0 -1.0 13.0 95.0 26.0
681 -1.0 -1.0 14.0 364.0 19.0
682 -1.0 -1.0 8.0 192.0 91.0
683 -1.0 -1.0 17.0 283.0 22.0
684 -1.0 -1.0 15.0 83.0 60.0
685 -1.0 -1.0 20.0 220.0 33.0
686 -1.0 -1.0 15.0 138.0 88.0
687 -1.0 -1.0 16.0 196.0 23.0
688 -1.0 -1.0 7.0 18.0 58.0
689 -1.0 -1.0 7.0 110.0 75.0
690 -1.0 -1.0 8.0 378.0 20.0
691 -1.0 -1.0 20.0 244.0 93.0
692 -1.0 -1.0 8.0 210.0 68.0
693 -1.0 -1.0 12.0 375.0 45.0
694 -1.0 -1.0 19.0 37.0 39.0
695 -1.0 -1.0 6.0 374.0 49.0
696 -1.0 -1.0 12.0 164.0 46.0
697 -1.0 -1.0 20.0 251.0 31.0
698 -1.0 -1.0 11.0 191.0 46.0
699 -1.0 -1.0 20.0 119.0 69.0
700 -1.0 -1.0 16.0 120.0 45.0
701 -1.0 -1.0 8.0 57.0 45.0
702 -1.0 -1.0 18.0 19.0 91.0
703 -1.0 -1.0 18.0 55.0 30.0
704 -1.0 -1.0 19.0 361.0 64.0
705 -1.0 -1.0 16.0 348.0 18.0
706 -1.0 -1.0 19.0 277.0 18.0
707 -1.0 -1.0 15.0 122.0 35.0
708 -1.0 -1.0 11.0 162.0 27.0
709 -1.0 -1.0 6.0 125.0 32.0
710 -1.0 -1.0 14.0 27.0 21.0
711 -1.0 -1.0 15.0 216.0 80.0
712 -1.0 -1.0 17.0 91.0 40.0
713 -1.0 -1.0 6.0 360.0 33.0
714 -1.0 -1.0 5.0 352.0 19.0
715 -1.0 -1.0 20.0 185.0 68.0
716 -1.0 -1.0 13.0 392.0 27.0
717 -1.0 -1.0 13.0 242.0 77.0
718 -1.0 -1.0 16.0 108.0 43.0
719 -1.0 -1.0 7.0 104.0 74.0
720 -1.0 -1.0 15.0 280.0 17.0
721 -1.0 -1.0 8.0 55.0 82.0
722 -1.0 -1.0 8.0 262.0 43.0
723 -1.0 -1.0 8.0 289.0 80.0
724 -1.0 -1.0 10.0 232.0 67.0
725 -1.0 -1.0 7.0 314.0 86.0
942
0 23 11
0 1 6
1 2 8
2 24 11
3 27 12
4 29 6
4 5 11
5 30 12
5 6 9
6 7 7
7 8 10
8 9 12
9 31 8
9 10 6
10 11 12
11 32 8
11 12 9
12 13 10
13 33 9
13 14 11
14 15 10
15 34 7
15 16 7
16 35 10
17 36 11
17 18 6
18 37 6
18 19 6
19 38 7
19 20 10
21 42 11
21 22 5
24 43 7
25 45 10
26 47 8
26 27 12
27 48 10
28 49 7
28 29 10
29 50 8
29 30 7
30 51 8
34 56 11
34 35 7
35 57 7
36 59 5
36 37 11
37 60 6
37 38 11
38 61 8
39 63 6
39 40 8
40 64 12
40 41 5
41 65 7
41 42 10
42 66 12
43 68 7
43 44 6
44 45 11
45 69 8
45 46 5
46 70 12
46 47 11
47 71 12
47 48 5
48 72 5
49 74 12
49 50 6
50 51 12
51 75 9
52 76 7
53 78 8
54 80 7
55 81 10
55 56 5
56 57 6
57 58 7
58 59 5
59 82 8
59 60 6
60 61 10
61 62 10
62 63 6
63 83 11
63 64 12
64 84 8
64 65 8
65 66 12
66 85 8
67 87 6
68 89 6
69 90 9
69 70 10
70 91 6
70 71 9
71 92 5
71 72 5
72 93 5
72 73 8
73 94 5
73 74 9
74 95 11
76 98 6
77 78 5
78 79 8
79 80 8
80 100 12
81 101 5
82 105 6
83 109 5
83 84 10
84 110 5
85 112 11
85 86 11
86 113 9
87 114 12
87 88 10
88 89 9
89 115 7
90 116 8
90 91 9
91 117 8
91 92 9
92 118 5
92 93 6
93 119 10
93 94 5
94 120 12
94 95 8
95 96 10
97 122 10
97 98 10
98 123 9
98 99 5
99 124 5
100 127 11
101 102 9
102 128 7
102 103 9
103 104 8
104 105 7
105 129 5
105 106 5
106 130 9
106 107 8
107 108 9
108 131 5
108 109 6
109 132 11
109 110 7
110 111 12
111 112 5
112 133 6
112 113 12
113 134 6
116 117 7
117 136 6
117 118 9
118 119 9
119 137 5
119 120 10
120 138 10
121 122 5
122 141 10
122 123 8
123 124 6
124 142 11
125 126 6
126 143 9
126 127 5
127 144 6
128 147 10
129 130 9
130 150 5
131 151 7
131 132 12
132 152 7
133 154 11
133 134 5
134 155 9
135 158 12
136 159 8
137 161 6
137 138 5
138 162 11
138 139 5
139 140 10
140 163 12
141 165 9
142 167 7
143 144 10
144 169 8
144 145 7
145 146 7
146 170 10
146 147 12
147 171 8
147 148 8
148 172 9
148 149 11
149 173 6
150 175 10
151 177 10
151 152 7
152 153 8
153 178 5
154 180 5
154 155 5
156 182 9
156 157 5
157 158 12
158 183 8
159 160 12
160 185 6
160 161 12
161 162 9
163 187 10
163 164 6
164 165 7
165 188 5
165 166 7
166 189 8
166 167 6
167 190 6
168 191 8
170 193 9
170 171 12
171 172 7
172 194 10
172 173 11
173 195 10
173 174 6
174 196 7
174 175 12
175 197 11
175 176 7
176 198 8
176 177 8
178 199 12
178 179 10
179 200 12
179 180 7
180 201 12
181 182 12
182 203 8
183 205 9
183 184 11
185 207 10
186 208 10
186 187 10
187 209 11
188 189 10
189 190 10
191 211 10
192 214 11
192 193 10
193 215 12
194 217 8
194 195 5
195 218 5
195 196 12
196 219 5
196 197 6
197 220 12
197 198 12
199 200 10
200 223 6
200 201 8
201 202 8
202 224 6
203 226 12
203 204 12
204 227 9
204 205 10
206 207 12
207 229 7
208 209 11
209 230 11
210 211 10
211 233 12
211 212 7
212 213 9
213 214 6
214 234 5
214 215 11
215 235 10
215 216 9
216 236 10
216 217 9
217 237 10
217 218 6
218 219 10
219 220 10
221 239 5
221 222 9
222 240 9
223 242 9
224 244 6
225 245 7
225 226 5
226 246 8
226 227 7
227 247 12
228 249 9
229 250 12
230 253 5
230 231 7
231 254 12
232 256 11
234 261 10
234 235 11
235 262 5
235 236 7
236 237 9
238 239 11
239 264 11
239 240 12
240 265 10
240 241 5
241 266 8
241 242 7
242 267 9
242 243 7
243 268 12
243 244 11
245 269 5
245 246 6
246 247 8
247 270 5
247 248 7
248 249 11
249 271 5
251 273 12
251 252 6
252 274 9
252 253 5
253 275 7
253 254 11
254 276 7
254 255 6
255 277 11
255 256 12
256 257 7
257 278 8
257 258 9
258 279 5
259 281 12
259 260 6
260 261 11
261 262 9
262 282 9
263 286 6
264 265 9
265 288 9
265 266 8
266 267 12
267 268 12
268 289 6
269 290 8
270 292 8
271 294 11
272 273 11
273 274 7
274 275 6
275 297 12
275 276 6
276 298 11
276 277 5
278 300 10
278 279 11
279 280 7
280 301 6
280 281 5
281 302 7
283 304 12
283 284 12
284 285 11
285 286 6
286 287 6
287 305 5
289 309 9
290 311 7
290 291 11
291 312 7
291 292 10
292 313 9
292 293 9
293 314 8
293 294 12
294 315 5
294 295 5
295 316 8
295 296 7
296 317 11
297 321 10
297 298 8
298 322 12
299 300 6
301 302 9
302 324 9
303 326 10
303 304 7
304 327 10
305 306 11
306 328 9
307 308 5
308 330 8
308 309 10
309 331 12
309 310 6
311 312 7
312 332 6
312 313 8
313 333 7
313 314 8
314 315 12
315 334 8
315 316 10
316 335 5
316 317 10
317 336 5
317 318 6
318 319 8
319 337 11
319 320 5
320 338 8
320 321 5
321 322 12
322 339 11
322 323 10
323 340 10
324 343 8
324 325 7
325 344 12
326 347 6
326 327 12
327 348 8
328 351 7
328 329 9
330 353 5
330 331 6
331 354 11
332 356 7
332 333 11
334 357 6
334 335 7
335 336 6
337 358 5
337 338 10
338 359 7
339 360 11
339 340 11
340 361 5
341 363 5
342 364 8
342 343 9
343 365 11
343 344 5
344 345 5
345 366 9
345 346 10
346 367 10
346 347 5
347 368 9
347 348 5
348 349 9
349 369 9
350 371 8
352 374 10
352 353 10
353 354 9
354 375 8
355 377 5
355 356 9
356 378 7
358 384 12
358 359 9
359 385 6
360 386 9
360 361 5
361 362 8
362 363 12
363 387 8
364 365 9
365 389 11
366 367 10
367 368 5
369 392 6
369 370 10
370 393 5
370 371 12
371 394 10
371 372 8
372 395 8
373 374 6
374 397 11
375 398 5
375 376 7
376 399 7
377 400 8
377 378 11
378 379 9
379 380 8
380 401 9
381 382 8
382 403 6
382 383 11
383 404 12
383 384 12
384 385 5
385 405 10
386 407 11
387 409 12
387 388 11
389 390 11
391 413 5
391 392 12
392 393 5
393 414 10
393 394 11
394 415 10
394 395 10
395 416 5
395 396 11
396 417 10
397 419 9
398 421 10
398 399 8
399 422 12
400 423 5
401 402 9
402 426 7
403 404 7
404 428 6
405 429 7
405 406 10
406 407 10
407 430 9
407 408 6
408 431 8
409 433 10
410 434 8
411 437 8
411 412 8
412 438 5
412 413 5
414 440 8
414 415 10
415 441 7
415 416 8
416 442 7
416 417 8
417 443 5
417 418 6
418 444 7
418 419 6
419 420 10
420 421 7
421 445 10
421 422 10
422 446 6
423 447 12
423 424 5
424 425 6
426 449 11
426 427 7
429 451 7
430 452 11
430 431 8
431 453 11
431 432 9
432 433 11
434 455 5
434 435 11
435 436 11
436 456 12
437 438 11
438 457 10
439 459 7
439 440 6
440 460 7
440 441 8
441 442 7
442 443 7
443 444 7
445 446 7
448 463 11
448 449 9
449 464 6
450 466 8
450 451 12
451 467 7
452 468 7
452 453 11
453 469 5
454 471 9
454 455 6
455 472 9
456 474 10
457 475 5
457 458 12
458 459 7
459 460 12
460 476 7
461 480 9
462 463 7
463 464 10
465 466 7
466 467 9
468 486 11
468 469 5
469 487 9
469 470 9
470 488 7
471 489 8
471 472 11
472 473 12
473 490 7
473 474 9
474 491 11
475 493 7
476 494 11
477 496 12
477 478 9
478 497 9
478 479 6
479 498 12
479 480 6
480 481 5
481 482 8
482 499 11
482 483 7
483 500 12
484 501 7
485 506 7
486 487 6
487 511 6
487 488 10
489 513 8
490 514 8
490 491 5
491 492 9
492 515 11
494 495 9
495 517 11
495 496 12
496 497 6
497 498 5
499 520 8
499 500 12
501 521 8
501 502 6
502 503 11
503 522 11
503 504 7
505 523 5
505 506 11
506 524 12
506 507 11
507 508 6
508 509 6
509 525 7
509 510 7
510 526 11
511 528 7
512 529 5
512 513 11
514 531 5
515 533 12
516 536 12
518 541 10
518 519 10
519 542 6
519 520 10
520 543 8
522 545 8
523 548 11
523 524 11
525 551 7
525 526 10
526 527 10
527 552 11
527 528 11
528 553 5
529 554 9
530 555 5
530 531 5
531 556 6
531 532 7
532 557 5
532 533 7
533 558 10
533 534 9
534 559 12
534 535 7
535 560 5
535 536 10
536 561 9
537 563 5
538 565 6
538 539 12
539 566 6
539 540 6
540 541 9
541 542 11
542 543 5
543 567 12
544 545 9
545 546 8
546 569 7
546 547 9
547 570 8
547 548 12
549 550 5
550 572 11
550 551 9
552 574 11
552 553 5
554 575 8
555 577 11
555 556 9
556 557 8
557 578 11
557 558 10
558 579 7
558 559 5
559 580 9
559 560 5
560 581 5
560 561 8
561 582 12
561 562 11
562 583 10
562 563 7
563 584 6
563 564 7
564 565 9
565 566 8
566 585 5
567 588 11
567 568 9
568 589 9
569 592 7
569 570 5
570 593 8
571 594 8
572 596 9
573 598 8
573 574 12
575 576 9
576 601 7
576 577 8
578 579 7
579 580 6
580 603 9
580 581 9
581 604 9
581 582 11
582 583 11
583 605 7
583 584 10
586 607 12
586 587 5
587 588 6
588 608 6
588 589 9
589 609 11
590 591 10
591 610 7
592 593 10
593 612 9
594 614 7
594 595 5
595 615 8
595 596 6
596 616 9
596 597 8
597 598 10
598 617 12
599 618 11
599 600 5
600 619 6
602 621 11
603 604 10
605 625 7
606 607 10
608 630 5
608 609 7
609 631 8
610 633 12
610 611 6
612 613 5
613 634 11
613 614 8
614 615 5
615 635 12
615 616 9
617 636 9
618 638 8
618 619 7
620 641 11
620 621 7
621 642 8
621 622 10
622 643 10
622 623 8
623 644 6
624 646 6
624 625 11
625 647 11
625 626 12
626 648 8
627 650 5
627 628 12
629 652 5
629 630 6
630 653 12
630 631 10
631 654 6
632 655 8
632 633 11
633 656 8
634 659 9
636 637 8
637 660 12
637 638 6
638 661 8
639 640 10
640 662 10
640 641 8
641 663 7
641 642 10
642 664 6
642 643 6
643 665 5
643 644 7
644 666 12
645 667 8
645 646 12
646 668 9
646 647 9
647 669 12
647 648 12
648 649 6
649 650 12
650 670 12
651 672 11
651 652 7
652 673 8
652 653 5
653 674 9
653 654 6
655 675 6
655 656 7
656 676 7
656 657 7
658 678 12
658 659 10
659 679 6
660 684 9
660 661 10
661 685 8
662 688 8
662 663 5
663 689 9
663 664 11
664 690 12
664 665 11
665 691 11
665 666 9
666 692 9
667 694 9
667 668 10
668 695 7
668 669 10
669 696 12
670 671 11
671 699 10
672 700 5
672 673 11
673 701 7
673 674 11
674 702 5
675 676 10
676 704 10
677 706 12
677 678 5
678 707 5
678 679 10
679 680 5
680 681 8
681 708 11
681 682 9
682 709 9
683 711 8
683 684 5
684 712 11
684 685 7
685 713 5
685 686 11
686 714 7
686 687 12
687 715 6
687 688 11
688 716 11
688 689 10
689 690 7
690 691 6
691 717 9
691 692 6
692 693 9
693 718 7
693 694 10
694 695 7
695 719 10
695 696 7
696 720 12
696 697 9
697 721 5
697 698 5
698 722 11
699 723 5
700 701 9
701 724 5
701 702 9
702 703 11
703 725 10
704 705 8
705 706 12
706 707 9
708 709 11
709 710 7
710 711 6
711 712 5
712 713 6
713 714 8
714 715 5
715 716 8
719 720 5
720 721 7
721 722 10
10 0.05 0.05 0.05
