726
0 -1.0 -1.0 6.0 284.0 42.0
1 -1.0 -1.0 7.0 281.0 96.0
2 -1.0 -1.0 18.0 36.0 40.0
3 -1.0 -1.0 15.0 79.0 96.0
4 -1.0 -1.0 7.0 59.0 51.0
5 -1.0 -1.0 17.0 229.0 48.0
6 -1.0 -1.0 14.0 266.0 83.0
7 -1.0 -1.0 6.0 304.0 43.0
8 -1.0 -1.0 8.0 245.0 54.0
9 -1.0 -1.0 14.0 180.0 72.0
10 -1.0 -1.0 13.0 261.0 24.0
11 -1.0 -1.0 6.0 206.0 80.0
12 -1.0 -1.0 15.0 314.0 68.0
13 -1.0 -1.0 19.0 330.0 28.0
14 -1.0 -1.0 15.0 330.0 42.0
15 -1.0 -1.0 19.0 60.0 69.0
16 -1.0 -1.0 5.0 91.0 82.0
17 -1.0 -1.0 6.0 71.0 61.0
18 -1.0 -1.0 4.0 175.0 82.0
19 -1.0 -1.0 15.0 100.0 15.0
20 -1.0 -1.0 18.0 207.0 28.0
21 -1.0 -1.0 16.0 321.0 24.0
22 -1.0 -1.0 18.0 201.0 24.0
23 -1.0 -1.0 9.0 99.0 15.0
24 -1.0 -1.0 16.0 27.0 83.0
25 -1.0 -1.0 8.0 234.0 42.0
26 -1.0 -1.0 7.0 261.0 16.0
27 -1.0 -1.0 11.0 152.0 89.0
28 -1.0 -1.0 6.0 277.0 75.0
29 -1.0 -1.0 18.0 256.0 69.0
30 -1.0 -1.0 11.0 128.0 54.0
31 -1.0 -1.0 11.0 23.0 66.0
32 -1.0 -1.0 10.0 285.0 27.0
33 -1.0 -1.0 4.0 400.0 27.0
34 -1.0 -1.0 14.0 322.0 41.0
35 -1.0 -1.0 7.0 252.0 83.0
36 -1.0 -1.0 5.0 20.0 28.0
37 -1.0 -1.0 19.0 203.0 50.0
38 -1.0 -1.0 14.0 334.0 100.0
39 -1.0 -1.0 13.0 242.0 83.0
40 -1.0 -1.0 5.0 142.0 31.0
41 -1.0 -1.0 6.0 355.0 76.0
42 -1.0 -1.0 15.0 205.0 40.0
43 -1.0 -1.0 14.0 17.0 37.0
44 -1.0 -1.0 11.0 369.0 24.0
45 -1.0 -1.0 10.0 159.0 50.0
46 -1.0 -1.0 20.0 326.0 32.0
47 -1.0 -1.0 12.0 84.0 84.0
48 -1.0 -1.0 8.0 370.0 31.0
49 -1.0 -1.0 8.0 245.0 31.0
50 -1.0 -1.0 19.0 101.0 85.0
51 -1.0 -1.0 13.0 190.0 95.0
52 -1.0 -1.0 19.0 395.0 34.0
53 -1.0 -1.0 4.0 397.0 99.0
54 -1.0 -1.0 5.0 88.0 98.0
55 -1.0 -1.0 6.0 253.0 20.0
56 -1.0 -1.0 5.0 137.0 40.0
57 -1.0 -1.0 12.0 156.0 87.0
58 -1.0 -1.0 9.0 104.0 27.0
59 -1.0 -1.0 14.0 145.0 44.0
60 -1.0 -1.0 8.0 154.0 68.0
61 -1.0 -1.0 4.0 144.0 68.0
62 -1.0 -1.0 12.0 349.0 89.0
63 -1.0 -1.0 4.0 104.0 55.0
64 -1.0 -1.0 20.0 369.0 72.0
65 -1.0 -1.0 7.0 62.0 24.0
66 -1.0 -1.0 14.0 30.0 87.0
67 -1.0 -1.0 18.0 240.0 16.0
68 -1.0 -1.0 17.0 300.0 78.0
69 -1.0 -1.0 6.0 136.0 71.0
70 -1.0 -1.0 10.0 263.0 99.0
71 -1.0 -1.0 18.0 134.0 91.0
72 -1.0 -1.0 14.0 398.0 89.0
73 -1.0 -1.0 12.0 61.0 63.0
74 -1.0 -1.0 4.0 258.0 47.0
75 -1.0 -1.0 5.0 165.0 45.0
76 -1.0 -1.0 5.0 60.0 40.0
77 -1.0 -1.0 17.0 56.0 84.0
78 -1.0 -1.0 13.0 125.0 25.0
79 -1.0 -1.0 14.0 348.0 45.0
80 -1.0 -1.0 9.0 28.0 34.0
81 -1.0 -1.0 8.0 324.0 78.0
82 -1.0 -1.0 16.0 96.0 77.0
83 -1.0 -1.0 9.0 21.0 91.0
84 -1.0 -1.0 7.0 40.0 70.0
85 -1.0 -1.0 14.0 245.0 18.0
86 -1.0 -1.0 6.0 379.0 46.0
87 -1.0 -1.0 6.0 200.0 66.0
88 -1.0 -1.0 9.0 309.0 81.0
89 -1.0 -1.0 11.0 238.0 63.0
90 -1.0 -1.0 7.0 305.0 66.0
91 -1.0 -1.0 20.0 218.0 43.0
92 -1.0 -1.0 15.0 332.0 32.0
93 -1.0 -1.0 7.0 306.0 31.0
94 -1.0 -1.0 11.0 386.0 84.0
95 -1.0 -1.0 18.0 73.0 87.0
96 -1.0 -1.0 11.0 99.0 52.0
97 -1.0 -1.0 18.0 325.0 63.0
98 -1.0 -1.0 6.0 332.0 47.0
99 -1.0 -1.0 11.0 160.0 26.0
100 -1.0 -1.0 18.0 300.0 89.0
101 -1.0 -1.0 10.0 107.0 44.0
102 -1.0 -1.0 19.0 118.0 67.0
103 -1.0 -1.0 6.0 166.0 63.0
104 -1.0 -1.0 4.0 228.0 80.0
105 -1.0 -1.0 14.0 280.0 64.0
106 -1.0 -1.0 8.0 398.0 83.0
107 -1.0 -1.0 19.0 177.0 16.0
108 -1.0 -1.0 16.0 339.0 21.0
109 -1.0 -1.0 11.0 361.0 96.0
110 -1.0 -1.0 6.0 151.0 66.0
111 -1.0 -1.0 17.0 180.0 71.0
112 -1.0 -1.0 14.0 372.0 91.0
113 -1.0 -1.0 13.0 207.0 48.0
114 -1.0 -1.0 6.0 357.0 26.0
115 -1.0 -1.0 12.0 80.0 55.0
116 -1.0 -1.0 6.0 36.0 79.0
117 -1.0 -1.0 8.0 135.0 16.0
118 -1.0 -1.0 11.0 321.0 59.0
119 -1.0 -1.0 10.0 147.0 18.0
120 -1.0 -1.0 15.0 28.0 32.0
121 -1.0 -1.0 10.0 379.0 92.0
122 -1.0 -1.0 8.0 57.0 79.0
123 -1.0 -1.0 4.0 69.0 37.0
124 -1.0 -1.0 16.0 246.0 22.0
125 -1.0 -1.0 11.0 70.0 32.0
126 -1.0 -1.0 12.0 275.0 52.0
127 -1.0 -1.0 10.0 387.0 49.0
128 -1.0 -1.0 8.0 277.0 59.0
129 -1.0 -1.0 8.0 116.0 75.0
130 -1.0 -1.0 14.0 191.0 85.0
131 -1.0 -1.0 12.0 203.0 67.0
132 -1.0 -1.0 6.0 149.0 23.0
133 -1.0 -1.0 7.0 303.0 66.0
134 -1.0 -1.0 13.0 310.0 58.0
135 -1.0 -1.0 14.0 101.0 99.0
136 -1.0 -1.0 10.0 320.0 38.0
137 -1.0 -1.0 17.0 51.0 28.0
138 -1.0 -1.0 5.0 390.0 76.0
139 -1.0 -1.0 10.0 344.0 27.0
140 -1.0 -1.0 20.0 85.0 67.0
141 -1.0 -1.0 5.0 116.0 58.0
142 -1.0 -1.0 15.0 340.0 82.0
143 -1.0 -1.0 16.0 105.0 55.0
144 -1.0 -1.0 15.0 273.0 53.0
145 -1.0 -1.0 20.0 358.0 70.0
146 -1.0 -1.0 14.0 167.0 19.0
147 -1.0 -1.0 4.0 67.0 76.0
148 -1.0 -1.0 12.0 387.0 64.0
149 -1.0 -1.0 10.0 217.0 59.0
150 -1.0 -1.0 8.0 220.0 32.0
151 -1.0 -1.0 17.0 396.0 77.0
152 -1.0 -1.0 20.0 72.0 20.0
153 -1.0 -1.0 8.0 82.0 90.0
154 -1.0 -1.0 13.0 204.0 96.0
155 -1.0 -1.0 6.0 227.0 62.0
156 -1.0 -1.0 4.0 87.0 92.0
157 -1.0 -1.0 17.0 122.0 100.0
158 -1.0 -1.0 9.0 331.0 21.0
159 -1.0 -1.0 16.0 153.0 63.0
160 -1.0 -1.0 4.0 336.0 19.0
161 -1.0 -1.0 11.0 212.0 27.0
162 -1.0 -1.0 15.0 39.0 73.0
163 -1.0 -1.0 13.0 17.0 45.0
164 -1.0 -1.0 20.0 179.0 33.0
165 -1.0 -1.0 14.0 210.0 17.0
166 -1.0 -1.0 20.0 127.0 54.0
167 -1.0 -1.0 13.0 150.0 39.0
168 -1.0 -1.0 13.0 24.0 63.0
169 -1.0 -1.0 9.0 221.0 89.0
170 -1.0 -1.0 7.0 135.0 63.0
171 -1.0 -1.0 14.0 399.0 35.0
172 -1.0 -1.0 17.0 291.0 24.0
173 -1.0 -1.0 8.0 209.0 43.0
174 -1.0 -1.0 17.0 304.0 45.0
175 -1.0 -1.0 19.0 273.0 23.0
176 -1.0 -1.0 9.0 333.0 38.0
177 -1.0 -1.0 19.0 210.0 51.0
178 -1.0 -1.0 9.0 147.0 93.0
179 -1.0 -1.0 19.0 331.0 56.0
180 -1.0 -1.0 8.0 208.0 80.0
181 -1.0 -1.0 9.0 262.0 61.0
182 -1.0 -1.0 16.0 340.0 78.0
183 -1.0 -1.0 16.0 225.0 55.0
184 -1.0 -1.0 7.0 146.0 65.0
185 -1.0 -1.0 17.0 276.0 70.0
186 -1.0 -1.0 18.0 311.0 62.0
187 -1.0 -1.0 19.0 257.0 38.0
188 -1.0 -1.0 10.0 281.0 63.0
189 -1.0 -1.0 14.0 223.0 66.0
190 -1.0 -1.0 19.0 71.0 88.0
191 -1.0 -1.0 9.0 86.0 88.0
192 -1.0 -1.0 19.0 237.0 52.0
193 -1.0 -1.0 8.0 192.0 66.0
194 -1.0 -1.0 7.0 293.0 90.0
195 -1.0 -1.0 12.0 399.0 37.0
196 -1.0 -1.0 4.0 400.0 62.0
197 -1.0 -1.0 4.0 146.0 99.0
198 -1.0 -1.0 20.0 79.0 58.0
199 -1.0 -1.0 10.0 280.0 84.0
200 -1.0 -1.0 20.0 144.0 85.0
201 -1.0 -1.0 5.0 184.0 93.0
202 -1.0 -1.0 19.0 294.0 73.0
203 -1.0 -1.0 19.0 210.0 19.0
204 -1.0 -1.0 10.0 164.0 36.0
205 -1.0 -1.0 19.0 185.0 88.0
206 -1.0 -1.0 9.0 37.0 63.0
207 -1.0 -1.0 6.0 258.0 56.0
208 -1.0 -1.0 6.0 165.0 52.0
209 -1.0 -1.0 6.0 54.0 34.0
210 -1.0 -1.0 8.0 86.0 68.0
211 -1.0 -1.0 12.0 276.0 91.0
212 -1.0 -1.0 7.0 144.0 29.0
213 -1.0 -1.0 6.0 117.0 73.0
214 -1.0 -1.0 13.0 352.0 17.0
215 -1.0 -1.0 9.0 177.0 100.0
216 -1.0 -1.0 17.0 242.0 49.0
217 -1.0 -1.0 6.0 208.0 69.0
218 -1.0 -1.0 13.0 193.0 67.0
219 -1.0 -1.0 5.0 95.0 41.0
220 -1.0 -1.0 10.0 164.0 43.0
221 -1.0 -1.0 4.0 290.0 51.0
222 -1.0 -1.0 5.0 367.0 76.0
223 -1.0 -1.0 15.0 172.0 38.0
224 -1.0 -1.0 11.0 364.0 22.0
225 -1.0 -1.0 20.0 76.0 34.0
226 -1.0 -1.0 5.0 354.0 78.0
227 -1.0 -1.0 20.0 351.0 17.0
228 -1.0 -1.0 16.0 253.0 58.0
229 -1.0 -1.0 18.0 336.0 45.0
230 -1.0 -1.0 11.0 249.0 49.0
231 -1.0 -1.0 16.0 52.0 78.0
232 -1.0 -1.0 14.0 139.0 27.0
233 -1.0 -1.0 20.0 243.0 82.0
234 -1.0 -1.0 9.0 232.0 99.0
235 -1.0 -1.0 11.0 189.0 55.0
236 -1.0 -1.0 16.0 166.0 69.0
237 -1.0 -1.0 12.0 55.0 95.0
238 -1.0 -1.0 20.0 58.0 93.0
239 -1.0 -1.0 7.0 240.0 54.0
240 -1.0 -1.0 4.0 350.0 78.0
241 -1.0 -1.0 18.0 44.0 72.0
242 -1.0 -1.0 15.0 70.0 36.0
243 -1.0 -1.0 12.0 52.0 87.0
244 -1.0 -1.0 8.0 169.0 28.0
245 -1.0 -1.0 14.0 153.0 69.0
246 -1.0 -1.0 19.0 110.0 28.0
247 -1.0 -1.0 17.0 194.0 44.0
248 -1.0 -1.0 14.0 391.0 99.0
249 -1.0 -1.0 11.0 116.0 32.0
250 -1.0 -1.0 16.0 58.0 48.0
251 -1.0 -1.0 5.0 101.0 57.0
252 -1.0 -1.0 14.0 179.0 71.0
253 -1.0 -1.0 17.0 381.0 91.0
254 -1.0 -1.0 7.0 348.0 55.0
255 -1.0 -1.0 11.0 370.0 100.0
256 -1.0 -1.0 6.0 97.0 22.0
257 -1.0 -1.0 12.0 225.0 93.0
258 -1.0 -1.0 16.0 157.0 88.0
259 -1.0 -1.0 5.0 317.0 44.0
260 -1.0 -1.0 9.0 345.0 55.0
261 -1.0 -1.0 9.0 329.0 94.0
262 -1.0 -1.0 8.0 310.0 32.0
263 -1.0 -1.0 5.0 31.0 84.0
264 -1.0 -1.0 7.0 298.0 76.0
265 -1.0 -1.0 14.0 91.0 99.0
266 -1.0 -1.0 18.0 384.0 67.0
267 -1.0 -1.0 8.0 269.0 80.0
268 -1.0 -1.0 15.0 301.0 73.0
269 -1.0 -1.0 12.0 143.0 50.0
270 -1.0 -1.0 9.0 156.0 42.0
271 -1.0 -1.0 20.0 151.0 18.0
272 -1.0 -1.0 17.0 360.0 17.0
273 -1.0 -1.0 9.0 253.0 51.0
274 -1.0 -1.0 11.0 340.0 63.0
275 -1.0 -1.0 19.0 52.0 71.0
276 -1.0 -1.0 12.0 156.0 75.0
277 -1.0 -1.0 12.0 71.0 52.0
278 -1.0 -1.0 10.0 235.0 58.0
279 -1.0 -1.0 18.0 170.0 80.0
280 -1.0 -1.0 8.0 321.0 68.0
281 -1.0 -1.0 17.0 356.0 97.0
282 -1.0 -1.0 8.0 170.0 86.0
283 -1.0 -1.0 6.0 187.0 31.0
284 -1.0 -1.0 19.0 227.0 74.0
285 -1.0 -1.0 18.0 251.0 76.0
286 -1.0 -1.0 13.0 298.0 77.0
287 -1.0 -1.0 18.0 54.0 97.0
288 -1.0 -1.0 6.0 269.0 35.0
289 -1.0 -1.0 5.0 124.0 57.0
290 -1.0 -1.0 9.0 93.0 50.0
291 -1.0 -1.0 18.0 207.0 58.0
292 -1.0 -1.0 11.0 24.0 89.0
293 -1.0 -1.0 4.0 195.0 72.0
294 -1.0 -1.0 7.0 252.0 98.0
295 -1.0 -1.0 6.0 101.0 59.0
296 -1.0 -1.0 19.0 163.0 63.0
297 -1.0 -1.0 16.0 260.0 80.0
298 -1.0 -1.0 15.0 234.0 76.0
299 -1.0 -1.0 15.0 177.0 71.0
300 -1.0 -1.0 8.0 122.0 23.0
301 -1.0 -1.0 8.0 297.0 28.0
302 -1.0 -1.0 5.0 331.0 95.0
303 -1.0 -1.0 15.0 321.0 42.0
304 -1.0 -1.0 10.0 163.0 64.0
305 -1.0 -1.0 10.0 392.0 60.0
306 -1.0 -1.0 7.0 342.0 36.0
307 -1.0 -1.0 20.0 233.0 90.0
308 -1.0 -1.0 14.0 360.0 94.0
309 -1.0 -1.0 15.0 154.0 82.0
310 -1.0 -1.0 12.0 18.0 48.0
311 -1.0 -1.0 11.0 300.0 44.0
312 -1.0 -1.0 8.0 156.0 30.0
313 -1.0 -1.0 7.0 25.0 86.0
314 -1.0 -1.0 19.0 106.0 30.0
315 -1.0 -1.0 20.0 29.0 71.0
316 -1.0 -1.0 6.0 243.0 15.0
317 -1.0 -1.0 8.0 275.0 32.0
318 -1.0 -1.0 20.0 21.0 77.0
319 -1.0 -1.0 11.0 309.0 79.0
320 -1.0 -1.0 6.0 99.0 48.0
321 -1.0 -1.0 7.0 181.0 88.0
322 -1.0 -1.0 15.0 183.0 43.0
323 -1.0 -1.0 19.0 146.0 68.0
324 -1.0 -1.0 6.0 91.0 60.0
325 -1.0 -1.0 20.0 318.0 78.0
326 -1.0 -1.0 13.0 63.0 78.0
327 -1.0 -1.0 9.0 93.0 69.0
328 -1.0 -1.0 19.0 110.0 87.0
329 -1.0 -1.0 14.0 280.0 19.0
330 -1.0 -1.0 10.0 359.0 93.0
331 -1.0 -1.0 19.0 240.0 20.0
332 -1.0 -1.0 8.0 386.0 55.0
333 -1.0 -1.0 7.0 356.0 40.0
334 -1.0 -1.0 16.0 395.0 81.0
335 -1.0 -1.0 13.0 276.0 40.0
336 -1.0 -1.0 11.0 295.0 95.0
337 -1.0 -1.0 8.0 323.0 45.0
338 -1.0 -1.0 20.0 52.0 26.0
339 -1.0 -1.0 10.0 49.0 62.0
340 -1.0 -1.0 13.0 154.0 84.0
341 -1.0 -1.0 18.0 374.0 43.0
342 -1.0 -1.0 5.0 99.0 91.0
343 -1.0 -1.0 9.0 355.0 75.0
344 -1.0 -1.0 10.0 218.0 42.0
345 -1.0 -1.0 7.0 117.0 37.0
346 -1.0 -1.0 8.0 34.0 26.0
347 -1.0 -1.0 6.0 21.0 85.0
348 -1.0 -1.0 11.0 49.0 15.0
349 -1.0 -1.0 10.0 137.0 37.0
350 -1.0 -1.0 17.0 274.0 70.0
351 -1.0 -1.0 5.0 105.0 15.0
352 -1.0 -1.0 10.0 258.0 22.0
353 -1.0 -1.0 10.0 228.0 37.0
354 -1.0 -1.0 5.0 259.0 60.0
355 -1.0 -1.0 20.0 105.0 23.0
356 -1.0 -1.0 12.0 350.0 28.0
357 -1.0 -1.0 8.0 230.0 45.0
358 -1.0 -1.0 4.0 233.0 59.0
359 -1.0 -1.0 6.0 335.0 15.0
360 -1.0 -1.0 19.0 335.0 41.0
361 -1.0 -1.0 16.0 248.0 60.0
362 -1.0 -1.0 15.0 136.0 58.0
363 -1.0 -1.0 7.0 314.0 91.0
364 -1.0 -1.0 12.0 110.0 34.0
365 -1.0 -1.0 13.0 96.0 93.0
366 -1.0 -1.0 9.0 261.0 39.0
367 -1.0 -1.0 13.0 351.0 97.0
368 -1.0 -1.0 9.0 262.0 77.0
369 -1.0 -1.0 4.0 333.0 67.0
370 -1.0 -1.0 17.0 328.0 26.0
371 -1.0 -1.0 5.0 334.0 81.0
372 -1.0 -1.0 15.0 198.0 19.0
373 -1.0 -1.0 20.0 30.0 70.0
374 -1.0 -1.0 6.0 396.0 74.0
375 -1.0 -1.0 15.0 45.0 29.0
376 -1.0 -1.0 9.0 82.0 52.0
377 -1.0 -1.0 11.0 198.0 40.0
378 -1.0 -1.0 17.0 332.0 63.0
379 -1.0 -1.0 12.0 48.0 76.0
380 -1.0 -1.0 19.0 72.0 59.0
381 -1.0 -1.0 11.0 103.0 57.0
382 -1.0 -1.0 9.0 237.0 55.0
383 -1.0 -1.0 5.0 52.0 33.0
384 -1.0 -1.0 4.0 380.0 60.0
385 -1.0 -1.0 14.0 384.0 18.0
386 -1.0 -1.0 5.0 351.0 84.0
387 -1.0 -1.0 14.0 32.0 49.0
388 -1.0 -1.0 12.0 130.0 50.0
389 -1.0 -1.0 17.0 359.0 17.0
390 -1.0 -1.0 7.0 341.0 23.0
391 -1.0 -1.0 8.0 247.0 90.0
392 -1.0 -1.0 16.0 244.0 66.0
393 -1.0 -1.0 11.0 294.0 23.0
394 -1.0 -1.0 9.0 321.0 100.0
395 -1.0 -1.0 13.0 310.0 90.0
396 -1.0 -1.0 8.0 72.0 91.0
397 -1.0 -1.0 6.0 227.0 53.0
398 -1.0 -1.0 8.0 333.0 52.0
399 -1.0 -1.0 19.0 66.0 35.0
400 -1.0 -1.0 10.0 206.0 89.0
401 -1.0 -1.0 4.0 339.0 22.0
402 -1.0 -1.0 15.0 267.0 73.0
403 -1.0 -1.0 15.0 158.0 59.0
404 -1.0 -1.0 20.0 163.0 96.0
405 -1.0 -1.0 6.0 47.0 22.0
406 -1.0 -1.0 19.0 126.0 75.0
407 -1.0 -1.0 5.0 240.0 78.0
408 -1.0 -1.0 16.0 192.0 74.0
409 -1.0 -1.0 18.0 110.0 60.0
410 -1.0 -1.0 13.0 26.0 36.0
411 -1.0 -1.0 19.0 41.0 60.0
412 -1.0 -1.0 14.0 298.0 95.0
413 -1.0 -1.0 7.0 206.0 33.0
414 -1.0 -1.0 18.0 168.0 92.0
415 -1.0 -1.0 18.0 65.0 95.0
416 -1.0 -1.0 17.0 350.0 74.0
417 -1.0 -1.0 4.0 55.0 78.0
418 -1.0 -1.0 12.0 26.0 48.0
419 -1.0 -1.0 11.0 320.0 53.0
420 -1.0 -1.0 9.0 115.0 71.0
421 -1.0 -1.0 16.0 86.0 51.0
422 -1.0 -1.0 6.0 382.0 37.0
423 -1.0 -1.0 17.0 113.0 48.0
424 -1.0 -1.0 6.0 291.0 38.0
425 -1.0 -1.0 9.0 18.0 36.0
426 -1.0 -1.0 9.0 230.0 57.0
427 -1.0 -1.0 12.0 91.0 51.0
428 -1.0 -1.0 16.0 65.0 69.0
429 -1.0 -1.0 20.0 389.0 41.0
430 -1.0 -1.0 14.0 102.0 55.0
431 -1.0 -1.0 18.0 121.0 52.0
432 -1.0 -1.0 15.0 171.0 60.0
433 -1.0 -1.0 20.0 352.0 76.0
434 -1.0 -1.0 16.0 361.0 100.0
435 -1.0 -1.0 7.0 79.0 15.0
436 -1.0 -1.0 13.0 52.0 27.0
437 -1.0 -1.0 16.0 120.0 46.0
438 -1.0 -1.0 20.0 288.0 36.0
439 -1.0 -1.0 14.0 73.0 21.0
440 -1.0 -1.0 13.0 121.0 30.0
441 -1.0 -1.0 8.0 391.0 82.0
442 -1.0 -1.0 9.0 169.0 83.0
443 -1.0 -1.0 10.0 312.0 68.0
444 -1.0 -1.0 11.0 146.0 26.0
445 -1.0 -1.0 16.0 250.0 93.0
446 -1.0 -1.0 15.0 247.0 96.0
447 -1.0 -1.0 9.0 325.0 72.0
448 -1.0 -1.0 17.0 361.0 21.0
449 -1.0 -1.0 14.0 382.0 71.0
450 -1.0 -1.0 13.0 235.0 99.0
451 -1.0 -1.0 18.0 97.0 86.0
452 -1.0 -1.0 20.0 399.0 55.0
453 -1.0 -1.0 10.0 217.0 19.0
454 -1.0 -1.0 17.0 317.0 28.0
455 -1.0 -1.0 7.0 135.0 67.0
456 -1.0 -1.0 6.0 307.0 35.0
457 -1.0 -1.0 4.0 296.0 49.0
458 -1.0 -1.0 6.0 371.0 79.0
459 -1.0 -1.0 4.0 334.0 80.0
460 -1.0 -1.0 5.0 145.0 33.0
461 -1.0 -1.0 7.0 163.0 18.0
462 -1.0 -1.0 10.0 23.0 47.0
463 -1.0 -1.0 17.0 312.0 46.0
464 -1.0 -1.0 14.0 382.0 62.0
465 -1.0 -1.0 20.0 281.0 93.0
466 -1.0 -1.0 17.0 116.0 92.0
467 -1.0 -1.0 14.0 196.0 97.0
468 -1.0 -1.0 10.0 271.0 21.0
469 -1.0 -1.0 13.0 77.0 89.0
470 -1.0 -1.0 14.0 234.0 23.0
471 -1.0 -1.0 18.0 22.0 38.0
472 -1.0 -1.0 16.0 240.0 38.0
473 -1.0 -1.0 12.0 219.0 99.0
474 -1.0 -1.0 8.0 167.0 83.0
475 -1.0 -1.0 14.0 388.0 69.0
476 -1.0 -1.0 17.0 207.0 33.0
477 -1.0 -1.0 7.0 123.0 30.0
478 -1.0 -1.0 9.0 109.0 74.0
479 -1.0 -1.0 6.0 255.0 75.0
480 -1.0 -1.0 10.0 69.0 63.0
481 -1.0 -1.0 6.0 387.0 80.0
482 -1.0 -1.0 17.0 253.0 43.0
483 -1.0 -1.0 13.0 242.0 88.0
484 -1.0 -1.0 5.0 235.0 99.0
485 -1.0 -1.0 15.0 79.0 64.0
486 -1.0 -1.0 13.0 56.0 46.0
487 -1.0 -1.0 12.0 223.0 17.0
488 -1.0 -1.0 19.0 233.0 48.0
489 -1.0 -1.0 18.0 31.0 51.0
490 -1.0 -1.0 5.0 56.0 39.0
491 -1.0 -1.0 7.0 111.0 62.0
492 -1.0 -1.0 20.0 325.0 46.0
493 -1.0 -1.0 9.0 61.0 42.0
494 -1.0 -1.0 13.0 148.0 35.0
495 -1.0 -1.0 17.0 89.0 45.0
496 -1.0 -1.0 16.0 101.0 56.0
497 -1.0 -1.0 11.0 328.0 71.0
498 -1.0 -1.0 12.0 60.0 64.0
499 -1.0 -1.0 13.0 341.0 75.0
500 -1.0 -1.0 13.0 289.0 38.0
501 -1.0 -1.0 19.0 235.0 65.0
502 -1.0 -1.0 13.0 38.0 58.0
503 -1.0 -1.0 14.0 55.0 42.0
504 -1.0 -1.0 16.0 270.0 89.0
505 -1.0 -1.0 18.0 53.0 46.0
506 -1.0 -1.0 17.0 104.0 31.0
507 -1.0 -1.0 14.0 260.0 99.0
508 -1.0 -1.0 11.0 21.0 90.0
509 -1.0 -1.0 20.0 230.0 83.0
510 -1.0 -1.0 4.0 54.0 93.0
511 -1.0 -1.0 4.0 163.0 57.0
512 -1.0 -1.0 11.0 139.0 77.0
513 -1.0 -1.0 16.0 146.0 48.0
514 -1.0 -1.0 18.0 188.0 18.0
515 -1.0 -1.0 19.0 81.0 67.0
516 -1.0 -1.0 16.0 388.0 37.0
517 -1.0 -1.0 5.0 177.0 57.0
518 -1.0 -1.0 18.0 196.0 43.0
519 -1.0 -1.0 6.0 143.0 86.0
520 -1.0 -1.0 10.0 398.0 25.0
521 -1.0 -1.0 20.0 159.0 80.0
522 -1.0 -1.0 16.0 124.0 64.0
523 -1.0 -1.0 5.0 172.0 24.0
524 -1.0 -1.0 8.0 270.0 34.0
525 -1.0 -1.0 6.0 153.0 84.0
526 -1.0 -1.0 16.0 274.0 48.0
527 -1.0 -1.0 10.0 220.0 73.0
528 -1.0 -1.0 17.0 155.0 100.0
529 -1.0 -1.0 12.0 182.0 18.0
530 -1.0 -1.0 14.0 253.0 31.0
531 -1.0 -1.0 16.0 180.0 99.0
532 -1.0 -1.0 10.0 218.0 28.0
533 -1.0 -1.0 15.0 262.0 49.0
534 -1.0 -1.0 12.0 254.0 57.0
535 -1.0 -1.0 16.0 309.0 72.0
536 -1.0 -1.0 16.0 74.0 46.0
537 -1.0 -1.0 20.0 123.0 28.0
538 -1.0 -1.0 12.0 283.0 21.0
539 -1.0 -1.0 4.0 172.0 23.0
540 -1.0 -1.0 9.0 145.0 79.0
541 -1.0 -1.0 16.0 56.0 16.0
542 -1.0 -1.0 5.0 311.0 37.0
543 -1.0 -1.0 8.0 69.0 51.0
544 -1.0 -1.0 19.0 55.0 31.0
545 -1.0 -1.0 19.0 21.0 84.0
546 -1.0 -1.0 16.0 343.0 43.0
547 -1.0 -1.0 10.0 184.0 35.0
548 -1.0 -1.0 8.0 230.0 26.0
549 -1.0 -1.0 13.0 119.0 59.0
550 -1.0 -1.0 14.0 192.0 71.0
551 -1.0 -1.0 5.0 221.0 86.0
552 -1.0 -1.0 10.0 81.0 69.0
553 -1.0 -1.0 7.0 308.0 51.0
554 -1.0 -1.0 12.0 315.0 54.0
555 -1.0 -1.0 5.0 369.0 56.0
556 -1.0 -1.0 16.0 18.0 81.0
557 -1.0 -1.0 11.0 277.0 72.0
558 -1.0 -1.0 5.0 36.0 57.0
559 -1.0 -1.0 15.0 368.0 82.0
560 -1.0 -1.0 17.0 107.0 85.0
561 -1.0 -1.0 4.0 60.0 17.0
562 -1.0 -1.0 19.0 302.0 15.0
563 -1.0 -1.0 4.0 237.0 99.0
564 -1.0 -1.0 12.0 210.0 74.0
565 -1.0 -1.0 13.0 248.0 74.0
566 -1.0 -1.0 6.0 356.0 51.0
567 -1.0 -1.0 19.0 355.0 78.0
568 -1.0 -1.0 11.0 344.0 19.0
569 -1.0 -1.0 17.0 162.0 78.0
570 -1.0 -1.0 18.0 75.0 21.0
571 -1.0 -1.0 19.0 124.0 84.0
572 -1.0 -1.0 13.0 246.0 59.0
573 -1.0 -1.0 11.0 174.0 56.0
574 -1.0 -1.0 4.0 384.0 61.0
575 -1.0 -1.0 19.0 258.0 46.0
576 -1.0 -1.0 13.0 321.0 42.0
577 -1.0 -1.0 15.0 101.0 24.0
578 -1.0 -1.0 9.0 142.0 86.0
579 -1.0 -1.0 15.0 114.0 81.0
580 -1.0 -1.0 14.0 327.0 17.0
581 -1.0 -1.0 7.0 301.0 45.0
582 -1.0 -1.0 5.0 114.0 21.0
583 -1.0 -1.0 11.0 192.0 41.0
584 -1.0 -1.0 12.0 82.0 55.0
585 -1.0 -1.0 10.0 244.0 33.0
586 -1.0 -1.0 5.0 381.0 81.0
587 -1.0 -1.0 19.0 19.0 72.0
588 -1.0 -1.0 14.0 188.0 36.0
589 -1.0 -1.0 15.0 258.0 26.0
590 -1.0 -1.0 13.0 92.0 53.0
591 -1.0 -1.0 13.0 201.0 51.0
592 -1.0 -1.0 12.0 81.0 60.0
593 -1.0 -1.0 4.0 320.0 65.0
594 -1.0 -1.0 4.0 295.0 35.0
595 -1.0 -1.0 12.0 228.0 24.0
596 -1.0 -1.0 7.0 341.0 58.0
597 -1.0 -1.0 12.0 241.0 97.0
598 -1.0 -1.0 14.0 62.0 71.0
599 -1.0 -1.0 7.0 294.0 37.0
600 -1.0 -1.0 10.0 357.0 24.0
601 -1.0 -1.0 19.0 82.0 23.0
602 -1.0 -1.0 9.0 315.0 92.0
603 -1.0 -1.0 13.0 400.0 21.0
604 -1.0 -1.0 13.0 173.0 35.0
605 -1.0 -1.0 10.0 65.0 35.0
606 -1.0 -1.0 11.0 114.0 87.0
607 -1.0 -1.0 15.0 333.0 24.0
608 -1.0 -1.0 18.0 106.0 88.0
609 -1.0 -1.0 13.0 106.0 100.0
610 -1.0 -1.0 18.0 17.0 70.0
611 -1.0 -1.0 17.0 22.0 36.0
612 -1.0 -1.0 20.0 393.0 92.0
613 -1.0 -1.0 5.0 18.0 97.0
614 -1.0 -1.0 19.0 115.0 69.0
615 -1.0 -1.0 9.0 257.0 23.0
616 -1.0 -1.0 18.0 210.0 35.0
617 -1.0 -1.0 6.0 357.0 54.0
618 -1.0 -1.0 10.0 247.0 59.0
619 -1.0 -1.0 20.0 169.0 78.0
620 -1.0 -1.0 13.0 47.0 91.0
621 -1.0 -1.0 7.0 154.0 55.0
622 -1.0 -1.0 4.0 218.0 31.0
623 -1.0 -1.0 14.0 345.0 72.0
624 -1.0 -1.0 19.0 304.0 100.0
625 -1.0 -1.0 4.0 378.0 86.0
626 -1.0 -1.0 15.0 137.0 52.0
627 -1.0 -1.0 9.0 313.0 58.0
628 -1.0 -1.0 19.0 47.0 81.0
629 -1.0 -1.0 11.0 335.0 77.0
630 -1.0 -1.0 17.0 159.0 30.0
631 -1.0 -1.0 14.0 158.0 42.0
632 -1.0 -1.0 19.0 97.0 75.0
633 -1.0 -1.0 9.0 185.0 70.0
634 -1.0 -1.0 13.0 231.0 40.0
635 -1.0 -1.0 17.0 91.0 98.0
636 -1.0 -1.0 17.0 156.0 16.0
637 -1.0 -1.0 14.0 365.0 83.0
638 -1.0 -1.0 12.0 334.0 20.0
639 -1.0 -1.0 5.0 86.0 17.0
640 -1.0 -1.0 14.0 56.0 97.0
641 -1.0 -1.0 8.0 399.0 80.0
642 -1.0 -1.0 8.0 294.0 80.0
643 -1.0 -1.0 13.0 379.0 16.0
644 -1.0 -1.0 6.0 280.0 82.0
645 -1.0 -1.0 7.0 123.0 84.0
646 -1.0 -1.0 9.0 47.0 69.0
647 -1.0 -1.0 7.0 364.0 79.0
648 -1.0 -1.0 4.0 398.0 40.0
649 -1.0 -1.0 7.0 230.0 19.0
650 -1.0 -1.0 4.0 63.0 18.0
651 -1.0 -1.0 7.0 269.0 18.0
652 -1.0 -1.0 14.0 259.0 21.0
653 -1.0 -1.0 18.0 202.0 94.0
654 -1.0 -1.0 12.0 187.0 26.0
655 -1.0 -1.0 13.0 64.0 25.0
656 -1.0 -1.0 19.0 250.0 46.0
657 -1.0 -1.0 5.0 310.0 54.0
658 -1.0 -1.0 7.0 215.0 40.0
659 -1.0 -1.0 16.0 357.0 70.0
660 -1.0 -1.0 14.0 247.0 26.0
661 -1.0 -1.0 13.0 70.0 27.0
662 -1.0 -1.0 9.0 26.0 58.0
663 -1.0 -1.0 6.0 231.0 29.0
664 -1.0 -1.0 19.0 395.0 74.0
665 -1.0 -1.0 11.0 244.0 79.0
666 -1.0 -1.0 8.0 112.0 96.0
667 -1.0 -1.0 18.0 327.0 38.0
668 -1.0 -1.0 4.0 348.0 41.0
669 -1.0 -1.0 19.0 302.0 55.0
670 -1.0 -1.0 17.0 206.0 89.0
671 -1.0 -1.0 4.0 254.0 94.0
672 -1.0 -1.0 15.0 165.0 35.0
673 -1.0 -1.0 13.0 196.0 80.0
674 -1.0 -1.0 18.0 95.0 59.0
675 -1.0 -1.0 9.0 387.0 27.0
676 -1.0 -1.0 9.0 287.0 57.0
677 -1.0 -1.0 14.0 253.0 22.0
678 -1.0 -1.0 13.0 188.0 39.0
679 -1.0 -1.0 14.0 298.0 22.0
680 -1.0 -1.0 12.0 219.0 37.0
681 -1.0 -1.0 11.0 98.0 23.0
682 -1.0 -1.0 18.0 193.0 42.0
683 -1.0 -1.0 14.0 17.0 77.0
684 -1.0 -1.0 15.0 111.0 66.0
685 -1.0 -1.0 7.0 323.0 42.0
686 -1.0 -1.0 12.0 157.0 59.0
687 -1.0 -1.0 8.0 271.0 77.0
688 -1.0 -1.0 10.0 393.0 26.0
689 -1.0 -1.0 6.0 197.0 75.0
690 -1.0 -1.0 9.0 81.0 68.0
691 -1.0 -1.0 14.0 202.0 65.0
692 -1.0 -1.0 9.0 19.0 22.0
693 -1.0 -1.0 17.0 21.0 35.0
694 -1.0 -1.0 19.0 291.0 46.0
695 -1.0 -1.0 6.0 258.0 98.0
696 -1.0 -1.0 15.0 278.0 33.0
697 -1.0 -1.0 4.0 91.0 95.0
698 -1.0 -1.0 11.0 152.0 15.0
699 -1.0 -1.0 16.0 335.0 21.0
700 -1.0 -1.0 17.0 25.0 61.0
701 -1.0 -1.0 8.0 108.0 89.0
702 -1.0 -1.0 16.0 186.0 17.0
703 -1.0 -1.0 13.0 235.0 63.0
704 -1.0 -1.0 6.0 61.0 15.0
705 -1.0 -1.0 14.0 251.0 72.0
706 -1.0 -1.0 7.0 324.0 59.0
707 -1.0 -1.0 4.0 292.0 90.0
708 -1.0 -1.0 8.0 265.0 17.0
709 -1.0 -1.0 13.0 103.0 24.0
710 -1.0 -1.0 13.0 327.0 58.0
711 -1.0 -1.0 15.0 350.0 32.0
712 -1.0 -1.0 18.0 259.0 83.0
713 -1.0 -1.0 18.0 214.0 91.0
714 -1.0 -1.0 19.0 269.0 73.0
715 -1.0 -1.0 10.0 360.0 72.0
716 -1.0 -1.0 14.0 258.0 46.0
717 -1.0 -1.0 15.0 291.0 87.0
718 -1.0 -1.0 10.0 139.0 53.0
719 -1.0 -1.0 8.0 277.0 28.0
720 -1.0 -1.0 6.0 387.0 99.0
721 -1.0 -1.0 7.0 35.0 73.0
722 -1.0 -1.0 16.0 354.0 73.0
723 -1.0 -1.0 18.0 331.0 87.0
724 -1.0 -1.0 16.0 39.0 35.0
725 -1.0 -1.0 16.0 245.0 93.0
945
0 27 9
0 1 9
1 2 10
2 28 9
2 3 11
3 4 12
4 29 5
5 31 6
5 6 10
6 32 10
6 7 6
7 33 12
8 35 7
8 9 11
9 10 12
10 36 8
10 11 8
11 12 6
12 13 5
14 15 12
15 39 8
16 41 10
16 17 5
17 42 8
17 18 12
18 43 12
18 19 6
19 44 12
19 20 10
20 45 8
20 21 7
21 46 5
21 22 5
22 23 10
23 47 5
23 24 6
24 48 7
24 25 11
25 49 11
25 26 5
26 50 9
27 51 10
29 53 7
29 30 6
30 54 7
31 56 10
31 32 8
32 57 7
32 33 8
33 34 9
34 58 5
34 35 10
36 59 5
37 63 6
37 38 12
38 64 9
39 66 7
39 40 7
40 67 9
40 41 9
41 42 10
42 68 9
42 43 7
43 69 10
43 44 12
44 70 5
44 45 8
45 71 9
45 46 9
47 73 11
47 48 7
48 74 12
48 49 9
49 75 6
49 50 6
50 76 6
51 52 7
53 79 5
53 54 8
54 80 10
54 55 7
55 81 12
55 56 11
56 82 9
56 57 7
57 83 8
59 86 11
59 60 7
60 61 9
61 62 10
62 87 12
62 63 10
63 88 7
63 64 9
64 65 9
65 66 7
66 89 9
66 67 10
68 91 6
68 69 8
69 92 6
69 70 5
70 71 5
72 94 5
72 73 5
73 95 10
73 74 8
74 75 10
75 96 8
75 76 6
77 99 8
77 78 12
78 100 6
78 79 7
79 101 5
79 80 5
80 102 8
80 81 6
81 103 10
81 82 8
82 83 10
84 85 12
85 106 10
85 86 9
86 107 9
87 109 8
87 88 11
88 110 6
89 112 6
90 91 9
91 114 10
91 92 8
92 115 11
93 94 11
94 118 11
94 95 9
95 119 7
96 121 6
97 123 12
97 98 8
98 99 5
99 124 6
99 100 10
100 101 12
101 102 11
102 125 7
102 103 8
103 126 6
104 129 11
104 105 5
105 130 7
106 107 6
107 108 7
108 132 8
109 134 6
109 110 9
110 135 7
111 137 8
111 112 6
112 138 6
112 113 5
114 140 7
114 115 11
115 141 5
115 116 10
116 117 8
118 142 6
118 119 8
119 120 7
120 121 5
121 122 10
123 143 11
124 145 12
125 148 10
125 126 10
126 149 7
126 127 10
127 128 5
128 150 7
128 129 11
129 151 12
129 130 12
130 152 8
130 131 7
131 153 7
132 133 5
133 155 12
133 134 6
134 156 7
134 135 8
135 136 12
136 157 9
136 137 12
137 138 10
139 159 6
139 140 5
140 141 8
141 160 11
142 163 7
143 166 11
143 144 5
144 167 5
144 145 6
145 168 11
145 146 7
146 169 12
146 147 7
147 170 5
147 148 7
148 171 11
148 149 10
150 173 9
150 151 6
151 174 8
151 152 6
152 175 5
152 153 10
153 176 10
153 154 10
155 178 6
155 156 10
156 179 6
157 180 9
158 159 8
159 182 7
160 183 10
161 185 10
161 162 12
162 163 5
163 164 5
165 188 12
166 167 11
167 168 12
168 189 5
168 169 9
169 190 6
169 170 6
170 191 11
170 171 12
172 173 8
173 192 6
173 174 9
174 175 8
175 176 7
177 195 6
177 178 9
178 179 6
179 196 9
181 197 8
183 198 11
183 184 7
184 199 12
184 185 9
185 200 6
186 187 9
187 188 11
188 202 7
189 190 5
190 191 8
191 203 9
192 206 12
193 209 6
193 194 8
194 195 11
195 210 10
196 211 9
197 213 7
198 216 7
198 199 8
199 217 9
199 200 12
200 218 7
200 201 11
201 219 8
202 223 8
203 227 8
203 204 7
204 228 6
204 205 12
206 229 5
206 207 8
207 230 7
208 232 9
208 209 12
211 233 9
212 236 10
212 213 7
213 237 11
213 214 9
214 238 9
214 215 11
216 240 11
216 217 7
217 218 5
218 219 7
219 220 7
220 241 5
221 243 8
221 222 9
222 244 7
222 223 10
223 245 8
224 246 11
224 225 10
225 247 8
226 227 12
227 249 11
227 228 12
228 250 7
229 252 11
229 230 10
230 231 5
231 232 11
232 253 5
233 234 12
234 256 7
234 235 6
235 236 10
236 257 6
236 237 12
237 258 10
237 238 10
238 259 5
239 260 8
239 240 11
240 261 8
241 264 6
241 242 10
242 265 6
242 243 6
243 244 8
244 245 10
245 266 12
246 267 12
246 247 8
247 268 11
247 248 5
249 270 9
249 250 8
250 271 9
250 251 7
251 272 11
252 273 8
253 275 7
254 277 8
254 255 11
255 278 5
257 279 8
257 258 12
258 259 5
260 281 7
260 261 8
261 282 10
261 262 6
262 263 5
264 265 9
266 284 5
267 285 10
267 268 5
268 286 10
269 288 9
269 270 5
270 271 5
271 272 5
273 290 10
274 275 9
275 292 5
275 276 8
276 293 10
276 277 12
277 294 8
277 278 12
279 298 9
280 300 7
280 281 11
281 301 10
281 282 12
282 302 9
283 305 9
284 309 9
285 310 10
285 286 6
286 287 9
287 288 11
289 312 12
289 290 12
290 313 12
290 291 8
292 315 5
292 293 8
293 294 10
294 316 5
295 296 10
296 317 8
296 297 8
297 318 5
297 298 11
299 300 6
300 301 8
301 320 7
301 302 6
302 321 7
302 303 6
303 322 11
303 304 7
304 323 10
304 305 7
305 324 7
305 306 5
306 325 5
306 307 9
307 326 9
307 308 10
309 328 6
311 333 11
311 312 5
312 334 9
312 313 9
313 335 10
314 315 8
315 337 7
316 339 10
317 342 5
317 318 6
319 344 8
320 321 7
321 346 10
321 322 8
322 347 12
322 323 10
323 324 6
324 325 7
325 348 7
325 326 10
327 328 9
329 350 9
329 330 7
331 352 12
331 332 6
332 353 8
332 333 7
333 334 8
334 335 11
335 354 10
335 336 8
336 355 5
337 356 6
337 338 10
338 339 11
339 357 7
339 340 7
340 358 6
340 341 11
342 359 9
343 361 10
343 344 11
344 362 10
345 364 5
346 366 10
346 347 11
347 367 8
348 369 9
349 370 6
350 372 11
351 374 12
351 352 11
352 375 8
352 353 9
353 376 11
354 355 6
357 380 11
357 358 9
358 381 8
359 383 11
359 360 11
360 361 7
361 384 6
361 362 9
362 363 6
363 385 11
363 364 6
364 386 10
364 365 9
365 387 7
365 366 5
366 367 9
367 388 7
367 368 8
368 389 5
370 391 8
370 371 6
371 392 7
372 395 11
372 373 8
373 396 7
373 374 9
374 397 5
374 375 10
375 398 10
375 376 10
376 399 12
377 401 9
378 403 7
379 405 8
379 380 9
380 406 8
380 381 7
381 407 9
381 382 5
382 408 7
383 410 11
384 412 9
385 414 10
385 386 11
386 415 6
386 387 11
388 416 11
388 389 9
389 417 12
389 390 5
390 418 9
391 392 10
392 420 12
392 393 10
394 421 10
394 395 5
395 396 9
396 422 9
396 397 9
397 423 7
397 398 7
398 399 5
399 400 6
400 424 5
400 401 5
401 425 6
402 426 11
402 403 8
403 404 10
404 427 5
404 405 12
405 406 6
406 428 9
406 407 8
407 429 11
407 408 8
408 430 11
408 409 5
409 410 8
410 411 11
411 431 5
411 412 6
412 413 9
413 432 6
413 414 7
414 415 9
416 434 9
416 417 12
417 418 5
418 435 7
419 437 5
420 439 5
422 441 9
422 423 11
423 442 7
424 425 12
425 445 9
426 447 12
428 450 7
428 429 6
429 451 6
429 430 8
430 452 5
431 455 9
432 457 10
433 434 8
434 460 7
435 462 12
435 436 5
436 463 11
436 437 8
437 464 6
437 438 5
438 465 12
438 439 6
440 467 9
440 441 5
441 468 9
441 442 5
442 443 6
443 444 12
445 469 7
445 446 9
446 447 5
447 470 5
447 448 7
448 471 10
449 450 6
450 451 10
451 473 9
451 452 9
452 474 9
452 453 12
453 475 10
453 454 12
454 476 5
454 455 8
455 456 11
456 457 6
457 477 12
457 458 6
458 478 12
458 459 10
460 481 11
460 461 9
461 462 7
462 482 6
462 463 8
463 483 9
463 464 8
464 484 9
464 465 6
466 486 9
466 467 12
467 468 9
469 491 7
470 493 12
470 471 10
471 494 5
471 472 11
472 495 10
473 474 12
474 497 8
474 475 5
475 476 11
476 498 7
477 501 6
477 478 11
478 502 11
479 504 12
479 480 11
480 481 11
481 505 12
482 483 9
483 507 8
483 484 11
484 508 11
485 509 12
486 510 5
487 512 7
487 488 5
488 489 10
489 490 7
490 513 12
490 491 10
491 514 11
491 492 12
492 493 6
493 515 12
493 494 11
494 495 10
495 516 10
496 518 12
498 521 9
498 499 6
499 522 9
499 500 11
500 523 5
500 501 8
501 524 7
501 502 10
502 503 12
503 525 8
503 504 5
504 526 11
505 527 5
505 506 10
506 528 8
507 508 8
508 530 12
509 531 5
510 533 8
510 511 8
513 536 10
513 514 11
514 537 5
515 539 8
516 517 9
517 518 5
518 540 10
518 519 6
519 541 12
520 543 8
520 521 7
521 522 10
522 544 12
522 523 5
523 545 5
523 524 6
525 547 8
525 526 6
526 548 8
527 528 9
528 550 6
528 529 11
530 551 12
531 532 12
532 553 7
534 535 7
535 536 8
536 556 9
536 537 12
537 557 11
537 538 12
538 539 7
540 541 6
541 561 5
541 542 11
542 543 7
544 563 7
544 545 10
546 547 12
547 565 7
547 548 10
548 566 7
548 549 11
549 567 6
551 568 5
551 552 5
552 569 7
553 571 7
554 573 10
555 575 11
556 578 7
556 557 11
557 579 7
558 582 10
558 559 7
559 560 5
562 585 5
562 563 5
564 586 7
565 588 5
565 566 10
566 589 8
566 567 11
567 590 9
568 594 11
568 569 8
569 595 6
569 570 6
570 571 8
572 596 7
572 573 11
573 597 8
573 574 9
574 598 6
574 575 12
575 576 6
576 599 7
576 577 6
577 578 8
578 579 8
579 580 12
580 600 5
580 581 9
581 601 11
581 582 6
582 602 6
583 584 6
584 606 5
584 585 7
585 607 5
586 608 7
586 587 8
587 609 8
587 588 12
588 610 9
588 589 11
589 611 6
589 590 9
590 591 8
592 593 5
593 612 12
593 594 11
594 613 12
594 595 8
596 615 7
596 597 8
597 616 12
597 598 6
599 618 10
600 621 12
600 601 11
601 622 10
601 602 8
602 603 12
603 623 12
604 625 11
604 605 5
605 626 5
606 607 6
608 629 12
608 609 9
609 630 8
609 610 11
610 611 9
611 631 7
612 613 10
614 635 5
615 636 9
615 616 12
616 637 5
617 618 9
618 638 8
618 619 11
619 639 8
620 621 9
621 622 9
622 641 8
623 643 6
623 624 6
624 644 8
624 625 6
625 645 5
625 626 5
626 646 11
626 627 10
627 647 12
628 650 6
629 651 8
629 630 9
630 652 10
632 656 8
632 633 12
634 657 10
635 659 11
636 637 12
638 639 9
639 640 7
641 642 10
642 662 10
642 643 11
643 663 12
643 644 7
644 645 6
645 664 7
645 646 9
646 665 6
646 647 6
647 666 12
647 648 11
648 667 6
648 649 6
649 668 6
649 650 7
650 669 11
651 652 12
652 671 8
652 653 9
654 655 5
655 673 8
655 656 5
657 677 11
657 658 7
658 678 9
658 659 9
659 679 6
660 684 9
660 661 11
662 686 6
662 663 9
664 688 10
664 665 9
665 689 11
665 666 6
666 690 8
666 667 6
667 691 11
667 668 12
668 692 7
668 669 11
669 693 9
669 670 12
671 694 11
672 696 12
673 698 12
674 675 5
675 700 8
675 676 7
676 677 9
677 701 7
677 678 7
678 702 8
678 679 5
680 706 10
680 681 7
681 707 10
681 682 8
682 708 7
682 683 5
683 709 5
683 684 12
684 710 7
685 712 9
685 686 9
687 714 7
687 688 6
688 715 9
688 689 10
689 716 12
689 690 9
690 717 7
690 691 7
691 692 6
692 718 12
692 693 5
693 719 11
694 695 7
695 696 6
696 697 7
697 720 8
697 698 7
698 699 5
699 721 10
700 723 6
701 702 11
702 724 6
703 704 6
704 705 9
705 706 12
706 707 12
707 708 11
708 709 5
709 710 6
710 711 10
711 712 6
713 714 12
714 715 10
715 716 8
716 717 12
718 719 7
721 722 11
722 723 10
724 725 5
10 0.05 0.05 0.05
