600
0 -1.0 -1.0 19.0 52.0 91.0
1 -1.0 -1.0 9.0 388.0 80.0
2 -1.0 -1.0 18.0 199.0 83.0
3 -1.0 -1.0 12.0 295.0 47.0
4 -1.0 -1.0 9.0 371.0 19.0
5 -1.0 -1.0 6.0 72.0 80.0
6 -1.0 -1.0 12.0 392.0 24.0
7 -1.0 -1.0 13.0 298.0 54.0
8 -1.0 -1.0 11.0 340.0 70.0
9 -1.0 -1.0 9.0 148.0 47.0
10 -1.0 -1.0 13.0 242.0 98.0
11 -1.0 -1.0 4.0 378.0 23.0
12 -1.0 -1.0 20.0 164.0 72.0
13 -1.0 -1.0 14.0 272.0 21.0
14 -1.0 -1.0 6.0 367.0 51.0
15 -1.0 -1.0 9.0 76.0 48.0
16 -1.0 -1.0 5.0 386.0 15.0
17 -1.0 -1.0 19.0 111.0 25.0
18 -1.0 -1.0 8.0 333.0 74.0
19 -1.0 -1.0 13.0 175.0 55.0
20 -1.0 -1.0 5.0 148.0 55.0
21 -1.0 -1.0 16.0 25.0 22.0
22 -1.0 -1.0 6.0 306.0 25.0
23 -1.0 -1.0 17.0 211.0 58.0
24 -1.0 -1.0 8.0 305.0 32.0
25 -1.0 -1.0 7.0 114.0 68.0
26 -1.0 -1.0 5.0 236.0 91.0
27 -1.0 -1.0 20.0 92.0 74.0
28 -1.0 -1.0 14.0 172.0 62.0
29 -1.0 -1.0 8.0 341.0 91.0
30 -1.0 -1.0 13.0 94.0 99.0
31 -1.0 -1.0 4.0 385.0 83.0
32 -1.0 -1.0 16.0 190.0 18.0
33 -1.0 -1.0 18.0 49.0 74.0
34 -1.0 -1.0 4.0 366.0 91.0
35 -1.0 -1.0 18.0 171.0 45.0
36 -1.0 -1.0 9.0 53.0 94.0
37 -1.0 -1.0 20.0 296.0 17.0
38 -1.0 -1.0 6.0 195.0 17.0
39 -1.0 -1.0 20.0 64.0 34.0
40 -1.0 -1.0 8.0 173.0 19.0
41 -1.0 -1.0 7.0 27.0 46.0
42 -1.0 -1.0 13.0 270.0 23.0
43 -1.0 -1.0 4.0 332.0 87.0
44 -1.0 -1.0 14.0 92.0 55.0
45 -1.0 -1.0 15.0 84.0 64.0
46 -1.0 -1.0 17.0 136.0 69.0
47 -1.0 -1.0 19.0 307.0 40.0
48 -1.0 -1.0 8.0 39.0 26.0
49 -1.0 -1.0 14.0 348.0 18.0
50 -1.0 -1.0 17.0 266.0 25.0
51 -1.0 -1.0 4.0 223.0 88.0
52 -1.0 -1.0 6.0 72.0 23.0
53 -1.0 -1.0 20.0 101.0 83.0
54 -1.0 -1.0 15.0 72.0 47.0
55 -1.0 -1.0 15.0 361.0 90.0
56 -1.0 -1.0 4.0 118.0 15.0
57 -1.0 -1.0 4.0 395.0 95.0
58 -1.0 -1.0 7.0 208.0 42.0
59 -1.0 -1.0 19.0 368.0 42.0
60 -1.0 -1.0 15.0 80.0 17.0
61 -1.0 -1.0 11.0 41.0 95.0
62 -1.0 -1.0 6.0 372.0 42.0
63 -1.0 -1.0 11.0 26.0 17.0
64 -1.0 -1.0 7.0 170.0 32.0
65 -1.0 -1.0 13.0 52.0 54.0
66 -1.0 -1.0 15.0 243.0 38.0
67 -1.0 -1.0 18.0 380.0 42.0
68 -1.0 -1.0 13.0 156.0 91.0
69 -1.0 -1.0 8.0 104.0 45.0
70 -1.0 -1.0 9.0 165.0 81.0
71 -1.0 -1.0 10.0 187.0 39.0
72 -1.0 -1.0 13.0 167.0 19.0
73 -1.0 -1.0 19.0 382.0 31.0
74 -1.0 -1.0 15.0 335.0 28.0
75 -1.0 -1.0 4.0 25.0 56.0
76 -1.0 -1.0 14.0 355.0 71.0
77 -1.0 -1.0 6.0 256.0 77.0
78 -1.0 -1.0 4.0 179.0 40.0
79 -1.0 -1.0 19.0 284.0 28.0
80 -1.0 -1.0 5.0 116.0 17.0
81 -1.0 -1.0 13.0 188.0 73.0
82 -1.0 -1.0 18.0 185.0 85.0
83 -1.0 -1.0 16.0 18.0 79.0
84 -1.0 -1.0 13.0 377.0 40.0
85 -1.0 -1.0 18.0 29.0 72.0
86 -1.0 -1.0 5.0 151.0 65.0
87 -1.0 -1.0 12.0 77.0 17.0
88 -1.0 -1.0 18.0 265.0 30.0
89 -1.0 -1.0 4.0 261.0 82.0
90 -1.0 -1.0 9.0 189.0 39.0
91 -1.0 -1.0 9.0 149.0 65.0
92 -1.0 -1.0 10.0 272.0 48.0
93 -1.0 -1.0 19.0 48.0 67.0
94 -1.0 -1.0 14.0 229.0 47.0
95 -1.0 -1.0 19.0 345.0 54.0
96 -1.0 -1.0 7.0 394.0 30.0
97 -1.0 -1.0 14.0 97.0 24.0
98 -1.0 -1.0 14.0 320.0 37.0
99 -1.0 -1.0 9.0 246.0 72.0
100 -1.0 -1.0 11.0 266.0 29.0
101 -1.0 -1.0 15.0 133.0 84.0
102 -1.0 -1.0 20.0 380.0 16.0
103 -1.0 -1.0 5.0 105.0 17.0
104 -1.0 -1.0 18.0 379.0 15.0
105 -1.0 -1.0 8.0 156.0 96.0
106 -1.0 -1.0 16.0 64.0 73.0
107 -1.0 -1.0 4.0 250.0 52.0
108 -1.0 -1.0 18.0 187.0 72.0
109 -1.0 -1.0 7.0 251.0 21.0
110 -1.0 -1.0 11.0 352.0 87.0
111 -1.0 -1.0 13.0 156.0 50.0
112 -1.0 -1.0 6.0 341.0 30.0
113 -1.0 -1.0 13.0 395.0 29.0
114 -1.0 -1.0 16.0 15.0 72.0
115 -1.0 -1.0 11.0 275.0 50.0
116 -1.0 -1.0 13.0 25.0 18.0
117 -1.0 -1.0 11.0 297.0 97.0
118 -1.0 -1.0 17.0 292.0 67.0
119 -1.0 -1.0 13.0 39.0 56.0
120 -1.0 -1.0 11.0 102.0 31.0
121 -1.0 -1.0 9.0 21.0 34.0
122 -1.0 -1.0 13.0 340.0 87.0
123 -1.0 -1.0 19.0 22.0 53.0
124 -1.0 -1.0 17.0 371.0 28.0
125 -1.0 -1.0 4.0 173.0 78.0
126 -1.0 -1.0 7.0 228.0 52.0
127 -1.0 -1.0 4.0 206.0 52.0
128 -1.0 -1.0 18.0 226.0 26.0
129 -1.0 -1.0 10.0 44.0 21.0
130 -1.0 -1.0 15.0 359.0 25.0
131 -1.0 -1.0 18.0 239.0 84.0
132 -1.0 -1.0 13.0 62.0 32.0
133 -1.0 -1.0 16.0 17.0 54.0
134 -1.0 -1.0 17.0 104.0 60.0
135 -1.0 -1.0 13.0 177.0 45.0
136 -1.0 -1.0 5.0 82.0 57.0
137 -1.0 -1.0 4.0 27.0 56.0
138 -1.0 -1.0 20.0 240.0 81.0
139 -1.0 -1.0 9.0 306.0 42.0
140 -1.0 -1.0 8.0 190.0 90.0
141 -1.0 -1.0 4.0 205.0 46.0
142 -1.0 -1.0 17.0 288.0 81.0
143 -1.0 -1.0 15.0 287.0 84.0
144 -1.0 -1.0 9.0 292.0 38.0
145 -1.0 -1.0 12.0 282.0 15.0
146 -1.0 -1.0 16.0 386.0 75.0
147 -1.0 -1.0 14.0 382.0 73.0
148 -1.0 -1.0 13.0 362.0 45.0
149 -1.0 -1.0 12.0 188.0 22.0
150 -1.0 -1.0 7.0 144.0 45.0
151 -1.0 -1.0 10.0 89.0 54.0
152 -1.0 -1.0 16.0 353.0 17.0
153 -1.0 -1.0 11.0 279.0 86.0
154 -1.0 -1.0 8.0 78.0 17.0
155 -1.0 -1.0 9.0 243.0 96.0
156 -1.0 -1.0 19.0 356.0 61.0
157 -1.0 -1.0 16.0 264.0 80.0
158 -1.0 -1.0 7.0 128.0 65.0
159 -1.0 -1.0 11.0 43.0 88.0
160 -1.0 -1.0 12.0 307.0 75.0
161 -1.0 -1.0 11.0 249.0 90.0
162 -1.0 -1.0 9.0 17.0 95.0
163 -1.0 -1.0 19.0 233.0 59.0
164 -1.0 -1.0 4.0 368.0 28.0
165 -1.0 -1.0 7.0 258.0 84.0
166 -1.0 -1.0 9.0 317.0 45.0
167 -1.0 -1.0 14.0 296.0 37.0
168 -1.0 -1.0 4.0 43.0 65.0
169 -1.0 -1.0 18.0 361.0 87.0
170 -1.0 -1.0 10.0 129.0 92.0
171 -1.0 -1.0 10.0 263.0 71.0
172 -1.0 -1.0 5.0 75.0 83.0
173 -1.0 -1.0 5.0 81.0 88.0
174 -1.0 -1.0 9.0 157.0 60.0
175 -1.0 -1.0 16.0 167.0 97.0
176 -1.0 -1.0 12.0 185.0 33.0
177 -1.0 -1.0 5.0 292.0 68.0
178 -1.0 -1.0 11.0 197.0 49.0
179 -1.0 -1.0 6.0 84.0 64.0
180 -1.0 -1.0 15.0 69.0 61.0
181 -1.0 -1.0 16.0 118.0 59.0
182 -1.0 -1.0 15.0 108.0 61.0
183 -1.0 -1.0 14.0 317.0 85.0
184 -1.0 -1.0 15.0 272.0 90.0
185 -1.0 -1.0 6.0 313.0 59.0
186 -1.0 -1.0 8.0 316.0 64.0
187 -1.0 -1.0 18.0 23.0 87.0
188 -1.0 -1.0 7.0 227.0 55.0
189 -1.0 -1.0 6.0 53.0 99.0
190 -1.0 -1.0 15.0 371.0 18.0
191 -1.0 -1.0 10.0 59.0 97.0
192 -1.0 -1.0 15.0 73.0 16.0
193 -1.0 -1.0 19.0 183.0 48.0
194 -1.0 -1.0 20.0 16.0 29.0
195 -1.0 -1.0 15.0 74.0 23.0
196 -1.0 -1.0 6.0 84.0 28.0
197 -1.0 -1.0 16.0 48.0 19.0
198 -1.0 -1.0 12.0 379.0 36.0
199 -1.0 -1.0 5.0 22.0 62.0
200 -1.0 -1.0 5.0 388.0 53.0
201 -1.0 -1.0 9.0 387.0 25.0
202 -1.0 -1.0 17.0 234.0 47.0
203 -1.0 -1.0 14.0 190.0 37.0
204 -1.0 -1.0 14.0 205.0 48.0
205 -1.0 -1.0 18.0 282.0 51.0
206 -1.0 -1.0 6.0 240.0 99.0
207 -1.0 -1.0 17.0 29.0 24.0
208 -1.0 -1.0 8.0 345.0 81.0
209 -1.0 -1.0 15.0 226.0 95.0
210 -1.0 -1.0 15.0 244.0 42.0
211 -1.0 -1.0 18.0 46.0 41.0
212 -1.0 -1.0 19.0 314.0 96.0
213 -1.0 -1.0 20.0 292.0 88.0
214 -1.0 -1.0 13.0 45.0 61.0
215 -1.0 -1.0 17.0 36.0 27.0
216 -1.0 -1.0 10.0 144.0 39.0
217 -1.0 -1.0 8.0 69.0 44.0
218 -1.0 -1.0 8.0 164.0 45.0
219 -1.0 -1.0 15.0 193.0 98.0
220 -1.0 -1.0 16.0 269.0 38.0
221 -1.0 -1.0 8.0 239.0 68.0
222 -1.0 -1.0 7.0 313.0 69.0
223 -1.0 -1.0 16.0 257.0 21.0
224 -1.0 -1.0 9.0 232.0 37.0
225 -1.0 -1.0 6.0 125.0 96.0
226 -1.0 -1.0 14.0 281.0 30.0
227 -1.0 -1.0 14.0 173.0 64.0
228 -1.0 -1.0 17.0 205.0 20.0
229 -1.0 -1.0 9.0 97.0 26.0
230 -1.0 -1.0 9.0 213.0 70.0
231 -1.0 -1.0 6.0 148.0 32.0
232 -1.0 -1.0 19.0 376.0 48.0
233 -1.0 -1.0 19.0 237.0 17.0
234 -1.0 -1.0 7.0 39.0 76.0
235 -1.0 -1.0 9.0 381.0 77.0
236 -1.0 -1.0 14.0 315.0 94.0
237 -1.0 -1.0 13.0 50.0 93.0
238 -1.0 -1.0 16.0 253.0 19.0
239 -1.0 -1.0 6.0 17.0 86.0
240 -1.0 -1.0 16.0 263.0 31.0
241 -1.0 -1.0 4.0 116.0 87.0
242 -1.0 -1.0 10.0 329.0 100.0
243 -1.0 -1.0 20.0 254.0 56.0
244 -1.0 -1.0 5.0 164.0 31.0
245 -1.0 -1.0 11.0 312.0 22.0
246 -1.0 -1.0 4.0 342.0 72.0
247 -1.0 -1.0 17.0 103.0 73.0
248 -1.0 -1.0 10.0 317.0 98.0
249 -1.0 -1.0 11.0 254.0 30.0
250 -1.0 -1.0 12.0 120.0 86.0
251 -1.0 -1.0 18.0 380.0 54.0
252 -1.0 -1.0 14.0 183.0 85.0
253 -1.0 -1.0 7.0 335.0 21.0
254 -1.0 -1.0 5.0 66.0 71.0
255 -1.0 -1.0 15.0 289.0 89.0
256 -1.0 -1.0 14.0 143.0 20.0
257 -1.0 -1.0 19.0 189.0 82.0
258 -1.0 -1.0 9.0 204.0 52.0
259 -1.0 -1.0 16.0 300.0 78.0
260 -1.0 -1.0 15.0 89.0 59.0
261 -1.0 -1.0 15.0 292.0 94.0
262 -1.0 -1.0 10.0 59.0 16.0
263 -1.0 -1.0 16.0 90.0 98.0
264 -1.0 -1.0 16.0 365.0 61.0
265 -1.0 -1.0 9.0 322.0 69.0
266 -1.0 -1.0 11.0 377.0 70.0
267 -1.0 -1.0 16.0 140.0 58.0
268 -1.0 -1.0 14.0 332.0 67.0
269 -1.0 -1.0 16.0 345.0 76.0
270 -1.0 -1.0 8.0 76.0 89.0
271 -1.0 -1.0 4.0 345.0 46.0
272 -1.0 -1.0 16.0 220.0 71.0
273 -1.0 -1.0 16.0 320.0 40.0
274 -1.0 -1.0 20.0 347.0 71.0
275 -1.0 -1.0 8.0 242.0 16.0
276 -1.0 -1.0 11.0 231.0 31.0
277 -1.0 -1.0 10.0 55.0 17.0
278 -1.0 -1.0 11.0 298.0 35.0
279 -1.0 -1.0 16.0 138.0 45.0
280 -1.0 -1.0 10.0 195.0 93.0
281 -1.0 -1.0 6.0 177.0 83.0
282 -1.0 -1.0 6.0 229.0 93.0
283 -1.0 -1.0 10.0 35.0 19.0
284 -1.0 -1.0 6.0 384.0 69.0
285 -1.0 -1.0 8.0 308.0 33.0
286 -1.0 -1.0 7.0 367.0 28.0
287 -1.0 -1.0 12.0 321.0 98.0
288 -1.0 -1.0 18.0 108.0 63.0
289 -1.0 -1.0 18.0 310.0 28.0
290 -1.0 -1.0 20.0 215.0 75.0
291 -1.0 -1.0 8.0 242.0 61.0
292 -1.0 -1.0 4.0 348.0 70.0
293 -1.0 -1.0 6.0 127.0 78.0
294 -1.0 -1.0 10.0 280.0 99.0
295 -1.0 -1.0 18.0 272.0 89.0
296 -1.0 -1.0 20.0 230.0 59.0
297 -1.0 -1.0 11.0 39.0 40.0
298 -1.0 -1.0 19.0 93.0 47.0
299 -1.0 -1.0 13.0 131.0 15.0
300 -1.0 -1.0 18.0 228.0 95.0
301 -1.0 -1.0 17.0 156.0 25.0
302 -1.0 -1.0 7.0 378.0 33.0
303 -1.0 -1.0 12.0 48.0 22.0
304 -1.0 -1.0 10.0 65.0 27.0
305 -1.0 -1.0 15.0 259.0 39.0
306 -1.0 -1.0 18.0 304.0 43.0
307 -1.0 -1.0 6.0 205.0 35.0
308 -1.0 -1.0 4.0 138.0 63.0
309 -1.0 -1.0 5.0 60.0 31.0
310 -1.0 -1.0 18.0 147.0 52.0
311 -1.0 -1.0 7.0 379.0 62.0
312 -1.0 -1.0 16.0 57.0 38.0
313 -1.0 -1.0 11.0 155.0 48.0
314 -1.0 -1.0 14.0 299.0 83.0
315 -1.0 -1.0 7.0 207.0 85.0
316 -1.0 -1.0 5.0 50.0 63.0
317 -1.0 -1.0 14.0 221.0 32.0
318 -1.0 -1.0 17.0 208.0 18.0
319 -1.0 -1.0 5.0 261.0 63.0
320 -1.0 -1.0 16.0 92.0 45.0
321 -1.0 -1.0 14.0 83.0 39.0
322 -1.0 -1.0 19.0 380.0 68.0
323 -1.0 -1.0 17.0 193.0 73.0
324 -1.0 -1.0 15.0 288.0 20.0
325 -1.0 -1.0 19.0 204.0 24.0
326 -1.0 -1.0 12.0 370.0 55.0
327 -1.0 -1.0 16.0 109.0 98.0
328 -1.0 -1.0 8.0 310.0 92.0
329 -1.0 -1.0 4.0 376.0 86.0
330 -1.0 -1.0 8.0 365.0 79.0
331 -1.0 -1.0 5.0 58.0 46.0
332 -1.0 -1.0 20.0 204.0 61.0
333 -1.0 -1.0 12.0 314.0 90.0
334 -1.0 -1.0 19.0 92.0 47.0
335 -1.0 -1.0 15.0 384.0 58.0
336 -1.0 -1.0 4.0 145.0 23.0
337 -1.0 -1.0 19.0 293.0 65.0
338 -1.0 -1.0 20.0 293.0 67.0
339 -1.0 -1.0 16.0 189.0 33.0
340 -1.0 -1.0 16.0 203.0 53.0
341 -1.0 -1.0 18.0 332.0 75.0
342 -1.0 -1.0 20.0 178.0 90.0
343 -1.0 -1.0 11.0 199.0 96.0
344 -1.0 -1.0 13.0 28.0 53.0
345 -1.0 -1.0 14.0 102.0 44.0
346 -1.0 -1.0 12.0 95.0 50.0
347 -1.0 -1.0 18.0 341.0 60.0
348 -1.0 -1.0 18.0 16.0 35.0
349 -1.0 -1.0 5.0 293.0 56.0
350 -1.0 -1.0 17.0 88.0 73.0
351 -1.0 -1.0 9.0 318.0 84.0
352 -1.0 -1.0 9.0 278.0 15.0
353 -1.0 -1.0 17.0 277.0 45.0
354 -1.0 -1.0 17.0 392.0 39.0
355 -1.0 -1.0 6.0 370.0 71.0
356 -1.0 -1.0 7.0 162.0 15.0
357 -1.0 -1.0 4.0 202.0 67.0
358 -1.0 -1.0 17.0 323.0 16.0
359 -1.0 -1.0 10.0 370.0 82.0
360 -1.0 -1.0 19.0 304.0 100.0
361 -1.0 -1.0 10.0 397.0 98.0
362 -1.0 -1.0 5.0 55.0 87.0
363 -1.0 -1.0 8.0 319.0 32.0
364 -1.0 -1.0 7.0 93.0 67.0
365 -1.0 -1.0 16.0 90.0 86.0
366 -1.0 -1.0 11.0 343.0 56.0
367 -1.0 -1.0 13.0 276.0 18.0
368 -1.0 -1.0 18.0 323.0 23.0
369 -1.0 -1.0 5.0 25.0 67.0
370 -1.0 -1.0 5.0 338.0 67.0
371 -1.0 -1.0 17.0 132.0 86.0
372 -1.0 -1.0 13.0 225.0 58.0
373 -1.0 -1.0 11.0 105.0 89.0
374 -1.0 -1.0 20.0 220.0 34.0
375 -1.0 -1.0 17.0 208.0 31.0
376 -1.0 -1.0 10.0 368.0 16.0
377 -1.0 -1.0 19.0 281.0 69.0
378 -1.0 -1.0 19.0 217.0 37.0
379 -1.0 -1.0 11.0 88.0 45.0
380 -1.0 -1.0 12.0 292.0 56.0
381 -1.0 -1.0 14.0 49.0 92.0
382 -1.0 -1.0 12.0 71.0 48.0
383 -1.0 -1.0 18.0 358.0 58.0
384 -1.0 -1.0 6.0 355.0 80.0
385 -1.0 -1.0 11.0 84.0 66.0
386 -1.0 -1.0 11.0 368.0 20.0
387 -1.0 -1.0 10.0 221.0 65.0
388 -1.0 -1.0 5.0 218.0 66.0
389 -1.0 -1.0 20.0 339.0 46.0
390 -1.0 -1.0 16.0 340.0 21.0
391 -1.0 -1.0 7.0 365.0 38.0
392 -1.0 -1.0 6.0 289.0 83.0
393 -1.0 -1.0 19.0 182.0 83.0
394 -1.0 -1.0 6.0 49.0 24.0
395 -1.0 -1.0 17.0 242.0 98.0
396 -1.0 -1.0 18.0 42.0 57.0
397 -1.0 -1.0 20.0 282.0 63.0
398 -1.0 -1.0 9.0 110.0 72.0
399 -1.0 -1.0 16.0 371.0 21.0
400 -1.0 -1.0 20.0 195.0 62.0
401 -1.0 -1.0 18.0 306.0 72.0
402 -1.0 -1.0 12.0 393.0 76.0
403 -1.0 -1.0 12.0 289.0 61.0
404 -1.0 -1.0 10.0 306.0 81.0
405 -1.0 -1.0 6.0 348.0 81.0
406 -1.0 -1.0 14.0 168.0 29.0
407 -1.0 -1.0 11.0 30.0 53.0
408 -1.0 -1.0 16.0 102.0 73.0
409 -1.0 -1.0 18.0 368.0 49.0
410 -1.0 -1.0 17.0 324.0 45.0
411 -1.0 -1.0 10.0 363.0 94.0
412 -1.0 -1.0 10.0 116.0 53.0
413 -1.0 -1.0 18.0 310.0 54.0
414 -1.0 -1.0 20.0 59.0 50.0
415 -1.0 -1.0 14.0 185.0 21.0
416 -1.0 -1.0 11.0 143.0 90.0
417 -1.0 -1.0 8.0 190.0 24.0
418 -1.0 -1.0 10.0 123.0 58.0
419 -1.0 -1.0 4.0 367.0 24.0
420 -1.0 -1.0 7.0 308.0 70.0
421 -1.0 -1.0 16.0 301.0 90.0
422 -1.0 -1.0 14.0 230.0 27.0
423 -1.0 -1.0 4.0 248.0 41.0
424 -1.0 -1.0 6.0 117.0 89.0
425 -1.0 -1.0 11.0 140.0 17.0
426 -1.0 -1.0 5.0 198.0 39.0
427 -1.0 -1.0 14.0 100.0 63.0
428 -1.0 -1.0 15.0 268.0 33.0
429 -1.0 -1.0 19.0 114.0 19.0
430 -1.0 -1.0 4.0 71.0 97.0
431 -1.0 -1.0 7.0 195.0 92.0
432 -1.0 -1.0 17.0 291.0 33.0
433 -1.0 -1.0 9.0 205.0 99.0
434 -1.0 -1.0 13.0 267.0 100.0
435 -1.0 -1.0 14.0 24.0 100.0
436 -1.0 -1.0 14.0 21.0 58.0
437 -1.0 -1.0 4.0 198.0 57.0
438 -1.0 -1.0 18.0 340.0 78.0
439 -1.0 -1.0 19.0 307.0 84.0
440 -1.0 -1.0 4.0 214.0 53.0
441 -1.0 -1.0 9.0 94.0 61.0
442 -1.0 -1.0 20.0 324.0 21.0
443 -1.0 -1.0 12.0 45.0 21.0
444 -1.0 -1.0 11.0 63.0 44.0
445 -1.0 -1.0 6.0 85.0 79.0
446 -1.0 -1.0 10.0 310.0 40.0
447 -1.0 -1.0 13.0 149.0 95.0
448 -1.0 -1.0 4.0 60.0 70.0
449 -1.0 -1.0 12.0 252.0 63.0
450 -1.0 -1.0 9.0 195.0 16.0
451 -1.0 -1.0 11.0 82.0 46.0
452 -1.0 -1.0 10.0 74.0 57.0
453 -1.0 -1.0 19.0 285.0 28.0
454 -1.0 -1.0 5.0 182.0 69.0
455 -1.0 -1.0 12.0 324.0 76.0
456 -1.0 -1.0 12.0 328.0 30.0
457 -1.0 -1.0 11.0 137.0 67.0
458 -1.0 -1.0 11.0 361.0 66.0
459 -1.0 -1.0 6.0 308.0 53.0
460 -1.0 -1.0 20.0 25.0 37.0
461 -1.0 -1.0 13.0 381.0 60.0
462 -1.0 -1.0 4.0 127.0 42.0
463 -1.0 -1.0 9.0 244.0 73.0
464 -1.0 -1.0 4.0 196.0 90.0
465 -1.0 -1.0 20.0 42.0 61.0
466 -1.0 -1.0 12.0 349.0 40.0
467 -1.0 -1.0 15.0 62.0 53.0
468 -1.0 -1.0 17.0 106.0 31.0
469 -1.0 -1.0 12.0 118.0 25.0
470 -1.0 -1.0 11.0 129.0 24.0
471 -1.0 -1.0 18.0 340.0 55.0
472 -1.0 -1.0 4.0 264.0 67.0
473 -1.0 -1.0 16.0 344.0 69.0
474 -1.0 -1.0 5.0 59.0 43.0
475 -1.0 -1.0 12.0 53.0 51.0
476 -1.0 -1.0 9.0 277.0 68.0
477 -1.0 -1.0 13.0 250.0 39.0
478 -1.0 -1.0 8.0 48.0 64.0
479 -1.0 -1.0 19.0 235.0 49.0
480 -1.0 -1.0 18.0 286.0 19.0
481 -1.0 -1.0 10.0 308.0 45.0
482 -1.0 -1.0 17.0 390.0 60.0
483 -1.0 -1.0 17.0 349.0 36.0
484 -1.0 -1.0 7.0 16.0 73.0
485 -1.0 -1.0 10.0 336.0 23.0
486 -1.0 -1.0 4.0 207.0 30.0
487 -1.0 -1.0 16.0 158.0 67.0
488 -1.0 -1.0 13.0 390.0 75.0
489 -1.0 -1.0 15.0 325.0 52.0
490 -1.0 -1.0 6.0 287.0 23.0
491 -1.0 -1.0 8.0 148.0 97.0
492 -1.0 -1.0 17.0 341.0 17.0
493 -1.0 -1.0 12.0 230.0 81.0
494 -1.0 -1.0 15.0 344.0 16.0
495 -1.0 -1.0 7.0 348.0 60.0
496 -1.0 -1.0 17.0 33.0 91.0
497 -1.0 -1.0 5.0 91.0 46.0
498 -1.0 -1.0 18.0 314.0 40.0
499 -1.0 -1.0 6.0 272.0 87.0
500 -1.0 -1.0 13.0 91.0 85.0
501 -1.0 -1.0 15.0 346.0 15.0
502 -1.0 -1.0 13.0 280.0 19.0
503 -1.0 -1.0 15.0 352.0 56.0
504 -1.0 -1.0 5.0 387.0 79.0
505 -1.0 -1.0 14.0 297.0 75.0
506 -1.0 -1.0 5.0 309.0 53.0
507 -1.0 -1.0 4.0 342.0 71.0
508 -1.0 -1.0 10.0 68.0 85.0
509 -1.0 -1.0 5.0 333.0 72.0
510 -1.0 -1.0 16.0 367.0 58.0
511 -1.0 -1.0 7.0 309.0 67.0
512 -1.0 -1.0 18.0 214.0 89.0
513 -1.0 -1.0 12.0 41.0 61.0
514 -1.0 -1.0 14.0 385.0 76.0
515 -1.0 -1.0 14.0 302.0 91.0
516 -1.0 -1.0 17.0 109.0 22.0
517 -1.0 -1.0 19.0 188.0 99.0
518 -1.0 -1.0 11.0 40.0 86.0
519 -1.0 -1.0 14.0 85.0 75.0
520 -1.0 -1.0 12.0 23.0 61.0
521 -1.0 -1.0 7.0 326.0 55.0
522 -1.0 -1.0 12.0 268.0 95.0
523 -1.0 -1.0 11.0 323.0 61.0
524 -1.0 -1.0 6.0 208.0 61.0
525 -1.0 -1.0 14.0 212.0 19.0
526 -1.0 -1.0 11.0 376.0 68.0
527 -1.0 -1.0 18.0 311.0 36.0
528 -1.0 -1.0 7.0 381.0 70.0
529 -1.0 -1.0 6.0 351.0 47.0
530 -1.0 -1.0 13.0 180.0 95.0
531 -1.0 -1.0 8.0 142.0 44.0
532 -1.0 -1.0 9.0 76.0 44.0
533 -1.0 -1.0 11.0 196.0 49.0
534 -1.0 -1.0 18.0 181.0 81.0
535 -1.0 -1.0 14.0 30.0 40.0
536 -1.0 -1.0 10.0 181.0 32.0
537 -1.0 -1.0 13.0 112.0 73.0
538 -1.0 -1.0 16.0 118.0 63.0
539 -1.0 -1.0 18.0 317.0 74.0
540 -1.0 -1.0 14.0 398.0 63.0
541 -1.0 -1.0 13.0 284.0 43.0
542 -1.0 -1.0 5.0 57.0 44.0
543 -1.0 -1.0 4.0 143.0 55.0
544 -1.0 -1.0 4.0 71.0 46.0
545 -1.0 -1.0 9.0 121.0 73.0
546 -1.0 -1.0 14.0 31.0 86.0
547 -1.0 -1.0 18.0 335.0 40.0
548 -1.0 -1.0 11.0 248.0 32.0
549 -1.0 -1.0 20.0 78.0 16.0
550 -1.0 -1.0 15.0 314.0 67.0
551 -1.0 -1.0 17.0 288.0 33.0
552 -1.0 -1.0 16.0 174.0 100.0
553 -1.0 -1.0 13.0 382.0 22.0
554 -1.0 -1.0 20.0 337.0 63.0
555 -1.0 -1.0 17.0 137.0 50.0
556 -1.0 -1.0 11.0 51.0 79.0
557 -1.0 -1.0 18.0 312.0 30.0
558 -1.0 -1.0 18.0 195.0 23.0
559 -1.0 -1.0 15.0 301.0 45.0
560 -1.0 -1.0 18.0 336.0 96.0
561 -1.0 -1.0 14.0 29.0 54.0
562 -1.0 -1.0 6.0 50.0 22.0
563 -1.0 -1.0 7.0 175.0 17.0
564 -1.0 -1.0 13.0 118.0 31.0
565 -1.0 -1.0 15.0 233.0 68.0
566 -1.0 -1.0 15.0 123.0 43.0
567 -1.0 -1.0 11.0 255.0 81.0
568 -1.0 -1.0 7.0 232.0 90.0
569 -1.0 -1.0 18.0 63.0 90.0
570 -1.0 -1.0 8.0 374.0 82.0
571 -1.0 -1.0 13.0 114.0 70.0
572 -1.0 -1.0 17.0 267.0 53.0
573 -1.0 -1.0 8.0 369.0 20.0
574 -1.0 -1.0 13.0 34.0 61.0
575 -1.0 -1.0 6.0 96.0 33.0
576 -1.0 -1.0 11.0 225.0 86.0
577 -1.0 -1.0 16.0 158.0 57.0
578 -1.0 -1.0 20.0 263.0 23.0
579 -1.0 -1.0 18.0 167.0 41.0
580 -1.0 -1.0 13.0 33.0 76.0
581 -1.0 -1.0 19.0 309.0 29.0
582 -1.0 -1.0 20.0 310.0 94.0
583 -1.0 -1.0 13.0 125.0 83.0
584 -1.0 -1.0 15.0 143.0 34.0
585 -1.0 -1.0 4.0 310.0 32.0
586 -1.0 -1.0 16.0 320.0 93.0
587 -1.0 -1.0 16.0 393.0 79.0
588 -1.0 -1.0 10.0 382.0 67.0
589 -1.0 -1.0 11.0 264.0 86.0
590 -1.0 -1.0 7.0 354.0 66.0
591 -1.0 -1.0 19.0 387.0 77.0
592 -1.0 -1.0 7.0 310.0 22.0
593 -1.0 -1.0 4.0 124.0 69.0
594 -1.0 -1.0 10.0 221.0 28.0
595 -1.0 -1.0 7.0 134.0 18.0
596 -1.0 -1.0 14.0 155.0 95.0
597 -1.0 -1.0 4.0 141.0 32.0
598 -1.0 -1.0 12.0 177.0 75.0
599 -1.0 -1.0 13.0 313.0 70.0
773
0 19 8
1 22 12
1 2 9
3 23 6
3 4 5
4 24 12
4 5 5
5 25 6
6 27 8
7 29 8
7 8 5
8 30 7
8 9 7
9 31 5
9 10 11
10 32 6
11 12 7
12 34 6
12 13 10
13 35 5
13 14 5
14 15 10
15 16 11
16 36 5
17 41 11
18 19 5
19 20 10
20 43 8
20 21 10
21 44 9
21 22 11
23 24 12
24 46 10
24 25 10
25 26 6
26 47 10
26 27 7
27 28 11
28 48 6
28 29 5
29 30 5
30 31 9
31 32 10
32 49 7
32 33 12
34 50 8
34 35 8
35 51 10
36 54 7
36 37 7
37 55 10
37 38 5
38 56 11
38 39 5
39 57 9
39 40 6
40 58 9
40 41 10
41 59 8
41 42 7
43 62 12
43 44 9
44 63 12
45 64 8
47 67 10
48 69 12
50 75 8
50 51 11
51 76 7
51 52 8
52 77 5
52 53 12
53 78 9
53 54 8
54 79 6
54 55 10
55 80 5
55 56 11
56 81 11
56 57 10
57 58 10
58 82 6
58 59 12
60 84 6
60 61 8
61 62 11
62 85 7
62 63 11
64 87 8
64 65 5
65 88 7
65 66 8
66 89 7
67 92 10
67 68 12
68 93 9
68 69 7
69 94 6
69 70 8
70 71 12
71 72 5
72 95 11
73 74 9
74 97 5
74 75 11
75 76 12
76 77 10
77 98 7
77 78 9
78 79 11
79 99 12
79 80 7
80 100 5
80 81 7
83 103 10
84 104 7
85 105 9
86 106 9
86 87 11
87 107 10
87 88 5
88 89 10
89 90 5
90 108 7
90 91 11
91 92 7
92 109 12
92 93 10
93 110 6
93 94 9
95 111 6
95 96 7
96 112 10
97 113 9
98 115 6
99 117 12
99 100 11
100 118 5
101 120 11
102 122 11
102 103 8
103 123 7
104 124 10
105 125 9
106 127 6
106 107 12
107 128 7
108 130 9
109 132 10
109 110 5
111 135 7
111 112 10
113 137 5
114 139 8
114 115 6
115 140 10
115 116 8
116 117 6
117 141 7
117 118 5
118 142 6
118 119 12
119 143 11
119 120 6
120 121 10
121 144 11
121 122 7
122 145 5
122 123 6
125 147 11
125 126 12
126 148 8
126 127 6
127 149 12
127 128 5
129 150 6
129 130 10
130 151 5
130 131 7
131 132 10
132 152 10
133 154 12
133 134 10
134 155 7
134 135 8
135 156 12
136 158 9
136 137 9
137 138 6
138 159 5
138 139 7
139 140 9
141 161 12
141 142 11
142 143 8
143 162 12
144 145 12
146 165 10
146 147 7
147 148 6
148 166 11
148 149 6
149 167 9
150 168 6
150 151 12
152 170 6
152 153 6
154 172 11
154 155 10
155 173 10
155 156 11
156 174 10
156 157 9
157 175 10
157 158 7
160 161 12
161 177 7
162 179 6
162 163 10
163 180 11
164 165 12
165 183 6
166 167 6
169 170 10
171 187 5
171 172 6
172 188 5
172 173 6
173 189 6
173 174 10
174 190 8
174 175 10
175 191 12
176 193 12
177 178 8
178 197 6
178 179 8
179 180 5
180 198 11
181 200 11
181 182 6
182 201 9
183 203 6
183 184 10
184 204 6
185 206 7
186 209 7
187 213 12
187 188 10
188 214 7
188 189 9
189 190 7
190 191 10
191 215 9
191 192 11
192 193 11
193 216 12
193 194 9
194 217 8
195 196 7
196 218 7
198 221 6
198 199 6
199 222 7
199 200 9
200 223 11
200 201 5
202 224 11
202 203 11
203 204 6
204 225 8
205 226 12
205 206 12
206 227 6
206 207 9
207 208 11
208 228 7
208 209 10
209 229 11
209 210 11
210 230 5
210 211 10
211 212 6
212 213 9
213 231 11
213 214 12
216 235 5
216 217 8
218 237 7
218 219 6
220 239 8
220 221 5
221 240 7
221 222 9
222 241 5
222 223 9
224 243 6
226 227 6
228 247 6
228 229 7
229 248 10
229 230 5
230 249 7
232 252 8
232 233 12
233 253 5
234 254 8
234 235 9
236 256 11
236 237 8
238 258 6
238 239 6
239 259 11
239 240 7
240 260 8
240 241 8
241 261 8
242 262 12
243 263 10
243 244 11
244 264 10
245 265 12
246 247 9
247 268 9
247 248 6
248 269 9
248 249 6
249 270 11
250 271 12
251 252 10
252 253 5
253 272 11
255 273 5
256 274 8
257 258 5
258 259 6
259 276 11
259 260 10
260 277 11
260 261 11
262 279 10
263 280 6
263 264 6
264 281 7
265 266 9
266 267 7
267 282 12
268 269 7
269 270 7
270 284 12
271 286 9
272 290 8
273 292 12
274 294 5
274 275 9
275 295 7
276 277 11
277 297 8
278 298 12
278 279 7
280 299 5
280 281 10
281 300 11
282 303 9
282 283 5
283 304 6
284 306 7
284 285 10
285 307 6
285 286 7
286 308 11
286 287 10
287 309 5
287 288 11
288 310 8
288 289 10
289 290 12
290 311 5
291 314 8
291 292 5
292 293 8
293 294 6
294 315 7
294 295 12
295 296 8
296 316 7
297 318 5
298 319 12
299 321 7
299 300 7
300 322 10
300 301 9
301 323 7
302 303 10
303 304 6
304 324 11
304 305 5
305 325 5
306 327 5
306 307 9
307 328 5
307 308 7
308 329 8
308 309 6
309 330 11
309 310 12
310 331 7
311 332 12
311 312 10
312 333 6
312 313 8
313 334 12
313 314 10
314 335 12
315 337 8
317 318 5
318 339 11
319 341 7
319 320 7
320 342 9
321 343 9
321 322 9
322 344 5
322 323 11
323 345 8
324 348 9
324 325 11
325 349 5
325 326 7
326 350 5
326 327 6
327 351 9
327 328 8
328 352 5
328 329 6
329 330 5
330 353 11
330 331 10
331 354 8
332 356 7
332 333 6
333 334 6
334 335 11
335 357 5
335 336 6
336 358 8
337 360 10
337 338 11
338 361 10
339 340 11
340 341 10
341 342 6
342 362 8
343 363 5
343 344 8
344 364 10
344 345 8
345 365 11
345 346 6
346 366 10
347 368 6
347 348 7
348 349 11
349 369 5
349 350 8
350 370 5
350 351 5
351 352 6
353 371 8
353 354 10
354 372 10
354 355 7
355 373 9
355 356 9
357 376 11
357 358 11
358 377 10
358 359 6
359 360 5
360 378 12
360 361 5
363 364 10
364 381 6
364 365 9
365 382 6
365 366 5
366 383 8
366 367 10
367 384 9
367 368 10
369 385 11
369 370 6
370 386 11
371 372 12
372 373 9
373 389 5
374 375 11
375 376 10
376 377 10
377 390 11
378 391 12
379 394 10
379 380 10
381 395 5
381 382 6
382 396 12
382 383 12
383 397 11
383 384 8
385 399 11
385 386 7
387 401 5
387 388 7
388 402 8
390 407 8
391 409 9
392 412 12
393 414 7
393 394 9
395 416 5
395 396 6
396 417 8
396 397 10
397 418 8
398 421 10
398 399 8
400 401 11
401 423 9
401 402 9
402 424 12
403 426 8
404 428 6
404 405 12
405 429 6
406 431 11
406 407 6
407 432 6
407 408 7
408 433 8
408 409 5
409 434 5
409 410 8
410 435 8
410 411 8
411 436 8
411 412 5
412 413 9
413 437 5
413 414 7
415 439 10
416 442 8
416 417 10
417 443 11
417 418 7
418 444 5
418 419 12
419 420 9
420 445 5
420 421 8
421 446 7
422 447 10
423 449 7
423 424 8
424 425 12
425 450 10
425 426 9
426 427 7
427 428 9
428 429 11
429 451 6
429 430 7
430 431 9
431 452 9
431 432 6
432 453 8
432 433 11
433 434 11
434 454 11
434 435 8
435 436 10
436 455 9
438 457 10
438 439 6
439 440 6
441 442 12
442 443 7
443 458 6
443 444 7
444 459 9
445 461 7
445 446 11
446 462 7
447 448 9
448 449 6
449 464 11
451 467 12
452 468 10
452 453 6
453 469 11
456 473 11
456 457 10
457 474 10
458 479 8
458 459 6
459 460 7
460 480 11
460 461 11
461 462 12
462 481 6
462 463 11
463 482 11
464 465 9
465 485 11
466 488 12
466 467 10
468 469 10
469 489 11
469 470 12
471 472 11
472 493 10
472 473 8
473 494 12
473 474 11
474 475 7
475 495 12
475 476 9
476 496 9
477 497 8
477 478 10
478 479 11
480 499 12
481 500 11
481 482 6
482 483 7
483 501 6
483 484 10
484 502 10
485 486 8
487 504 8
487 488 6
490 508 7
490 491 10
491 492 9
493 510 12
493 494 5
494 511 9
495 513 9
495 496 12
496 514 6
497 515 6
498 518 12
498 499 11
499 519 7
500 521 10
501 502 6
503 524 8
503 504 6
504 525 7
505 527 5
505 506 8
506 528 7
506 507 5
507 529 12
508 532 5
509 510 9
510 511 12
511 512 10
512 535 5
512 513 10
513 514 5
514 536 8
515 516 11
516 537 7
516 517 11
517 518 12
518 538 6
518 519 8
519 539 11
519 520 6
520 540 6
520 521 9
522 543 8
522 523 11
523 544 6
524 545 6
524 525 10
525 526 10
526 546 5
526 527 5
527 528 12
528 529 11
529 547 9
529 530 5
530 548 6
530 531 8
531 532 6
532 549 9
532 533 6
533 534 12
534 550 11
535 554 11
537 557 6
538 558 9
538 539 5
539 559 12
539 540 12
540 560 7
541 562 7
541 542 6
542 563 8
543 564 5
543 544 11
545 566 8
546 567 11
547 548 7
548 570 6
549 572 10
550 574 5
550 551 7
551 575 9
551 552 6
552 553 9
553 576 12
553 554 9
554 555 9
555 577 6
556 557 6
558 580 6
558 559 6
559 581 5
559 560 11
560 582 8
560 561 5
561 583 9
561 562 12
562 584 6
562 563 10
564 586 10
565 588 8
565 566 5
566 589 8
567 568 7
568 569 8
570 591 9
570 571 10
571 592 9
571 572 11
572 593 7
572 573 11
573 594 12
573 574 12
574 575 9
575 595 10
576 596 6
577 598 11
577 578 8
578 599 9
579 580 10
580 581 7
581 582 9
582 583 8
583 584 10
585 586 9
586 587 8
587 588 12
588 589 9
589 590 10
591 592 9
592 593 10
593 594 12
596 597 5
597 598 12
598 599 11
10 0.05 0.05 0.05
