726
0 -1.0 -1.0 16.0 168.0 36.0
1 -1.0 -1.0 4.0 238.0 31.0
2 -1.0 -1.0 20.0 150.0 41.0
3 -1.0 -1.0 15.0 85.0 71.0
4 -1.0 -1.0 4.0 67.0 65.0
5 -1.0 -1.0 9.0 258.0 97.0
6 -1.0 -1.0 19.0 163.0 79.0
7 -1.0 -1.0 9.0 178.0 63.0
8 -1.0 -1.0 16.0 316.0 94.0
9 -1.0 -1.0 11.0 80.0 68.0
10 -1.0 -1.0 6.0 256.0 58.0
11 -1.0 -1.0 13.0 29.0 92.0
12 -1.0 -1.0 11.0 151.0 37.0
13 -1.0 -1.0 4.0 343.0 78.0
14 -1.0 -1.0 19.0 150.0 65.0
15 -1.0 -1.0 18.0 219.0 24.0
16 -1.0 -1.0 9.0 39.0 46.0
17 -1.0 -1.0 7.0 229.0 74.0
18 -1.0 -1.0 9.0 143.0 57.0
19 -1.0 -1.0 10.0 118.0 96.0
20 -1.0 -1.0 17.0 225.0 43.0
21 -1.0 -1.0 17.0 288.0 30.0
22 -1.0 -1.0 8.0 330.0 87.0
23 -1.0 -1.0 8.0 376.0 37.0
24 -1.0 -1.0 20.0 385.0 72.0
25 -1.0 -1.0 5.0 118.0 45.0
26 -1.0 -1.0 19.0 368.0 61.0
27 -1.0 -1.0 13.0 57.0 100.0
28 -1.0 -1.0 20.0 156.0 44.0
29 -1.0 -1.0 19.0 309.0 71.0
30 -1.0 -1.0 8.0 116.0 36.0
31 -1.0 -1.0 19.0 300.0 30.0
32 -1.0 -1.0 4.0 354.0 76.0
33 -1.0 -1.0 5.0 219.0 64.0
34 -1.0 -1.0 12.0 165.0 53.0
35 -1.0 -1.0 19.0 264.0 28.0
36 -1.0 -1.0 8.0 205.0 91.0
37 -1.0 -1.0 10.0 231.0 30.0
38 -1.0 -1.0 10.0 323.0 96.0
39 -1.0 -1.0 15.0 307.0 35.0
40 -1.0 -1.0 9.0 108.0 18.0
41 -1.0 -1.0 10.0 313.0 77.0
42 -1.0 -1.0 15.0 374.0 59.0
43 -1.0 -1.0 19.0 298.0 87.0
44 -1.0 -1.0 7.0 119.0 56.0
45 -1.0 -1.0 12.0 208.0 56.0
46 -1.0 -1.0 14.0 69.0 63.0
47 -1.0 -1.0 5.0 254.0 60.0
48 -1.0 -1.0 10.0 295.0 23.0
49 -1.0 -1.0 6.0 142.0 52.0
50 -1.0 -1.0 5.0 53.0 50.0
51 -1.0 -1.0 16.0 78.0 67.0
52 -1.0 -1.0 20.0 37.0 34.0
53 -1.0 -1.0 5.0 193.0 70.0
54 -1.0 -1.0 5.0 21.0 16.0
55 -1.0 -1.0 5.0 126.0 24.0
56 -1.0 -1.0 5.0 309.0 70.0
57 -1.0 -1.0 13.0 62.0 77.0
58 -1.0 -1.0 11.0 128.0 17.0
59 -1.0 -1.0 11.0 294.0 19.0
60 -1.0 -1.0 14.0 71.0 27.0
61 -1.0 -1.0 14.0 313.0 62.0
62 -1.0 -1.0 9.0 32.0 32.0
63 -1.0 -1.0 20.0 293.0 65.0
64 -1.0 -1.0 8.0 205.0 34.0
65 -1.0 -1.0 15.0 16.0 32.0
66 -1.0 -1.0 12.0 48.0 70.0
67 -1.0 -1.0 17.0 369.0 46.0
68 -1.0 -1.0 14.0 229.0 93.0
69 -1.0 -1.0 6.0 356.0 76.0
70 -1.0 -1.0 4.0 31.0 74.0
71 -1.0 -1.0 6.0 241.0 43.0
72 -1.0 -1.0 11.0 308.0 24.0
73 -1.0 -1.0 7.0 197.0 81.0
74 -1.0 -1.0 19.0 296.0 42.0
75 -1.0 -1.0 17.0 112.0 57.0
76 -1.0 -1.0 19.0 230.0 63.0
77 -1.0 -1.0 18.0 275.0 30.0
78 -1.0 -1.0 16.0 196.0 97.0
79 -1.0 -1.0 17.0 144.0 24.0
80 -1.0 -1.0 20.0 172.0 57.0
81 -1.0 -1.0 10.0 369.0 33.0
82 -1.0 -1.0 4.0 397.0 44.0
83 -1.0 -1.0 16.0 237.0 40.0
84 -1.0 -1.0 4.0 148.0 59.0
85 -1.0 -1.0 12.0 203.0 69.0
86 -1.0 -1.0 16.0 188.0 23.0
87 -1.0 -1.0 17.0 389.0 81.0
88 -1.0 -1.0 16.0 274.0 45.0
89 -1.0 -1.0 14.0 334.0 20.0
90 -1.0 -1.0 8.0 181.0 89.0
91 -1.0 -1.0 14.0 141.0 31.0
92 -1.0 -1.0 20.0 17.0 74.0
93 -1.0 -1.0 20.0 388.0 51.0
94 -1.0 -1.0 5.0 253.0 48.0
95 -1.0 -1.0 13.0 222.0 59.0
96 -1.0 -1.0 15.0 15.0 89.0
97 -1.0 -1.0 11.0 355.0 79.0
98 -1.0 -1.0 17.0 18.0 32.0
99 -1.0 -1.0 14.0 367.0 18.0
100 -1.0 -1.0 13.0 233.0 37.0
101 -1.0 -1.0 10.0 96.0 48.0
102 -1.0 -1.0 9.0 354.0 67.0
103 -1.0 -1.0 17.0 382.0 91.0
104 -1.0 -1.0 15.0 391.0 71.0
105 -1.0 -1.0 13.0 66.0 36.0
106 -1.0 -1.0 6.0 57.0 46.0
107 -1.0 -1.0 15.0 84.0 77.0
108 -1.0 -1.0 19.0 137.0 86.0
109 -1.0 -1.0 14.0 106.0 72.0
110 -1.0 -1.0 17.0 218.0 86.0
111 -1.0 -1.0 9.0 239.0 68.0
112 -1.0 -1.0 16.0 112.0 59.0
113 -1.0 -1.0 16.0 270.0 73.0
114 -1.0 -1.0 12.0 350.0 49.0
115 -1.0 -1.0 15.0 111.0 93.0
116 -1.0 -1.0 10.0 144.0 67.0
117 -1.0 -1.0 11.0 102.0 15.0
118 -1.0 -1.0 9.0 219.0 17.0
119 -1.0 -1.0 9.0 375.0 58.0
120 -1.0 -1.0 14.0 299.0 62.0
121 -1.0 -1.0 12.0 178.0 96.0
122 -1.0 -1.0 18.0 64.0 37.0
123 -1.0 -1.0 8.0 284.0 50.0
124 -1.0 -1.0 5.0 116.0 94.0
125 -1.0 -1.0 15.0 22.0 58.0
126 -1.0 -1.0 19.0 374.0 98.0
127 -1.0 -1.0 4.0 296.0 98.0
128 -1.0 -1.0 13.0 311.0 54.0
129 -1.0 -1.0 15.0 366.0 66.0
130 -1.0 -1.0 4.0 181.0 88.0
131 -1.0 -1.0 15.0 344.0 22.0
132 -1.0 -1.0 20.0 91.0 16.0
133 -1.0 -1.0 10.0 124.0 100.0
134 -1.0 -1.0 12.0 110.0 44.0
135 -1.0 -1.0 7.0 379.0 38.0
136 -1.0 -1.0 12.0 163.0 27.0
137 -1.0 -1.0 14.0 134.0 70.0
138 -1.0 -1.0 9.0 203.0 22.0
139 -1.0 -1.0 16.0 109.0 72.0
140 -1.0 -1.0 10.0 56.0 47.0
141 -1.0 -1.0 15.0 330.0 54.0
142 -1.0 -1.0 13.0 117.0 19.0
143 -1.0 -1.0 5.0 386.0 62.0
144 -1.0 -1.0 8.0 369.0 82.0
145 -1.0 -1.0 16.0 332.0 94.0
146 -1.0 -1.0 20.0 383.0 79.0
147 -1.0 -1.0 15.0 169.0 54.0
148 -1.0 -1.0 15.0 42.0 26.0
149 -1.0 -1.0 16.0 123.0 84.0
150 -1.0 -1.0 19.0 225.0 31.0
151 -1.0 -1.0 15.0 365.0 100.0
152 -1.0 -1.0 17.0 287.0 100.0
153 -1.0 -1.0 6.0 103.0 55.0
154 -1.0 -1.0 19.0 129.0 71.0
155 -1.0 -1.0 9.0 134.0 33.0
156 -1.0 -1.0 17.0 348.0 24.0
157 -1.0 -1.0 15.0 30.0 34.0
158 -1.0 -1.0 12.0 19.0 53.0
159 -1.0 -1.0 19.0 372.0 77.0
160 -1.0 -1.0 18.0 84.0 28.0
161 -1.0 -1.0 19.0 67.0 55.0
162 -1.0 -1.0 6.0 390.0 92.0
163 -1.0 -1.0 10.0 325.0 98.0
164 -1.0 -1.0 11.0 171.0 23.0
165 -1.0 -1.0 15.0 277.0 35.0
166 -1.0 -1.0 15.0 344.0 72.0
167 -1.0 -1.0 15.0 88.0 85.0
168 -1.0 -1.0 5.0 193.0 51.0
169 -1.0 -1.0 10.0 128.0 24.0
170 -1.0 -1.0 6.0 142.0 26.0
171 -1.0 -1.0 8.0 233.0 37.0
172 -1.0 -1.0 7.0 16.0 38.0
173 -1.0 -1.0 9.0 344.0 33.0
174 -1.0 -1.0 17.0 195.0 38.0
175 -1.0 -1.0 4.0 331.0 49.0
176 -1.0 -1.0 17.0 97.0 39.0
177 -1.0 -1.0 8.0 127.0 74.0
178 -1.0 -1.0 11.0 238.0 22.0
179 -1.0 -1.0 6.0 218.0 67.0
180 -1.0 -1.0 8.0 280.0 64.0
181 -1.0 -1.0 10.0 331.0 33.0
182 -1.0 -1.0 20.0 152.0 15.0
183 -1.0 -1.0 13.0 144.0 88.0
184 -1.0 -1.0 13.0 163.0 67.0
185 -1.0 -1.0 12.0 54.0 50.0
186 -1.0 -1.0 9.0 54.0 92.0
187 -1.0 -1.0 5.0 174.0 82.0
188 -1.0 -1.0 7.0 232.0 52.0
189 -1.0 -1.0 14.0 95.0 43.0
190 -1.0 -1.0 20.0 245.0 95.0
191 -1.0 -1.0 18.0 272.0 100.0
192 -1.0 -1.0 9.0 66.0 72.0
193 -1.0 -1.0 16.0 329.0 58.0
194 -1.0 -1.0 15.0 40.0 61.0
195 -1.0 -1.0 5.0 241.0 33.0
196 -1.0 -1.0 4.0 292.0 22.0
197 -1.0 -1.0 16.0 304.0 26.0
198 -1.0 -1.0 18.0 43.0 18.0
199 -1.0 -1.0 6.0 191.0 41.0
200 -1.0 -1.0 4.0 264.0 58.0
201 -1.0 -1.0 16.0 110.0 93.0
202 -1.0 -1.0 6.0 27.0 82.0
203 -1.0 -1.0 9.0 388.0 78.0
204 -1.0 -1.0 6.0 69.0 61.0
205 -1.0 -1.0 20.0 134.0 57.0
206 -1.0 -1.0 6.0 93.0 45.0
207 -1.0 -1.0 20.0 151.0 52.0
208 -1.0 -1.0 20.0 258.0 41.0
209 -1.0 -1.0 10.0 42.0 40.0
210 -1.0 -1.0 17.0 28.0 52.0
211 -1.0 -1.0 18.0 337.0 32.0
212 -1.0 -1.0 6.0 232.0 30.0
213 -1.0 -1.0 20.0 339.0 93.0
214 -1.0 -1.0 10.0 373.0 19.0
215 -1.0 -1.0 16.0 51.0 59.0
216 -1.0 -1.0 19.0 114.0 77.0
217 -1.0 -1.0 6.0 120.0 23.0
218 -1.0 -1.0 12.0 330.0 63.0
219 -1.0 -1.0 7.0 34.0 83.0
220 -1.0 -1.0 12.0 371.0 67.0
221 -1.0 -1.0 4.0 125.0 54.0
222 -1.0 -1.0 19.0 364.0 23.0
223 -1.0 -1.0 8.0 211.0 84.0
224 -1.0 -1.0 5.0 85.0 95.0
225 -1.0 -1.0 17.0 73.0 51.0
226 -1.0 -1.0 17.0 20.0 95.0
227 -1.0 -1.0 19.0 49.0 89.0
228 -1.0 -1.0 10.0 360.0 36.0
229 -1.0 -1.0 8.0 333.0 92.0
230 -1.0 -1.0 5.0 245.0 21.0
231 -1.0 -1.0 17.0 139.0 76.0
232 -1.0 -1.0 16.0 42.0 47.0
233 -1.0 -1.0 19.0 41.0 37.0
234 -1.0 -1.0 12.0 258.0 83.0
235 -1.0 -1.0 20.0 224.0 35.0
236 -1.0 -1.0 10.0 310.0 64.0
237 -1.0 -1.0 18.0 156.0 62.0
238 -1.0 -1.0 13.0 203.0 53.0
239 -1.0 -1.0 17.0 187.0 35.0
240 -1.0 -1.0 16.0 199.0 56.0
241 -1.0 -1.0 20.0 47.0 50.0
242 -1.0 -1.0 20.0 254.0 57.0
243 -1.0 -1.0 13.0 361.0 84.0
244 -1.0 -1.0 16.0 125.0 48.0
245 -1.0 -1.0 16.0 71.0 66.0
246 -1.0 -1.0 4.0 97.0 94.0
247 -1.0 -1.0 16.0 327.0 95.0
248 -1.0 -1.0 8.0 351.0 16.0
249 -1.0 -1.0 14.0 185.0 37.0
250 -1.0 -1.0 7.0 119.0 94.0
251 -1.0 -1.0 10.0 356.0 60.0
252 -1.0 -1.0 11.0 78.0 77.0
253 -1.0 -1.0 17.0 298.0 17.0
254 -1.0 -1.0 8.0 339.0 16.0
255 -1.0 -1.0 15.0 400.0 49.0
256 -1.0 -1.0 15.0 231.0 57.0
257 -1.0 -1.0 12.0 306.0 62.0
258 -1.0 -1.0 8.0 322.0 89.0
259 -1.0 -1.0 18.0 205.0 48.0
260 -1.0 -1.0 5.0 142.0 53.0
261 -1.0 -1.0 14.0 24.0 31.0
262 -1.0 -1.0 14.0 272.0 52.0
263 -1.0 -1.0 10.0 190.0 53.0
264 -1.0 -1.0 12.0 320.0 96.0
265 -1.0 -1.0 15.0 400.0 51.0
266 -1.0 -1.0 7.0 335.0 68.0
267 -1.0 -1.0 15.0 311.0 84.0
268 -1.0 -1.0 12.0 180.0 64.0
269 -1.0 -1.0 12.0 286.0 79.0
270 -1.0 -1.0 20.0 86.0 19.0
271 -1.0 -1.0 4.0 130.0 73.0
272 -1.0 -1.0 19.0 189.0 92.0
273 -1.0 -1.0 7.0 43.0 96.0
274 -1.0 -1.0 13.0 259.0 50.0
275 -1.0 -1.0 13.0 62.0 32.0
276 -1.0 -1.0 11.0 261.0 37.0
277 -1.0 -1.0 17.0 385.0 75.0
278 -1.0 -1.0 19.0 262.0 22.0
279 -1.0 -1.0 12.0 131.0 82.0
280 -1.0 -1.0 18.0 106.0 25.0
281 -1.0 -1.0 4.0 125.0 76.0
282 -1.0 -1.0 17.0 151.0 67.0
283 -1.0 -1.0 18.0 226.0 76.0
284 -1.0 -1.0 6.0 254.0 23.0
285 -1.0 -1.0 9.0 85.0 22.0
286 -1.0 -1.0 20.0 144.0 21.0
287 -1.0 -1.0 14.0 187.0 88.0
288 -1.0 -1.0 10.0 264.0 36.0
289 -1.0 -1.0 19.0 366.0 70.0
290 -1.0 -1.0 19.0 113.0 85.0
291 -1.0 -1.0 14.0 373.0 94.0
292 -1.0 -1.0 14.0 151.0 21.0
293 -1.0 -1.0 7.0 277.0 18.0
294 -1.0 -1.0 8.0 54.0 88.0
295 -1.0 -1.0 18.0 356.0 29.0
296 -1.0 -1.0 18.0 43.0 66.0
297 -1.0 -1.0 7.0 343.0 39.0
298 -1.0 -1.0 20.0 294.0 73.0
299 -1.0 -1.0 17.0 59.0 20.0
300 -1.0 -1.0 8.0 281.0 42.0
301 -1.0 -1.0 11.0 261.0 91.0
302 -1.0 -1.0 12.0 67.0 37.0
303 -1.0 -1.0 20.0 114.0 16.0
304 -1.0 -1.0 9.0 286.0 53.0
305 -1.0 -1.0 6.0 152.0 59.0
306 -1.0 -1.0 4.0 150.0 50.0
307 -1.0 -1.0 8.0 204.0 16.0
308 -1.0 -1.0 12.0 255.0 67.0
309 -1.0 -1.0 13.0 273.0 15.0
310 -1.0 -1.0 20.0 25.0 84.0
311 -1.0 -1.0 7.0 223.0 71.0
312 -1.0 -1.0 17.0 311.0 34.0
313 -1.0 -1.0 12.0 85.0 93.0
314 -1.0 -1.0 12.0 46.0 71.0
315 -1.0 -1.0 11.0 343.0 41.0
316 -1.0 -1.0 13.0 291.0 84.0
317 -1.0 -1.0 15.0 58.0 79.0
318 -1.0 -1.0 18.0 384.0 37.0
319 -1.0 -1.0 20.0 22.0 79.0
320 -1.0 -1.0 7.0 51.0 92.0
321 -1.0 -1.0 18.0 355.0 76.0
322 -1.0 -1.0 12.0 258.0 65.0
323 -1.0 -1.0 9.0 331.0 46.0
324 -1.0 -1.0 19.0 158.0 23.0
325 -1.0 -1.0 7.0 18.0 62.0
326 -1.0 -1.0 13.0 83.0 45.0
327 -1.0 -1.0 14.0 80.0 17.0
328 -1.0 -1.0 18.0 94.0 87.0
329 -1.0 -1.0 15.0 189.0 100.0
330 -1.0 -1.0 11.0 46.0 35.0
331 -1.0 -1.0 4.0 341.0 38.0
332 -1.0 -1.0 13.0 157.0 24.0
333 -1.0 -1.0 17.0 125.0 42.0
334 -1.0 -1.0 4.0 65.0 24.0
335 -1.0 -1.0 20.0 108.0 76.0
336 -1.0 -1.0 9.0 378.0 29.0
337 -1.0 -1.0 10.0 266.0 37.0
338 -1.0 -1.0 15.0 337.0 15.0
339 -1.0 -1.0 7.0 108.0 83.0
340 -1.0 -1.0 9.0 372.0 65.0
341 -1.0 -1.0 7.0 285.0 31.0
342 -1.0 -1.0 20.0 29.0 95.0
343 -1.0 -1.0 8.0 155.0 25.0
344 -1.0 -1.0 8.0 171.0 22.0
345 -1.0 -1.0 5.0 355.0 18.0
346 -1.0 -1.0 7.0 202.0 35.0
347 -1.0 -1.0 12.0 256.0 20.0
348 -1.0 -1.0 4.0 245.0 35.0
349 -1.0 -1.0 13.0 329.0 77.0
350 -1.0 -1.0 19.0 26.0 46.0
351 -1.0 -1.0 16.0 196.0 41.0
352 -1.0 -1.0 15.0 336.0 87.0
353 -1.0 -1.0 14.0 244.0 24.0
354 -1.0 -1.0 8.0 361.0 44.0
355 -1.0 -1.0 19.0 31.0 95.0
356 -1.0 -1.0 6.0 364.0 35.0
357 -1.0 -1.0 10.0 33.0 23.0
358 -1.0 -1.0 10.0 89.0 43.0
359 -1.0 -1.0 9.0 362.0 20.0
360 -1.0 -1.0 14.0 128.0 67.0
361 -1.0 -1.0 5.0 334.0 94.0
362 -1.0 -1.0 19.0 106.0 99.0
363 -1.0 -1.0 15.0 385.0 39.0
364 -1.0 -1.0 12.0 70.0 84.0
365 -1.0 -1.0 15.0 314.0 61.0
366 -1.0 -1.0 9.0 245.0 53.0
367 -1.0 -1.0 4.0 381.0 84.0
368 -1.0 -1.0 11.0 189.0 44.0
369 -1.0 -1.0 14.0 211.0 23.0
370 -1.0 -1.0 20.0 278.0 66.0
371 -1.0 -1.0 8.0 287.0 36.0
372 -1.0 -1.0 10.0 297.0 20.0
373 -1.0 -1.0 16.0 58.0 44.0
374 -1.0 -1.0 15.0 185.0 34.0
375 -1.0 -1.0 17.0 310.0 82.0
376 -1.0 -1.0 8.0 37.0 54.0
377 -1.0 -1.0 7.0 302.0 57.0
378 -1.0 -1.0 4.0 309.0 18.0
379 -1.0 -1.0 16.0 178.0 15.0
380 -1.0 -1.0 16.0 97.0 72.0
381 -1.0 -1.0 5.0 258.0 24.0
382 -1.0 -1.0 19.0 399.0 54.0
383 -1.0 -1.0 5.0 62.0 90.0
384 -1.0 -1.0 6.0 320.0 19.0
385 -1.0 -1.0 9.0 262.0 85.0
386 -1.0 -1.0 19.0 280.0 64.0
387 -1.0 -1.0 14.0 395.0 74.0
388 -1.0 -1.0 8.0 148.0 36.0
389 -1.0 -1.0 15.0 83.0 21.0
390 -1.0 -1.0 9.0 41.0 42.0
391 -1.0 -1.0 6.0 368.0 45.0
392 -1.0 -1.0 8.0 238.0 50.0
393 -1.0 -1.0 5.0 322.0 39.0
394 -1.0 -1.0 12.0 166.0 41.0
395 -1.0 -1.0 17.0 319.0 91.0
396 -1.0 -1.0 5.0 388.0 80.0
397 -1.0 -1.0 4.0 366.0 85.0
398 -1.0 -1.0 11.0 134.0 29.0
399 -1.0 -1.0 10.0 188.0 90.0
400 -1.0 -1.0 6.0 395.0 64.0
401 -1.0 -1.0 11.0 15.0 45.0
402 -1.0 -1.0 15.0 130.0 38.0
403 -1.0 -1.0 17.0 330.0 52.0
404 -1.0 -1.0 19.0 196.0 95.0
405 -1.0 -1.0 15.0 357.0 96.0
406 -1.0 -1.0 4.0 152.0 33.0
407 -1.0 -1.0 10.0 361.0 15.0
408 -1.0 -1.0 4.0 86.0 26.0
409 -1.0 -1.0 17.0 238.0 62.0
410 -1.0 -1.0 5.0 122.0 48.0
411 -1.0 -1.0 7.0 315.0 90.0
412 -1.0 -1.0 13.0 196.0 82.0
413 -1.0 -1.0 5.0 113.0 40.0
414 -1.0 -1.0 5.0 271.0 38.0
415 -1.0 -1.0 19.0 41.0 69.0
416 -1.0 -1.0 20.0 378.0 83.0
417 -1.0 -1.0 12.0 176.0 89.0
418 -1.0 -1.0 14.0 370.0 73.0
419 -1.0 -1.0 11.0 70.0 62.0
420 -1.0 -1.0 8.0 373.0 62.0
421 -1.0 -1.0 5.0 174.0 59.0
422 -1.0 -1.0 7.0 88.0 79.0
423 -1.0 -1.0 5.0 380.0 99.0
424 -1.0 -1.0 11.0 163.0 84.0
425 -1.0 -1.0 5.0 329.0 34.0
426 -1.0 -1.0 16.0 59.0 76.0
427 -1.0 -1.0 18.0 340.0 82.0
428 -1.0 -1.0 20.0 50.0 46.0
429 -1.0 -1.0 20.0 197.0 82.0
430 -1.0 -1.0 15.0 226.0 34.0
431 -1.0 -1.0 13.0 222.0 18.0
432 -1.0 -1.0 6.0 359.0 44.0
433 -1.0 -1.0 4.0 180.0 71.0
434 -1.0 -1.0 4.0 197.0 72.0
435 -1.0 -1.0 5.0 316.0 29.0
436 -1.0 -1.0 11.0 396.0 16.0
437 -1.0 -1.0 15.0 353.0 91.0
438 -1.0 -1.0 5.0 241.0 94.0
439 -1.0 -1.0 15.0 268.0 38.0
440 -1.0 -1.0 19.0 370.0 87.0
441 -1.0 -1.0 10.0 356.0 82.0
442 -1.0 -1.0 13.0 264.0 47.0
443 -1.0 -1.0 5.0 33.0 68.0
444 -1.0 -1.0 7.0 210.0 95.0
445 -1.0 -1.0 16.0 267.0 45.0
446 -1.0 -1.0 16.0 85.0 75.0
447 -1.0 -1.0 13.0 209.0 81.0
448 -1.0 -1.0 15.0 140.0 58.0
449 -1.0 -1.0 14.0 45.0 94.0
450 -1.0 -1.0 13.0 126.0 72.0
451 -1.0 -1.0 4.0 189.0 33.0
452 -1.0 -1.0 5.0 149.0 74.0
453 -1.0 -1.0 14.0 76.0 91.0
454 -1.0 -1.0 8.0 312.0 86.0
455 -1.0 -1.0 20.0 152.0 93.0
456 -1.0 -1.0 11.0 365.0 81.0
457 -1.0 -1.0 10.0 345.0 64.0
458 -1.0 -1.0 14.0 371.0 99.0
459 -1.0 -1.0 17.0 104.0 86.0
460 -1.0 -1.0 13.0 205.0 61.0
461 -1.0 -1.0 16.0 264.0 81.0
462 -1.0 -1.0 15.0 390.0 52.0
463 -1.0 -1.0 15.0 110.0 88.0
464 -1.0 -1.0 9.0 28.0 42.0
465 -1.0 -1.0 8.0 20.0 99.0
466 -1.0 -1.0 8.0 393.0 79.0
467 -1.0 -1.0 8.0 205.0 34.0
468 -1.0 -1.0 7.0 329.0 54.0
469 -1.0 -1.0 11.0 336.0 53.0
470 -1.0 -1.0 7.0 291.0 56.0
471 -1.0 -1.0 12.0 54.0 39.0
472 -1.0 -1.0 16.0 46.0 18.0
473 -1.0 -1.0 20.0 220.0 56.0
474 -1.0 -1.0 9.0 94.0 59.0
475 -1.0 -1.0 18.0 220.0 73.0
476 -1.0 -1.0 12.0 106.0 62.0
477 -1.0 -1.0 15.0 156.0 83.0
478 -1.0 -1.0 6.0 260.0 43.0
479 -1.0 -1.0 19.0 70.0 83.0
480 -1.0 -1.0 17.0 156.0 19.0
481 -1.0 -1.0 4.0 354.0 58.0
482 -1.0 -1.0 17.0 62.0 58.0
483 -1.0 -1.0 8.0 395.0 62.0
484 -1.0 -1.0 16.0 284.0 20.0
485 -1.0 -1.0 12.0 376.0 52.0
486 -1.0 -1.0 5.0 120.0 79.0
487 -1.0 -1.0 11.0 170.0 55.0
488 -1.0 -1.0 17.0 88.0 87.0
489 -1.0 -1.0 18.0 54.0 79.0
490 -1.0 -1.0 9.0 86.0 19.0
491 -1.0 -1.0 7.0 47.0 81.0
492 -1.0 -1.0 13.0 392.0 29.0
493 -1.0 -1.0 14.0 30.0 50.0
494 -1.0 -1.0 15.0 166.0 77.0
495 -1.0 -1.0 4.0 43.0 83.0
496 -1.0 -1.0 5.0 316.0 30.0
497 -1.0 -1.0 16.0 191.0 20.0
498 -1.0 -1.0 13.0 301.0 40.0
499 -1.0 -1.0 18.0 67.0 67.0
500 -1.0 -1.0 19.0 263.0 79.0
501 -1.0 -1.0 12.0 304.0 86.0
502 -1.0 -1.0 4.0 66.0 94.0
503 -1.0 -1.0 17.0 313.0 100.0
504 -1.0 -1.0 6.0 119.0 95.0
505 -1.0 -1.0 12.0 62.0 16.0
506 -1.0 -1.0 11.0 96.0 35.0
507 -1.0 -1.0 12.0 80.0 26.0
508 -1.0 -1.0 14.0 63.0 66.0
509 -1.0 -1.0 4.0 302.0 78.0
510 -1.0 -1.0 11.0 301.0 66.0
511 -1.0 -1.0 17.0 173.0 40.0
512 -1.0 -1.0 9.0 249.0 16.0
513 -1.0 -1.0 19.0 246.0 100.0
514 -1.0 -1.0 12.0 213.0 85.0
515 -1.0 -1.0 19.0 113.0 39.0
516 -1.0 -1.0 9.0 141.0 63.0
517 -1.0 -1.0 17.0 376.0 35.0
518 -1.0 -1.0 17.0 218.0 20.0
519 -1.0 -1.0 15.0 164.0 25.0
520 -1.0 -1.0 9.0 178.0 46.0
521 -1.0 -1.0 4.0 212.0 45.0
522 -1.0 -1.0 12.0 276.0 86.0
523 -1.0 -1.0 7.0 371.0 65.0
524 -1.0 -1.0 16.0 88.0 69.0
525 -1.0 -1.0 14.0 164.0 65.0
526 -1.0 -1.0 9.0 296.0 63.0
527 -1.0 -1.0 11.0 394.0 28.0
528 -1.0 -1.0 4.0 391.0 39.0
529 -1.0 -1.0 8.0 270.0 27.0
530 -1.0 -1.0 18.0 345.0 55.0
531 -1.0 -1.0 6.0 229.0 34.0
532 -1.0 -1.0 20.0 20.0 42.0
533 -1.0 -1.0 10.0 321.0 99.0
534 -1.0 -1.0 8.0 97.0 44.0
535 -1.0 -1.0 12.0 156.0 97.0
536 -1.0 -1.0 10.0 44.0 99.0
537 -1.0 -1.0 11.0 154.0 38.0
538 -1.0 -1.0 13.0 380.0 55.0
539 -1.0 -1.0 19.0 104.0 97.0
540 -1.0 -1.0 12.0 142.0 55.0
541 -1.0 -1.0 16.0 184.0 86.0
542 -1.0 -1.0 6.0 43.0 34.0
543 -1.0 -1.0 14.0 98.0 88.0
544 -1.0 -1.0 19.0 341.0 16.0
545 -1.0 -1.0 15.0 42.0 56.0
546 -1.0 -1.0 10.0 268.0 93.0
547 -1.0 -1.0 9.0 17.0 67.0
548 -1.0 -1.0 20.0 302.0 70.0
549 -1.0 -1.0 17.0 329.0 41.0
550 -1.0 -1.0 13.0 48.0 61.0
551 -1.0 -1.0 13.0 62.0 31.0
552 -1.0 -1.0 17.0 376.0 49.0
553 -1.0 -1.0 19.0 389.0 15.0
554 -1.0 -1.0 14.0 265.0 62.0
555 -1.0 -1.0 4.0 205.0 65.0
556 -1.0 -1.0 17.0 72.0 26.0
557 -1.0 -1.0 5.0 97.0 75.0
558 -1.0 -1.0 7.0 20.0 60.0
559 -1.0 -1.0 20.0 155.0 55.0
560 -1.0 -1.0 8.0 313.0 32.0
561 -1.0 -1.0 16.0 173.0 91.0
562 -1.0 -1.0 16.0 119.0 89.0
563 -1.0 -1.0 13.0 42.0 32.0
564 -1.0 -1.0 9.0 382.0 84.0
565 -1.0 -1.0 18.0 249.0 51.0
566 -1.0 -1.0 11.0 261.0 96.0
567 -1.0 -1.0 14.0 188.0 58.0
568 -1.0 -1.0 12.0 346.0 32.0
569 -1.0 -1.0 7.0 251.0 86.0
570 -1.0 -1.0 13.0 371.0 42.0
571 -1.0 -1.0 12.0 88.0 69.0
572 -1.0 -1.0 13.0 193.0 20.0
573 -1.0 -1.0 7.0 52.0 58.0
574 -1.0 -1.0 8.0 53.0 24.0
575 -1.0 -1.0 12.0 91.0 31.0
576 -1.0 -1.0 12.0 90.0 100.0
577 -1.0 -1.0 8.0 364.0 51.0
578 -1.0 -1.0 20.0 343.0 32.0
579 -1.0 -1.0 14.0 23.0 50.0
580 -1.0 -1.0 17.0 258.0 47.0
581 -1.0 -1.0 6.0 51.0 67.0
582 -1.0 -1.0 16.0 222.0 77.0
583 -1.0 -1.0 16.0 380.0 95.0
584 -1.0 -1.0 17.0 351.0 74.0
585 -1.0 -1.0 16.0 214.0 71.0
586 -1.0 -1.0 16.0 227.0 36.0
587 -1.0 -1.0 7.0 235.0 86.0
588 -1.0 -1.0 12.0 154.0 59.0
589 -1.0 -1.0 20.0 119.0 94.0
590 -1.0 -1.0 10.0 235.0 15.0
591 -1.0 -1.0 19.0 342.0 71.0
592 -1.0 -1.0 4.0 56.0 46.0
593 -1.0 -1.0 9.0 238.0 94.0
594 -1.0 -1.0 7.0 253.0 20.0
595 -1.0 -1.0 11.0 351.0 74.0
596 -1.0 -1.0 18.0 307.0 86.0
597 -1.0 -1.0 20.0 360.0 63.0
598 -1.0 -1.0 5.0 217.0 46.0
599 -1.0 -1.0 17.0 169.0 23.0
600 -1.0 -1.0 15.0 257.0 57.0
601 -1.0 -1.0 16.0 371.0 37.0
602 -1.0 -1.0 10.0 158.0 36.0
603 -1.0 -1.0 5.0 354.0 95.0
604 -1.0 -1.0 9.0 117.0 69.0
605 -1.0 -1.0 17.0 252.0 80.0
606 -1.0 -1.0 4.0 253.0 41.0
607 -1.0 -1.0 15.0 261.0 40.0
608 -1.0 -1.0 7.0 283.0 33.0
609 -1.0 -1.0 16.0 131.0 25.0
610 -1.0 -1.0 12.0 292.0 67.0
611 -1.0 -1.0 12.0 391.0 46.0
612 -1.0 -1.0 7.0 181.0 55.0
613 -1.0 -1.0 6.0 271.0 47.0
614 -1.0 -1.0 14.0 158.0 40.0
615 -1.0 -1.0 17.0 262.0 15.0
616 -1.0 -1.0 13.0 250.0 80.0
617 -1.0 -1.0 5.0 149.0 36.0
618 -1.0 -1.0 19.0 211.0 100.0
619 -1.0 -1.0 19.0 161.0 51.0
620 -1.0 -1.0 20.0 292.0 31.0
621 -1.0 -1.0 15.0 126.0 79.0
622 -1.0 -1.0 4.0 235.0 18.0
623 -1.0 -1.0 15.0 25.0 93.0
624 -1.0 -1.0 13.0 386.0 84.0
625 -1.0 -1.0 7.0 333.0 29.0
626 -1.0 -1.0 11.0 126.0 45.0
627 -1.0 -1.0 14.0 18.0 69.0
628 -1.0 -1.0 19.0 236.0 48.0
629 -1.0 -1.0 19.0 32.0 54.0
630 -1.0 -1.0 13.0 133.0 78.0
631 -1.0 -1.0 12.0 132.0 60.0
632 -1.0 -1.0 9.0 214.0 93.0
633 -1.0 -1.0 8.0 147.0 53.0
634 -1.0 -1.0 19.0 126.0 35.0
635 -1.0 -1.0 15.0 146.0 91.0
636 -1.0 -1.0 4.0 312.0 61.0
637 -1.0 -1.0 10.0 213.0 38.0
638 -1.0 -1.0 7.0 397.0 15.0
639 -1.0 -1.0 20.0 296.0 40.0
640 -1.0 -1.0 6.0 56.0 94.0
641 -1.0 -1.0 18.0 37.0 19.0
642 -1.0 -1.0 17.0 263.0 22.0
643 -1.0 -1.0 16.0 369.0 16.0
644 -1.0 -1.0 4.0 19.0 95.0
645 -1.0 -1.0 4.0 191.0 24.0
646 -1.0 -1.0 12.0 214.0 33.0
647 -1.0 -1.0 15.0 371.0 52.0
648 -1.0 -1.0 7.0 241.0 15.0
649 -1.0 -1.0 8.0 209.0 95.0
650 -1.0 -1.0 7.0 44.0 100.0
651 -1.0 -1.0 9.0 305.0 62.0
652 -1.0 -1.0 17.0 279.0 75.0
653 -1.0 -1.0 7.0 58.0 36.0
654 -1.0 -1.0 19.0 103.0 45.0
655 -1.0 -1.0 12.0 186.0 31.0
656 -1.0 -1.0 14.0 271.0 55.0
657 -1.0 -1.0 11.0 271.0 47.0
658 -1.0 -1.0 19.0 129.0 50.0
659 -1.0 -1.0 11.0 373.0 58.0
660 -1.0 -1.0 14.0 313.0 24.0
661 -1.0 -1.0 16.0 131.0 85.0
662 -1.0 -1.0 11.0 341.0 77.0
663 -1.0 -1.0 20.0 285.0 49.0
664 -1.0 -1.0 15.0 240.0 42.0
665 -1.0 -1.0 9.0 316.0 34.0
666 -1.0 -1.0 8.0 282.0 23.0
667 -1.0 -1.0 10.0 253.0 17.0
668 -1.0 -1.0 13.0 282.0 99.0
669 -1.0 -1.0 5.0 42.0 44.0
670 -1.0 -1.0 10.0 211.0 36.0
671 -1.0 -1.0 20.0 25.0 84.0
672 -1.0 -1.0 4.0 297.0 71.0
673 -1.0 -1.0 13.0 151.0 88.0
674 -1.0 -1.0 11.0 80.0 92.0
675 -1.0 -1.0 10.0 220.0 70.0
676 -1.0 -1.0 11.0 399.0 21.0
677 -1.0 -1.0 11.0 231.0 62.0
678 -1.0 -1.0 18.0 25.0 31.0
679 -1.0 -1.0 15.0 73.0 74.0
680 -1.0 -1.0 9.0 353.0 47.0
681 -1.0 -1.0 8.0 111.0 27.0
682 -1.0 -1.0 17.0 114.0 42.0
683 -1.0 -1.0 11.0 164.0 17.0
684 -1.0 -1.0 5.0 362.0 58.0
685 -1.0 -1.0 15.0 164.0 26.0
686 -1.0 -1.0 6.0 171.0 56.0
687 -1.0 -1.0 19.0 198.0 65.0
688 -1.0 -1.0 5.0 373.0 62.0
689 -1.0 -1.0 4.0 147.0 54.0
690 -1.0 -1.0 15.0 145.0 33.0
691 -1.0 -1.0 11.0 92.0 77.0
692 -1.0 -1.0 4.0 384.0 99.0
693 -1.0 -1.0 14.0 229.0 98.0
694 -1.0 -1.0 8.0 242.0 66.0
695 -1.0 -1.0 13.0 214.0 40.0
696 -1.0 -1.0 5.0 388.0 59.0
697 -1.0 -1.0 20.0 232.0 43.0
698 -1.0 -1.0 12.0 281.0 39.0
699 -1.0 -1.0 16.0 323.0 50.0
700 -1.0 -1.0 5.0 137.0 25.0
701 -1.0 -1.0 16.0 82.0 55.0
702 -1.0 -1.0 8.0 239.0 35.0
703 -1.0 -1.0 9.0 304.0 42.0
704 -1.0 -1.0 10.0 279.0 62.0
705 -1.0 -1.0 20.0 325.0 46.0
706 -1.0 -1.0 17.0 384.0 37.0
707 -1.0 -1.0 14.0 121.0 43.0
708 -1.0 -1.0 8.0 85.0 63.0
709 -1.0 -1.0 12.0 348.0 55.0
710 -1.0 -1.0 20.0 55.0 37.0
711 -1.0 -1.0 13.0 279.0 100.0
712 -1.0 -1.0 8.0 92.0 56.0
713 -1.0 -1.0 8.0 343.0 23.0
714 -1.0 -1.0 9.0 42.0 76.0
715 -1.0 -1.0 18.0 154.0 100.0
716 -1.0 -1.0 15.0 144.0 59.0
717 -1.0 -1.0 10.0 78.0 70.0
718 -1.0 -1.0 15.0 124.0 40.0
719 -1.0 -1.0 11.0 326.0 97.0
720 -1.0 -1.0 16.0 198.0 56.0
721 -1.0 -1.0 5.0 232.0 97.0
722 -1.0 -1.0 5.0 79.0 54.0
723 -1.0 -1.0 16.0 386.0 72.0
724 -1.0 -1.0 5.0 386.0 88.0
725 -1.0 -1.0 15.0 273.0 63.0
931
0 26 9
0 1 9
1 2 6
3 29 6
3 4 9
4 5 6
6 31 7
7 8 9
8 33 5
9 10 12
10 35 11
10 11 12
11 12 7
12 36 7
12 13 10
13 14 11
14 37 8
14 15 9
15 38 9
15 16 11
16 39 6
16 17 9
17 18 8
18 40 7
18 19 12
19 41 10
19 20 5
20 42 8
20 21 11
21 22 9
22 43 8
22 23 12
23 44 8
24 25 8
25 46 12
26 47 7
27 51 9
27 28 12
28 29 9
29 52 5
30 54 6
30 31 10
31 55 5
31 32 9
33 34 11
34 57 12
37 61 10
37 38 7
38 39 6
39 62 12
40 41 7
41 63 8
41 42 8
42 64 12
43 66 12
43 44 8
44 45 9
45 67 9
46 68 11
47 69 7
47 48 8
48 49 12
49 70 6
49 50 10
50 51 5
52 71 7
53 72 11
53 54 8
54 73 6
54 55 10
55 74 9
56 75 5
57 58 8
58 76 10
59 78 7
60 61 6
61 79 5
63 83 5
63 64 10
64 84 11
64 65 10
65 85 7
65 66 12
68 88 6
69 89 10
72 94 9
72 73 6
73 95 11
73 74 5
74 96 9
75 98 12
76 101 7
76 77 11
77 78 11
78 102 7
79 104 7
79 80 8
80 105 8
81 106 7
81 82 7
82 83 8
83 107 5
83 84 7
84 85 7
85 108 7
86 110 6
87 112 7
87 88 5
89 90 5
90 113 11
91 92 11
92 115 11
92 93 12
93 116 8
94 119 11
94 95 10
95 120 6
95 96 7
96 97 9
97 121 5
97 98 11
98 99 12
99 100 7
100 101 10
101 122 9
102 123 10
102 103 10
104 125 8
104 105 10
105 126 12
108 130 11
108 109 7
109 110 12
110 131 8
110 111 12
111 112 7
112 132 12
113 133 6
113 114 7
114 134 11
115 136 12
115 116 11
116 117 6
117 118 8
118 119 10
119 137 7
119 120 6
120 138 5
122 141 11
123 142 10
124 144 8
124 125 11
125 145 11
125 126 11
126 146 6
126 127 6
128 148 12
129 149 7
129 130 5
130 150 5
131 151 10
132 153 7
133 155 7
133 134 7
134 135 12
135 156 6
135 136 8
136 157 7
137 159 9
137 138 9
138 160 12
139 162 6
139 140 12
142 164 7
142 143 7
143 144 6
144 145 10
145 165 6
145 146 7
146 166 6
147 168 10
147 148 5
148 169 7
149 150 8
150 171 9
151 173 11
151 152 11
152 153 11
153 174 11
153 154 5
155 176 11
156 157 5
157 178 12
158 159 8
159 160 5
161 181 12
161 162 8
163 183 8
165 186 11
165 166 9
166 187 11
166 167 8
167 188 6
167 168 8
168 189 8
168 169 6
169 190 11
169 170 11
171 192 12
171 172 7
172 173 7
173 193 12
175 176 5
176 177 7
178 195 5
179 196 9
180 200 11
180 181 8
182 201 7
182 183 5
183 202 12
183 184 10
184 203 11
184 185 12
186 187 8
187 207 11
187 188 9
188 189 10
189 190 9
190 208 12
191 209 12
191 192 10
192 210 10
193 212 12
194 195 11
196 197 5
197 220 10
197 198 12
198 199 9
199 221 6
199 200 5
200 222 7
201 225 11
201 202 11
202 226 6
202 203 8
203 227 5
204 205 10
205 228 11
205 206 10
206 229 9
209 210 11
210 233 10
210 211 10
211 234 5
211 212 12
212 213 12
213 214 6
214 215 9
216 235 5
216 217 10
217 218 5
218 236 10
219 239 5
220 241 10
221 222 9
222 223 10
223 243 9
223 224 10
224 225 7
225 226 10
226 244 9
226 227 9
227 245 9
228 247 5
228 229 5
229 248 12
229 230 11
230 249 9
231 250 8
231 232 9
232 251 9
233 254 6
233 234 8
234 255 12
236 237 11
237 261 9
237 238 8
238 262 7
238 239 10
239 263 6
239 240 8
240 264 8
240 241 6
241 265 6
241 242 7
244 268 9
244 245 5
245 269 10
245 246 10
246 270 9
247 248 7
248 272 11
248 249 11
249 273 8
250 274 6
250 251 9
251 275 10
251 252 10
252 276 6
253 278 7
253 254 8
254 279 6
254 255 11
255 280 10
255 256 5
256 257 5
257 281 5
257 258 9
258 282 5
258 259 7
259 283 8
260 285 7
261 286 6
261 262 9
262 287 5
262 263 8
263 288 11
263 264 9
264 289 7
264 265 6
265 290 11
266 292 8
267 294 8
268 296 11
268 269 8
269 297 11
269 270 6
270 271 9
271 298 11
272 299 8
272 273 9
274 275 9
275 301 6
275 276 5
276 302 10
276 277 11
277 278 9
278 303 12
278 279 6
279 304 5
279 280 10
280 305 8
281 282 12
282 307 5
282 283 10
284 308 5
284 285 5
285 309 8
286 287 8
287 311 6
287 288 9
288 289 8
289 290 11
290 312 10
290 291 10
291 313 9
291 292 10
292 314 6
292 293 6
293 315 9
294 317 6
294 295 6
295 318 5
295 296 12
296 297 5
297 319 5
298 321 12
299 323 6
300 325 11
301 326 5
301 302 5
303 327 10
303 304 11
304 328 7
304 305 10
305 329 7
305 306 12
306 330 5
308 333 9
308 309 10
309 334 7
309 310 11
310 335 11
311 336 6
312 339 7
312 313 12
313 340 11
313 314 6
314 341 8
314 315 9
315 342 6
315 316 10
316 317 11
317 343 11
317 318 11
318 344 10
319 320 11
320 346 5
320 321 6
321 347 5
321 322 9
322 348 9
322 323 11
323 349 5
323 324 12
324 350 8
324 325 8
325 351 11
326 353 7
327 355 5
327 328 6
328 329 6
329 356 6
329 330 9
330 357 11
330 331 12
331 358 6
332 360 11
333 361 12
333 334 7
334 335 5
336 362 11
336 337 9
337 363 9
337 338 6
338 339 7
339 364 9
339 340 11
340 365 9
340 341 8
341 366 5
341 342 7
342 367 12
343 344 11
344 369 5
344 345 8
346 347 12
347 370 5
347 348 11
348 371 11
348 349 8
349 372 6
349 350 10
350 373 7
350 351 6
351 352 5
352 353 7
353 374 12
353 354 12
354 375 7
355 376 12
356 378 7
356 357 7
357 379 6
357 358 8
358 359 7
359 360 12
361 380 12
362 384 8
362 363 6
363 385 9
364 386 12
364 365 7
365 387 11
365 366 12
366 388 8
366 367 11
367 389 5
367 368 12
370 371 11
371 394 6
371 372 12
372 395 11
372 373 5
374 396 11
374 375 11
375 397 9
376 399 9
376 377 5
377 378 10
378 379 6
380 403 11
380 381 5
381 382 11
382 383 10
383 384 10
384 385 11
386 405 7
386 387 8
387 406 5
387 388 5
388 389 9
390 408 10
391 410 10
391 392 7
392 393 8
394 395 7
395 411 12
396 397 8
397 398 5
398 415 5
398 399 11
399 416 7
400 418 7
400 401 6
401 402 5
402 419 11
404 422 9
404 405 7
405 406 12
406 423 6
407 408 11
408 425 11
408 409 12
409 426 9
409 410 12
410 427 11
411 431 12
411 412 11
412 432 10
412 413 7
413 433 10
413 414 11
414 434 10
415 435 5
415 416 6
417 436 10
418 438 7
420 441 12
421 442 6
421 422 6
423 443 9
423 424 8
424 444 8
425 426 8
426 446 6
426 427 7
427 447 11
427 428 5
428 448 7
428 429 11
429 430 5
430 449 6
431 451 9
431 432 6
432 452 9
432 433 8
433 453 5
433 434 12
435 455 12
436 456 11
436 437 6
437 457 8
437 438 10
439 460 7
439 440 7
440 461 12
440 441 5
441 462 8
442 464 6
443 444 12
444 466 5
444 445 9
445 467 6
446 470 10
446 447 7
447 448 8
448 471 11
449 472 9
449 450 7
450 451 12
451 473 6
451 452 12
452 474 5
452 453 9
453 475 7
454 477 12
454 455 9
456 479 6
456 457 9
458 459 12
459 481 10
460 482 11
460 461 6
461 483 8
461 462 6
463 485 12
463 464 10
464 486 8
465 487 10
466 489 7
466 467 9
467 490 10
467 468 6
468 491 9
468 469 11
469 470 7
470 492 10
471 494 12
472 495 5
473 474 9
474 496 12
474 475 8
475 497 12
476 499 12
476 477 10
477 500 8
478 503 12
478 479 8
480 505 11
481 507 5
482 508 5
482 483 12
483 509 9
484 511 10
484 485 12
485 512 7
485 486 7
486 513 6
487 514 8
487 488 6
488 489 12
489 515 9
489 490 6
490 491 6
491 516 7
492 518 5
492 493 7
493 494 6
496 521 10
496 497 8
497 498 5
498 499 5
499 500 7
500 522 8
500 501 8
501 523 7
501 502 12
502 524 10
502 503 11
503 525 8
504 526 11
504 505 11
505 506 6
506 527 12
506 507 6
507 528 8
508 529 10
508 509 11
509 530 9
509 510 6
510 531 5
510 511 6
511 512 12
512 513 7
513 532 8
515 535 12
516 517 8
517 537 12
517 518 8
519 520 6
520 541 10
520 521 8
522 523 12
523 545 10
523 524 11
524 546 10
524 525 12
526 547 11
527 549 11
527 528 9
528 550 8
529 530 8
530 551 5
530 531 7
532 554 10
532 533 10
534 535 9
535 555 12
535 536 8
536 556 9
537 557 7
538 559 8
538 539 9
539 560 11
540 561 11
541 563 6
542 564 9
542 543 6
543 544 5
544 565 9
545 546 5
546 567 6
547 548 7
548 549 10
549 570 5
549 550 8
552 553 7
553 554 11
555 574 9
555 556 5
557 558 11
558 575 10
558 559 7
559 576 5
559 560 6
560 577 11
561 578 9
561 562 12
562 579 5
562 563 12
563 580 11
565 566 5
566 583 5
567 568 6
568 585 11
568 569 10
569 586 5
570 587 11
571 588 5
572 592 6
572 573 5
573 593 8
575 594 11
575 576 10
576 595 12
576 577 11
577 596 5
578 598 7
578 579 6
579 599 6
579 580 5
580 600 11
580 581 10
582 602 6
583 604 9
583 584 6
584 605 5
585 607 5
585 586 6
586 608 7
587 609 11
588 611 9
589 613 8
590 615 5
590 591 8
591 616 8
591 592 8
592 617 12
592 593 11
593 618 8
594 621 10
594 595 9
595 622 6
595 596 6
596 623 5
596 597 12
597 624 7
597 598 9
598 625 12
598 599 5
599 626 7
599 600 7
601 602 7
602 627 9
602 603 8
603 628 9
603 604 9
604 629 8
604 605 7
605 606 7
606 607 11
607 630 6
607 608 6
609 632 8
609 610 10
611 633 6
611 612 12
612 634 8
612 613 10
613 614 12
614 635 7
614 615 7
615 636 6
615 616 10
616 637 10
616 617 8
617 638 8
617 618 6
618 619 9
619 639 5
620 642 8
620 621 8
621 643 12
621 622 5
622 644 12
622 623 11
623 645 6
623 624 11
624 646 8
624 625 8
625 647 6
625 626 6
627 650 5
627 628 8
628 651 11
628 629 8
629 652 10
630 654 9
631 655 8
631 632 6
632 656 5
633 634 5
634 657 8
635 658 12
635 636 9
636 659 10
636 637 10
637 638 11
638 660 8
639 662 10
639 640 11
641 642 7
642 664 5
642 643 11
643 644 12
644 665 8
644 645 11
645 666 7
645 646 6
646 647 5
648 649 11
649 650 10
650 667 9
650 651 7
651 668 9
651 652 5
653 654 9
655 656 11
656 671 9
657 674 5
658 659 5
659 676 7
660 678 8
660 661 8
661 662 12
662 679 11
663 680 7
664 682 12
665 684 11
665 666 10
666 685 6
667 691 5
667 668 8
668 692 11
669 694 12
670 697 10
671 700 8
671 672 7
672 701 9
673 674 11
674 702 9
674 675 11
676 704 5
676 677 12
677 705 9
677 678 10
678 706 11
679 708 10
680 710 8
680 681 10
681 682 10
682 711 7
682 683 8
683 712 10
683 684 5
684 713 12
684 685 10
685 714 6
685 686 11
686 715 10
686 687 12
688 717 5
688 689 7
689 690 8
690 718 8
690 691 12
691 692 7
692 693 11
693 719 9
693 694 8
694 720 7
694 695 9
695 721 12
695 696 8
696 722 9
696 697 12
697 698 7
698 723 7
698 699 8
699 724 5
699 700 12
700 701 11
701 725 8
703 704 6
704 705 9
705 706 7
706 707 10
707 708 7
708 709 7
709 710 9
711 712 10
712 713 7
713 714 8
714 715 9
716 717 12
719 720 7
720 721 7
721 722 6
723 724 9
10 0.05 0.05 0.05
