600
0 -1.0 -1.0 20.0 168.0 24.0
1 -1.0 -1.0 8.0 222.0 23.0
2 -1.0 -1.0 15.0 365.0 50.0
3 -1.0 -1.0 17.0 132.0 17.0
4 -1.0 -1.0 20.0 253.0 30.0
5 -1.0 -1.0 16.0 174.0 50.0
6 -1.0 -1.0 15.0 228.0 19.0
7 -1.0 -1.0 9.0 172.0 56.0
8 -1.0 -1.0 14.0 331.0 15.0
9 -1.0 -1.0 4.0 309.0 58.0
10 -1.0 -1.0 8.0 231.0 56.0
11 -1.0 -1.0 18.0 43.0 76.0
12 -1.0 -1.0 4.0 331.0 60.0
13 -1.0 -1.0 18.0 348.0 46.0
14 -1.0 -1.0 20.0 313.0 42.0
15 -1.0 -1.0 10.0 68.0 65.0
16 -1.0 -1.0 18.0 322.0 31.0
17 -1.0 -1.0 11.0 123.0 89.0
18 -1.0 -1.0 7.0 55.0 33.0
19 -1.0 -1.0 8.0 102.0 85.0
20 -1.0 -1.0 6.0 138.0 43.0
21 -1.0 -1.0 16.0 176.0 26.0
22 -1.0 -1.0 11.0 146.0 47.0
23 -1.0 -1.0 12.0 270.0 95.0
24 -1.0 -1.0 19.0 286.0 96.0
25 -1.0 -1.0 12.0 267.0 62.0
26 -1.0 -1.0 15.0 232.0 21.0
27 -1.0 -1.0 14.0 74.0 77.0
28 -1.0 -1.0 10.0 153.0 31.0
29 -1.0 -1.0 18.0 320.0 49.0
30 -1.0 -1.0 17.0 357.0 53.0
31 -1.0 -1.0 16.0 132.0 18.0
32 -1.0 -1.0 5.0 284.0 53.0
33 -1.0 -1.0 19.0 347.0 26.0
34 -1.0 -1.0 4.0 171.0 58.0
35 -1.0 -1.0 19.0 55.0 41.0
36 -1.0 -1.0 18.0 198.0 100.0
37 -1.0 -1.0 15.0 298.0 72.0
38 -1.0 -1.0 20.0 34.0 93.0
39 -1.0 -1.0 6.0 205.0 100.0
40 -1.0 -1.0 5.0 273.0 30.0
41 -1.0 -1.0 16.0 171.0 47.0
42 -1.0 -1.0 5.0 304.0 69.0
43 -1.0 -1.0 5.0 314.0 31.0
44 -1.0 -1.0 7.0 365.0 99.0
45 -1.0 -1.0 20.0 208.0 16.0
46 -1.0 -1.0 16.0 285.0 68.0
47 -1.0 -1.0 4.0 333.0 36.0
48 -1.0 -1.0 10.0 291.0 40.0
49 -1.0 -1.0 13.0 274.0 16.0
50 -1.0 -1.0 20.0 284.0 82.0
51 -1.0 -1.0 6.0 265.0 57.0
52 -1.0 -1.0 5.0 332.0 22.0
53 -1.0 -1.0 14.0 127.0 76.0
54 -1.0 -1.0 20.0 196.0 17.0
55 -1.0 -1.0 8.0 275.0 73.0
56 -1.0 -1.0 9.0 297.0 15.0
57 -1.0 -1.0 17.0 177.0 97.0
58 -1.0 -1.0 15.0 351.0 30.0
59 -1.0 -1.0 7.0 309.0 38.0
60 -1.0 -1.0 5.0 244.0 89.0
61 -1.0 -1.0 14.0 201.0 15.0
62 -1.0 -1.0 10.0 59.0 86.0
63 -1.0 -1.0 10.0 201.0 42.0
64 -1.0 -1.0 14.0 346.0 34.0
65 -1.0 -1.0 13.0 124.0 43.0
66 -1.0 -1.0 19.0 164.0 75.0
67 -1.0 -1.0 15.0 265.0 98.0
68 -1.0 -1.0 4.0 289.0 48.0
69 -1.0 -1.0 20.0 28.0 40.0
70 -1.0 -1.0 11.0 215.0 36.0
71 -1.0 -1.0 19.0 46.0 81.0
72 -1.0 -1.0 6.0 166.0 39.0
73 -1.0 -1.0 10.0 397.0 24.0
74 -1.0 -1.0 20.0 206.0 49.0
75 -1.0 -1.0 7.0 166.0 79.0
76 -1.0 -1.0 10.0 339.0 96.0
77 -1.0 -1.0 20.0 62.0 63.0
78 -1.0 -1.0 12.0 144.0 69.0
79 -1.0 -1.0 19.0 237.0 65.0
80 -1.0 -1.0 11.0 60.0 95.0
81 -1.0 -1.0 15.0 347.0 98.0
82 -1.0 -1.0 8.0 252.0 27.0
83 -1.0 -1.0 8.0 186.0 48.0
84 -1.0 -1.0 16.0 361.0 30.0
85 -1.0 -1.0 14.0 150.0 68.0
86 -1.0 -1.0 7.0 396.0 70.0
87 -1.0 -1.0 5.0 168.0 96.0
88 -1.0 -1.0 8.0 161.0 74.0
89 -1.0 -1.0 7.0 263.0 82.0
90 -1.0 -1.0 13.0 99.0 70.0
91 -1.0 -1.0 17.0 381.0 34.0
92 -1.0 -1.0 19.0 170.0 30.0
93 -1.0 -1.0 16.0 51.0 95.0
94 -1.0 -1.0 17.0 218.0 61.0
95 -1.0 -1.0 10.0 94.0 64.0
96 -1.0 -1.0 18.0 250.0 90.0
97 -1.0 -1.0 15.0 59.0 21.0
98 -1.0 -1.0 20.0 127.0 94.0
99 -1.0 -1.0 13.0 363.0 81.0
100 -1.0 -1.0 4.0 285.0 34.0
101 -1.0 -1.0 9.0 331.0 52.0
102 -1.0 -1.0 13.0 375.0 17.0
103 -1.0 -1.0 15.0 92.0 34.0
104 -1.0 -1.0 6.0 372.0 63.0
105 -1.0 -1.0 9.0 183.0 15.0
106 -1.0 -1.0 4.0 142.0 64.0
107 -1.0 -1.0 9.0 88.0 22.0
108 -1.0 -1.0 9.0 197.0 89.0
109 -1.0 -1.0 13.0 65.0 69.0
110 -1.0 -1.0 6.0 76.0 80.0
111 -1.0 -1.0 20.0 297.0 15.0
112 -1.0 -1.0 14.0 246.0 73.0
113 -1.0 -1.0 7.0 91.0 16.0
114 -1.0 -1.0 20.0 202.0 91.0
115 -1.0 -1.0 20.0 206.0 50.0
116 -1.0 -1.0 7.0 295.0 43.0
117 -1.0 -1.0 6.0 77.0 93.0
118 -1.0 -1.0 18.0 200.0 64.0
119 -1.0 -1.0 14.0 159.0 39.0
120 -1.0 -1.0 10.0 290.0 42.0
121 -1.0 -1.0 19.0 203.0 88.0
122 -1.0 -1.0 8.0 327.0 67.0
123 -1.0 -1.0 20.0 160.0 16.0
124 -1.0 -1.0 15.0 263.0 30.0
125 -1.0 -1.0 4.0 170.0 49.0
126 -1.0 -1.0 14.0 154.0 95.0
127 -1.0 -1.0 4.0 120.0 87.0
128 -1.0 -1.0 8.0 386.0 69.0
129 -1.0 -1.0 11.0 69.0 79.0
130 -1.0 -1.0 12.0 245.0 70.0
131 -1.0 -1.0 13.0 349.0 34.0
132 -1.0 -1.0 18.0 251.0 79.0
133 -1.0 -1.0 11.0 352.0 73.0
134 -1.0 -1.0 14.0 41.0 76.0
135 -1.0 -1.0 5.0 295.0 76.0
136 -1.0 -1.0 9.0 224.0 42.0
137 -1.0 -1.0 7.0 126.0 86.0
138 -1.0 -1.0 10.0 186.0 95.0
139 -1.0 -1.0 5.0 215.0 94.0
140 -1.0 -1.0 9.0 17.0 82.0
141 -1.0 -1.0 5.0 17.0 27.0
142 -1.0 -1.0 7.0 32.0 81.0
143 -1.0 -1.0 9.0 88.0 72.0
144 -1.0 -1.0 5.0 261.0 64.0
145 -1.0 -1.0 15.0 256.0 91.0
146 -1.0 -1.0 11.0 88.0 94.0
147 -1.0 -1.0 14.0 378.0 78.0
148 -1.0 -1.0 10.0 115.0 81.0
149 -1.0 -1.0 19.0 208.0 49.0
150 -1.0 -1.0 17.0 155.0 99.0
151 -1.0 -1.0 7.0 72.0 17.0
152 -1.0 -1.0 9.0 43.0 48.0
153 -1.0 -1.0 12.0 185.0 81.0
154 -1.0 -1.0 9.0 136.0 89.0
155 -1.0 -1.0 16.0 174.0 30.0
156 -1.0 -1.0 16.0 388.0 43.0
157 -1.0 -1.0 8.0 150.0 91.0
158 -1.0 -1.0 14.0 281.0 96.0
159 -1.0 -1.0 14.0 276.0 66.0
160 -1.0 -1.0 16.0 310.0 90.0
161 -1.0 -1.0 12.0 228.0 29.0
162 -1.0 -1.0 5.0 343.0 48.0
163 -1.0 -1.0 16.0 76.0 19.0
164 -1.0 -1.0 10.0 32.0 59.0
165 -1.0 -1.0 14.0 272.0 78.0
166 -1.0 -1.0 7.0 373.0 44.0
167 -1.0 -1.0 4.0 66.0 94.0
168 -1.0 -1.0 6.0 16.0 17.0
169 -1.0 -1.0 4.0 159.0 72.0
170 -1.0 -1.0 5.0 243.0 76.0
171 -1.0 -1.0 13.0 238.0 89.0
172 -1.0 -1.0 20.0 358.0 97.0
173 -1.0 -1.0 14.0 387.0 82.0
174 -1.0 -1.0 4.0 323.0 44.0
175 -1.0 -1.0 5.0 162.0 95.0
176 -1.0 -1.0 17.0 300.0 66.0
177 -1.0 -1.0 10.0 31.0 28.0
178 -1.0 -1.0 20.0 292.0 68.0
179 -1.0 -1.0 5.0 206.0 47.0
180 -1.0 -1.0 7.0 133.0 24.0
181 -1.0 -1.0 9.0 66.0 22.0
182 -1.0 -1.0 13.0 113.0 80.0
183 -1.0 -1.0 8.0 119.0 63.0
184 -1.0 -1.0 11.0 133.0 90.0
185 -1.0 -1.0 12.0 274.0 67.0
186 -1.0 -1.0 9.0 134.0 97.0
187 -1.0 -1.0 17.0 175.0 77.0
188 -1.0 -1.0 15.0 387.0 45.0
189 -1.0 -1.0 16.0 104.0 60.0
190 -1.0 -1.0 8.0 374.0 86.0
191 -1.0 -1.0 18.0 122.0 94.0
192 -1.0 -1.0 15.0 231.0 61.0
193 -1.0 -1.0 13.0 207.0 80.0
194 -1.0 -1.0 7.0 157.0 40.0
195 -1.0 -1.0 7.0 386.0 63.0
196 -1.0 -1.0 17.0 266.0 35.0
197 -1.0 -1.0 19.0 267.0 90.0
198 -1.0 -1.0 16.0 325.0 72.0
199 -1.0 -1.0 4.0 257.0 40.0
200 -1.0 -1.0 7.0 173.0 92.0
201 -1.0 -1.0 16.0 137.0 19.0
202 -1.0 -1.0 8.0 18.0 31.0
203 -1.0 -1.0 4.0 307.0 15.0
204 -1.0 -1.0 14.0 76.0 65.0
205 -1.0 -1.0 14.0 374.0 62.0
206 -1.0 -1.0 14.0 65.0 56.0
207 -1.0 -1.0 18.0 54.0 91.0
208 -1.0 -1.0 6.0 290.0 35.0
209 -1.0 -1.0 14.0 370.0 59.0
210 -1.0 -1.0 18.0 368.0 82.0
211 -1.0 -1.0 11.0 117.0 74.0
212 -1.0 -1.0 20.0 211.0 70.0
213 -1.0 -1.0 18.0 267.0 87.0
214 -1.0 -1.0 19.0 253.0 53.0
215 -1.0 -1.0 18.0 249.0 100.0
216 -1.0 -1.0 4.0 333.0 95.0
217 -1.0 -1.0 16.0 216.0 77.0
218 -1.0 -1.0 10.0 382.0 30.0
219 -1.0 -1.0 7.0 338.0 88.0
220 -1.0 -1.0 5.0 229.0 85.0
221 -1.0 -1.0 6.0 243.0 47.0
222 -1.0 -1.0 14.0 309.0 89.0
223 -1.0 -1.0 5.0 241.0 61.0
224 -1.0 -1.0 15.0 170.0 56.0
225 -1.0 -1.0 10.0 366.0 62.0
226 -1.0 -1.0 15.0 257.0 65.0
227 -1.0 -1.0 5.0 67.0 75.0
228 -1.0 -1.0 13.0 356.0 66.0
229 -1.0 -1.0 6.0 259.0 92.0
230 -1.0 -1.0 6.0 148.0 50.0
231 -1.0 -1.0 4.0 159.0 33.0
232 -1.0 -1.0 9.0 257.0 97.0
233 -1.0 -1.0 14.0 370.0 68.0
234 -1.0 -1.0 8.0 175.0 99.0
235 -1.0 -1.0 4.0 279.0 23.0
236 -1.0 -1.0 6.0 272.0 17.0
237 -1.0 -1.0 7.0 282.0 63.0
238 -1.0 -1.0 10.0 76.0 60.0
239 -1.0 -1.0 18.0 108.0 41.0
240 -1.0 -1.0 9.0 396.0 42.0
241 -1.0 -1.0 4.0 327.0 34.0
242 -1.0 -1.0 8.0 181.0 20.0
243 -1.0 -1.0 15.0 277.0 28.0
244 -1.0 -1.0 4.0 245.0 67.0
245 -1.0 -1.0 4.0 48.0 93.0
246 -1.0 -1.0 8.0 77.0 80.0
247 -1.0 -1.0 17.0 352.0 96.0
248 -1.0 -1.0 16.0 312.0 77.0
249 -1.0 -1.0 20.0 146.0 89.0
250 -1.0 -1.0 11.0 132.0 29.0
251 -1.0 -1.0 4.0 388.0 44.0
252 -1.0 -1.0 16.0 74.0 61.0
253 -1.0 -1.0 10.0 199.0 92.0
254 -1.0 -1.0 7.0 314.0 86.0
255 -1.0 -1.0 10.0 312.0 36.0
256 -1.0 -1.0 16.0 333.0 83.0
257 -1.0 -1.0 7.0 366.0 50.0
258 -1.0 -1.0 11.0 136.0 39.0
259 -1.0 -1.0 17.0 273.0 64.0
260 -1.0 -1.0 9.0 221.0 81.0
261 -1.0 -1.0 18.0 132.0 23.0
262 -1.0 -1.0 16.0 119.0 77.0
263 -1.0 -1.0 10.0 292.0 42.0
264 -1.0 -1.0 17.0 168.0 78.0
265 -1.0 -1.0 18.0 267.0 64.0
266 -1.0 -1.0 8.0 85.0 22.0
267 -1.0 -1.0 10.0 79.0 42.0
268 -1.0 -1.0 19.0 321.0 50.0
269 -1.0 -1.0 16.0 45.0 42.0
270 -1.0 -1.0 4.0 100.0 71.0
271 -1.0 -1.0 12.0 363.0 50.0
272 -1.0 -1.0 17.0 177.0 97.0
273 -1.0 -1.0 13.0 188.0 53.0
274 -1.0 -1.0 10.0 91.0 36.0
275 -1.0 -1.0 4.0 98.0 70.0
276 -1.0 -1.0 7.0 184.0 53.0
277 -1.0 -1.0 11.0 73.0 24.0
278 -1.0 -1.0 9.0 201.0 97.0
279 -1.0 -1.0 5.0 57.0 26.0
280 -1.0 -1.0 15.0 288.0 28.0
281 -1.0 -1.0 16.0 300.0 72.0
282 -1.0 -1.0 9.0 35.0 36.0
283 -1.0 -1.0 13.0 234.0 78.0
284 -1.0 -1.0 18.0 311.0 77.0
285 -1.0 -1.0 8.0 258.0 73.0
286 -1.0 -1.0 20.0 310.0 91.0
287 -1.0 -1.0 15.0 213.0 73.0
288 -1.0 -1.0 10.0 174.0 23.0
289 -1.0 -1.0 5.0 126.0 56.0
290 -1.0 -1.0 10.0 120.0 61.0
291 -1.0 -1.0 15.0 28.0 29.0
292 -1.0 -1.0 6.0 287.0 47.0
293 -1.0 -1.0 16.0 24.0 24.0
294 -1.0 -1.0 17.0 298.0 45.0
295 -1.0 -1.0 9.0 139.0 54.0
296 -1.0 -1.0 18.0 86.0 32.0
297 -1.0 -1.0 14.0 49.0 55.0
298 -1.0 -1.0 7.0 204.0 83.0
299 -1.0 -1.0 18.0 248.0 33.0
300 -1.0 -1.0 19.0 183.0 100.0
301 -1.0 -1.0 13.0 227.0 85.0
302 -1.0 -1.0 16.0 361.0 39.0
303 -1.0 -1.0 15.0 118.0 19.0
304 -1.0 -1.0 16.0 147.0 59.0
305 -1.0 -1.0 12.0 195.0 49.0
306 -1.0 -1.0 12.0 98.0 27.0
307 -1.0 -1.0 15.0 210.0 85.0
308 -1.0 -1.0 9.0 206.0 86.0
309 -1.0 -1.0 19.0 365.0 37.0
310 -1.0 -1.0 17.0 312.0 40.0
311 -1.0 -1.0 5.0 92.0 65.0
312 -1.0 -1.0 14.0 373.0 94.0
313 -1.0 -1.0 19.0 233.0 42.0
314 -1.0 -1.0 8.0 71.0 82.0
315 -1.0 -1.0 9.0 290.0 80.0
316 -1.0 -1.0 9.0 50.0 51.0
317 -1.0 -1.0 16.0 312.0 35.0
318 -1.0 -1.0 12.0 106.0 60.0
319 -1.0 -1.0 7.0 326.0 76.0
320 -1.0 -1.0 11.0 347.0 41.0
321 -1.0 -1.0 16.0 337.0 36.0
322 -1.0 -1.0 8.0 69.0 34.0
323 -1.0 -1.0 8.0 140.0 92.0
324 -1.0 -1.0 4.0 302.0 70.0
325 -1.0 -1.0 4.0 194.0 20.0
326 -1.0 -1.0 13.0 84.0 95.0
327 -1.0 -1.0 16.0 98.0 85.0
328 -1.0 -1.0 4.0 180.0 29.0
329 -1.0 -1.0 17.0 268.0 45.0
330 -1.0 -1.0 9.0 268.0 19.0
331 -1.0 -1.0 9.0 198.0 34.0
332 -1.0 -1.0 10.0 180.0 81.0
333 -1.0 -1.0 8.0 120.0 31.0
334 -1.0 -1.0 7.0 107.0 46.0
335 -1.0 -1.0 10.0 360.0 68.0
336 -1.0 -1.0 16.0 37.0 89.0
337 -1.0 -1.0 11.0 69.0 73.0
338 -1.0 -1.0 20.0 161.0 82.0
339 -1.0 -1.0 4.0 74.0 53.0
340 -1.0 -1.0 19.0 372.0 26.0
341 -1.0 -1.0 20.0 174.0 58.0
342 -1.0 -1.0 20.0 60.0 48.0
343 -1.0 -1.0 8.0 258.0 66.0
344 -1.0 -1.0 14.0 157.0 49.0
345 -1.0 -1.0 8.0 282.0 43.0
346 -1.0 -1.0 18.0 295.0 90.0
347 -1.0 -1.0 5.0 128.0 80.0
348 -1.0 -1.0 7.0 178.0 30.0
349 -1.0 -1.0 20.0 73.0 79.0
350 -1.0 -1.0 17.0 297.0 57.0
351 -1.0 -1.0 18.0 284.0 65.0
352 -1.0 -1.0 5.0 112.0 51.0
353 -1.0 -1.0 7.0 250.0 95.0
354 -1.0 -1.0 17.0 196.0 67.0
355 -1.0 -1.0 14.0 231.0 51.0
356 -1.0 -1.0 14.0 234.0 55.0
357 -1.0 -1.0 19.0 390.0 62.0
358 -1.0 -1.0 5.0 379.0 79.0
359 -1.0 -1.0 8.0 215.0 88.0
360 -1.0 -1.0 7.0 235.0 100.0
361 -1.0 -1.0 14.0 152.0 24.0
362 -1.0 -1.0 13.0 226.0 44.0
363 -1.0 -1.0 7.0 75.0 74.0
364 -1.0 -1.0 12.0 315.0 61.0
365 -1.0 -1.0 9.0 123.0 24.0
366 -1.0 -1.0 8.0 72.0 87.0
367 -1.0 -1.0 10.0 256.0 80.0
368 -1.0 -1.0 18.0 213.0 95.0
369 -1.0 -1.0 13.0 362.0 84.0
370 -1.0 -1.0 16.0 71.0 40.0
371 -1.0 -1.0 17.0 326.0 82.0
372 -1.0 -1.0 11.0 386.0 89.0
373 -1.0 -1.0 20.0 307.0 31.0
374 -1.0 -1.0 16.0 199.0 96.0
375 -1.0 -1.0 15.0 85.0 48.0
376 -1.0 -1.0 17.0 233.0 64.0
377 -1.0 -1.0 14.0 354.0 83.0
378 -1.0 -1.0 7.0 308.0 50.0
379 -1.0 -1.0 10.0 359.0 56.0
380 -1.0 -1.0 19.0 366.0 55.0
381 -1.0 -1.0 8.0 68.0 32.0
382 -1.0 -1.0 8.0 222.0 18.0
383 -1.0 -1.0 18.0 302.0 82.0
384 -1.0 -1.0 11.0 179.0 43.0
385 -1.0 -1.0 8.0 155.0 29.0
386 -1.0 -1.0 6.0 231.0 43.0
387 -1.0 -1.0 19.0 17.0 48.0
388 -1.0 -1.0 6.0 180.0 56.0
389 -1.0 -1.0 12.0 174.0 72.0
390 -1.0 -1.0 19.0 43.0 99.0
391 -1.0 -1.0 16.0 135.0 60.0
392 -1.0 -1.0 6.0 394.0 63.0
393 -1.0 -1.0 17.0 255.0 17.0
394 -1.0 -1.0 9.0 245.0 36.0
395 -1.0 -1.0 16.0 252.0 77.0
396 -1.0 -1.0 9.0 218.0 37.0
397 -1.0 -1.0 13.0 173.0 63.0
398 -1.0 -1.0 5.0 101.0 54.0
399 -1.0 -1.0 20.0 77.0 62.0
400 -1.0 -1.0 13.0 378.0 34.0
401 -1.0 -1.0 6.0 246.0 86.0
402 -1.0 -1.0 12.0 249.0 96.0
403 -1.0 -1.0 5.0 146.0 46.0
404 -1.0 -1.0 16.0 364.0 96.0
405 -1.0 -1.0 17.0 228.0 64.0
406 -1.0 -1.0 5.0 372.0 47.0
407 -1.0 -1.0 4.0 33.0 26.0
408 -1.0 -1.0 19.0 154.0 44.0
409 -1.0 -1.0 12.0 315.0 59.0
410 -1.0 -1.0 10.0 351.0 28.0
411 -1.0 -1.0 10.0 82.0 56.0
412 -1.0 -1.0 8.0 221.0 47.0
413 -1.0 -1.0 14.0 102.0 35.0
414 -1.0 -1.0 11.0 113.0 40.0
415 -1.0 -1.0 20.0 135.0 26.0
416 -1.0 -1.0 13.0 178.0 46.0
417 -1.0 -1.0 15.0 206.0 66.0
418 -1.0 -1.0 12.0 272.0 34.0
419 -1.0 -1.0 6.0 121.0 53.0
420 -1.0 -1.0 14.0 90.0 48.0
421 -1.0 -1.0 14.0 280.0 33.0
422 -1.0 -1.0 13.0 54.0 21.0
423 -1.0 -1.0 6.0 285.0 73.0
424 -1.0 -1.0 20.0 369.0 74.0
425 -1.0 -1.0 20.0 27.0 52.0
426 -1.0 -1.0 5.0 198.0 49.0
427 -1.0 -1.0 19.0 16.0 22.0
428 -1.0 -1.0 12.0 270.0 31.0
429 -1.0 -1.0 17.0 301.0 63.0
430 -1.0 -1.0 20.0 151.0 92.0
431 -1.0 -1.0 12.0 188.0 42.0
432 -1.0 -1.0 19.0 156.0 81.0
433 -1.0 -1.0 10.0 293.0 51.0
434 -1.0 -1.0 13.0 109.0 97.0
435 -1.0 -1.0 8.0 341.0 37.0
436 -1.0 -1.0 5.0 276.0 93.0
437 -1.0 -1.0 11.0 110.0 75.0
438 -1.0 -1.0 5.0 360.0 48.0
439 -1.0 -1.0 16.0 248.0 48.0
440 -1.0 -1.0 13.0 82.0 64.0
441 -1.0 -1.0 8.0 205.0 32.0
442 -1.0 -1.0 5.0 69.0 49.0
443 -1.0 -1.0 20.0 79.0 27.0
444 -1.0 -1.0 13.0 32.0 70.0
445 -1.0 -1.0 14.0 354.0 55.0
446 -1.0 -1.0 13.0 169.0 15.0
447 -1.0 -1.0 11.0 117.0 90.0
448 -1.0 -1.0 12.0 236.0 49.0
449 -1.0 -1.0 18.0 397.0 95.0
450 -1.0 -1.0 18.0 145.0 34.0
451 -1.0 -1.0 4.0 317.0 31.0
452 -1.0 -1.0 20.0 121.0 64.0
453 -1.0 -1.0 14.0 356.0 73.0
454 -1.0 -1.0 11.0 67.0 63.0
455 -1.0 -1.0 16.0 114.0 96.0
456 -1.0 -1.0 12.0 186.0 92.0
457 -1.0 -1.0 14.0 340.0 31.0
458 -1.0 -1.0 10.0 295.0 41.0
459 -1.0 -1.0 12.0 118.0 80.0
460 -1.0 -1.0 15.0 204.0 18.0
461 -1.0 -1.0 18.0 90.0 81.0
462 -1.0 -1.0 20.0 173.0 69.0
463 -1.0 -1.0 5.0 252.0 38.0
464 -1.0 -1.0 14.0 79.0 98.0
465 -1.0 -1.0 9.0 346.0 71.0
466 -1.0 -1.0 7.0 341.0 47.0
467 -1.0 -1.0 14.0 281.0 81.0
468 -1.0 -1.0 15.0 140.0 39.0
469 -1.0 -1.0 16.0 137.0 18.0
470 -1.0 -1.0 19.0 313.0 96.0
471 -1.0 -1.0 5.0 386.0 98.0
472 -1.0 -1.0 12.0 264.0 53.0
473 -1.0 -1.0 19.0 365.0 57.0
474 -1.0 -1.0 7.0 330.0 81.0
475 -1.0 -1.0 19.0 370.0 81.0
476 -1.0 -1.0 13.0 199.0 36.0
477 -1.0 -1.0 4.0 313.0 43.0
478 -1.0 -1.0 18.0 325.0 60.0
479 -1.0 -1.0 15.0 141.0 83.0
480 -1.0 -1.0 19.0 81.0 27.0
481 -1.0 -1.0 15.0 299.0 86.0
482 -1.0 -1.0 7.0 138.0 61.0
483 -1.0 -1.0 20.0 45.0 35.0
484 -1.0 -1.0 14.0 372.0 74.0
485 -1.0 -1.0 13.0 327.0 80.0
486 -1.0 -1.0 12.0 247.0 64.0
487 -1.0 -1.0 16.0 82.0 50.0
488 -1.0 -1.0 14.0 103.0 88.0
489 -1.0 -1.0 20.0 149.0 21.0
490 -1.0 -1.0 14.0 380.0 51.0
491 -1.0 -1.0 19.0 59.0 80.0
492 -1.0 -1.0 12.0 260.0 93.0
493 -1.0 -1.0 11.0 344.0 90.0
494 -1.0 -1.0 15.0 274.0 21.0
495 -1.0 -1.0 19.0 291.0 55.0
496 -1.0 -1.0 20.0 124.0 17.0
497 -1.0 -1.0 19.0 361.0 44.0
498 -1.0 -1.0 17.0 363.0 36.0
499 -1.0 -1.0 14.0 247.0 75.0
500 -1.0 -1.0 17.0 394.0 81.0
501 -1.0 -1.0 15.0 378.0 47.0
502 -1.0 -1.0 18.0 69.0 90.0
503 -1.0 -1.0 15.0 399.0 27.0
504 -1.0 -1.0 9.0 199.0 28.0
505 -1.0 -1.0 17.0 169.0 63.0
506 -1.0 -1.0 15.0 215.0 55.0
507 -1.0 -1.0 5.0 88.0 47.0
508 -1.0 -1.0 12.0 270.0 60.0
509 -1.0 -1.0 7.0 254.0 17.0
510 -1.0 -1.0 19.0 271.0 69.0
511 -1.0 -1.0 15.0 391.0 33.0
512 -1.0 -1.0 14.0 187.0 33.0
513 -1.0 -1.0 12.0 321.0 96.0
514 -1.0 -1.0 10.0 312.0 93.0
515 -1.0 -1.0 20.0 186.0 79.0
516 -1.0 -1.0 19.0 134.0 78.0
517 -1.0 -1.0 7.0 18.0 61.0
518 -1.0 -1.0 20.0 20.0 65.0
519 -1.0 -1.0 19.0 18.0 61.0
520 -1.0 -1.0 15.0 221.0 78.0
521 -1.0 -1.0 18.0 77.0 33.0
522 -1.0 -1.0 5.0 308.0 97.0
523 -1.0 -1.0 10.0 300.0 37.0
524 -1.0 -1.0 7.0 54.0 41.0
525 -1.0 -1.0 8.0 248.0 78.0
526 -1.0 -1.0 9.0 163.0 73.0
527 -1.0 -1.0 14.0 292.0 87.0
528 -1.0 -1.0 20.0 350.0 51.0
529 -1.0 -1.0 6.0 367.0 52.0
530 -1.0 -1.0 10.0 216.0 25.0
531 -1.0 -1.0 9.0 48.0 50.0
532 -1.0 -1.0 18.0 326.0 58.0
533 -1.0 -1.0 11.0 189.0 33.0
534 -1.0 -1.0 7.0 227.0 59.0
535 -1.0 -1.0 6.0 100.0 54.0
536 -1.0 -1.0 9.0 327.0 99.0
537 -1.0 -1.0 15.0 270.0 99.0
538 -1.0 -1.0 17.0 212.0 42.0
539 -1.0 -1.0 16.0 231.0 97.0
540 -1.0 -1.0 5.0 152.0 51.0
541 -1.0 -1.0 19.0 292.0 71.0
542 -1.0 -1.0 5.0 230.0 42.0
543 -1.0 -1.0 20.0 263.0 92.0
544 -1.0 -1.0 13.0 72.0 37.0
545 -1.0 -1.0 10.0 377.0 84.0
546 -1.0 -1.0 6.0 350.0 48.0
547 -1.0 -1.0 19.0 202.0 17.0
548 -1.0 -1.0 13.0 368.0 62.0
549 -1.0 -1.0 10.0 318.0 51.0
550 -1.0 -1.0 16.0 259.0 100.0
551 -1.0 -1.0 12.0 222.0 87.0
552 -1.0 -1.0 18.0 314.0 100.0
553 -1.0 -1.0 16.0 286.0 41.0
554 -1.0 -1.0 10.0 125.0 87.0
555 -1.0 -1.0 5.0 358.0 62.0
556 -1.0 -1.0 20.0 134.0 22.0
557 -1.0 -1.0 19.0 130.0 18.0
558 -1.0 -1.0 14.0 122.0 65.0
559 -1.0 -1.0 10.0 89.0 38.0
560 -1.0 -1.0 12.0 104.0 29.0
561 -1.0 -1.0 16.0 312.0 61.0
562 -1.0 -1.0 11.0 131.0 61.0
563 -1.0 -1.0 11.0 323.0 71.0
564 -1.0 -1.0 5.0 370.0 89.0
565 -1.0 -1.0 19.0 314.0 96.0
566 -1.0 -1.0 13.0 35.0 33.0
567 -1.0 -1.0 20.0 208.0 27.0
568 -1.0 -1.0 8.0 394.0 51.0
569 -1.0 -1.0 9.0 43.0 16.0
570 -1.0 -1.0 19.0 398.0 62.0
571 -1.0 -1.0 11.0 168.0 61.0
572 -1.0 -1.0 7.0 31.0 93.0
573 -1.0 -1.0 13.0 356.0 18.0
574 -1.0 -1.0 17.0 207.0 17.0
575 -1.0 -1.0 15.0 314.0 22.0
576 -1.0 -1.0 17.0 90.0 92.0
577 -1.0 -1.0 17.0 22.0 76.0
578 -1.0 -1.0 6.0 150.0 87.0
579 -1.0 -1.0 5.0 256.0 56.0
580 -1.0 -1.0 14.0 177.0 54.0
581 -1.0 -1.0 16.0 149.0 32.0
582 -1.0 -1.0 14.0 15.0 86.0
583 -1.0 -1.0 4.0 266.0 27.0
584 -1.0 -1.0 11.0 328.0 63.0
585 -1.0 -1.0 7.0 234.0 66.0
586 -1.0 -1.0 8.0 232.0 37.0
587 -1.0 -1.0 14.0 302.0 90.0
588 -1.0 -1.0 11.0 116.0 73.0
589 -1.0 -1.0 19.0 343.0 73.0
590 -1.0 -1.0 18.0 136.0 37.0
591 -1.0 -1.0 5.0 50.0 85.0
592 -1.0 -1.0 14.0 324.0 29.0
593 -1.0 -1.0 17.0 121.0 74.0
594 -1.0 -1.0 10.0 291.0 42.0
595 -1.0 -1.0 20.0 180.0 64.0
596 -1.0 -1.0 14.0 93.0 55.0
597 -1.0 -1.0 15.0 280.0 30.0
598 -1.0 -1.0 19.0 384.0 92.0
599 -1.0 -1.0 8.0 248.0 69.0
793
0 22 8
1 26 10
1 2 7
2 27 5
3 29 10
3 4 5
4 30 12
4 5 9
5 6 10
6 31 5
6 7 12
7 32 11
7 8 8
8 9 12
9 10 6
10 33 11
10 11 6
11 34 9
11 12 6
12 35 9
12 13 12
13 36 9
13 14 12
14 37 12
15 38 5
15 16 9
16 39 10
16 17 12
17 40 6
18 42 11
18 19 10
19 43 12
20 45 9
20 21 10
21 46 8
22 23 6
23 24 12
24 47 11
24 25 9
25 48 10
25 26 11
26 49 7
26 27 11
27 50 6
27 28 12
28 29 8
29 30 7
30 51 6
31 32 9
32 53 8
33 56 12
33 34 6
34 57 9
34 35 7
35 58 8
35 36 12
36 37 10
37 59 10
38 39 12
39 40 7
40 61 7
40 41 11
41 62 8
41 42 10
42 43 9
43 63 5
43 44 6
44 64 9
45 66 7
45 46 6
47 69 12
47 48 9
48 49 11
49 70 9
49 50 8
50 71 9
51 74 6
51 52 10
53 75 5
53 54 9
54 55 11
55 56 11
56 57 8
57 76 10
57 58 11
59 78 9
59 60 11
61 80 8
61 62 8
62 81 10
63 83 10
63 64 10
64 84 12
64 65 6
65 85 12
65 66 10
67 86 8
67 68 10
68 87 5
68 69 5
69 88 10
70 90 10
70 71 12
71 91 12
71 72 7
72 92 12
72 73 8
73 93 12
73 74 7
74 94 7
75 96 5
77 99 8
77 78 10
79 102 6
79 80 9
80 103 12
80 81 9
81 82 9
82 104 10
82 83 9
83 105 11
83 84 7
84 85 7
85 106 10
86 108 10
86 87 10
87 109 11
87 88 10
88 110 5
88 89 8
89 111 8
89 90 9
90 112 6
90 91 12
91 113 9
91 92 5
92 93 6
93 94 8
94 114 8
94 95 8
95 115 8
96 117 11
96 97 11
97 118 6
98 99 8
99 121 9
100 122 10
100 101 11
101 123 5
101 102 5
102 103 6
103 124 7
104 126 9
104 105 5
105 127 12
106 129 5
106 107 10
107 130 9
108 131 5
108 109 7
109 110 9
110 132 10
110 111 7
111 133 9
111 112 7
112 113 6
114 134 6
114 115 10
115 135 11
115 116 9
116 117 10
117 118 11
118 119 6
119 136 11
120 137 12
121 138 11
122 139 9
122 123 8
124 141 5
124 125 8
125 126 8
126 142 9
126 127 11
127 143 7
127 128 7
128 129 5
129 130 6
130 144 6
131 146 5
132 133 7
133 148 7
134 152 12
134 135 11
135 153 10
137 157 8
138 159 9
139 161 12
140 141 9
142 164 7
142 143 8
143 165 9
144 145 5
146 147 11
147 167 12
148 149 11
149 168 9
149 150 11
150 151 8
152 170 8
152 153 9
153 171 10
153 154 5
154 155 10
155 172 8
155 156 10
156 173 12
157 158 12
158 174 10
158 159 10
159 175 5
159 160 8
160 161 10
161 176 11
161 162 10
163 178 7
163 164 12
164 179 7
164 165 8
165 180 12
165 166 9
166 181 7
167 186 12
168 188 10
169 170 5
170 190 8
170 171 7
171 191 8
172 173 11
174 195 11
174 175 5
175 196 11
176 198 9
177 200 5
178 179 8
179 180 7
180 201 5
180 181 11
181 202 7
181 182 5
182 183 7
183 184 6
185 203 12
185 186 9
186 204 8
186 187 7
188 206 7
188 189 10
189 207 10
190 191 12
191 210 9
191 192 10
192 211 12
193 213 6
194 215 12
194 195 8
195 216 11
195 196 7
196 197 9
197 198 5
198 199 11
199 217 8
199 200 9
200 218 5
201 202 11
202 220 11
203 223 5
203 204 5
204 224 7
205 206 8
206 226 12
206 207 9
207 227 10
207 208 5
208 228 7
208 209 6
210 229 10
210 211 10
211 230 6
211 212 9
212 231 7
213 232 9
213 214 10
214 215 5
215 216 11
216 233 11
217 218 12
218 219 12
219 236 8
220 240 7
220 221 5
221 241 7
221 222 12
222 242 5
223 244 10
223 224 9
224 225 11
226 246 9
226 227 12
227 247 7
227 228 7
228 248 10
229 250 6
229 230 10
230 231 8
233 251 10
233 234 10
234 235 8
235 252 5
236 237 7
237 238 11
238 254 7
238 239 10
239 255 7
239 240 9
240 256 11
240 241 7
241 242 7
242 243 9
243 257 5
245 260 11
245 246 9
246 261 12
246 247 11
247 262 10
247 248 9
248 263 5
248 249 12
250 264 11
252 269 10
253 271 11
254 274 7
254 255 11
255 256 6
257 277 11
258 278 9
258 259 5
259 279 12
259 260 10
260 261 9
261 262 5
262 280 11
262 263 8
263 281 10
264 265 12
265 284 12
266 286 9
267 287 10
268 269 9
269 290 9
269 270 9
270 291 6
270 271 6
271 292 11
271 272 8
272 293 11
272 273 10
273 294 12
275 297 9
275 276 6
276 298 10
276 277 9
278 300 8
278 279 12
280 281 9
281 303 5
281 282 7
282 283 6
283 304 8
284 305 7
284 285 8
285 306 10
285 286 6
286 307 7
287 309 5
287 288 11
288 310 11
288 289 9
289 311 5
290 313 10
290 291 7
291 314 12
291 292 11
292 315 5
292 293 10
293 316 11
293 294 8
294 317 8
294 295 8
295 318 12
296 320 5
297 321 8
297 298 8
299 300 8
300 323 7
301 325 10
301 302 6
302 326 5
305 328 10
305 306 8
306 329 10
306 307 12
307 330 11
307 308 10
308 309 6
309 331 8
309 310 12
310 332 9
310 311 11
311 333 10
311 312 8
312 334 6
312 313 6
313 314 5
314 335 8
314 315 12
315 336 12
315 316 5
316 337 12
316 317 12
317 338 10
317 318 5
318 339 8
318 319 5
319 340 10
319 320 9
322 342 12
323 324 9
324 343 5
324 325 12
325 344 10
325 326 5
326 345 11
326 327 8
328 349 7
328 329 5
329 350 9
329 330 10
330 351 12
331 332 8
332 352 5
332 333 12
333 334 8
334 353 10
335 354 7
335 336 6
336 355 7
336 337 8
337 338 9
338 356 5
338 339 9
339 357 8
339 340 10
341 359 8
341 342 8
343 361 10
343 344 6
344 362 6
344 345 9
345 363 6
346 365 5
347 366 12
347 348 5
348 367 9
348 349 9
349 368 5
349 350 5
350 351 9
351 369 12
352 371 7
353 372 11
354 373 8
354 355 11
356 357 5
358 376 5
359 377 9
360 379 11
361 380 5
361 362 12
362 381 11
362 363 6
363 364 9
364 382 11
364 365 7
366 383 6
366 367 12
367 368 9
370 385 9
370 371 9
372 387 12
373 389 9
374 393 9
374 375 7
375 376 11
377 395 5
377 378 11
378 396 7
379 397 5
380 399 12
380 381 9
381 400 5
382 402 5
384 407 9
386 410 8
386 387 6
387 411 5
387 388 11
388 389 6
389 390 5
391 413 8
391 392 10
392 414 12
392 393 7
394 395 7
395 416 11
395 396 6
396 417 10
397 398 6
398 418 6
398 399 11
399 419 9
399 400 5
400 420 12
400 401 6
401 421 12
401 402 12
402 403 8
403 422 10
403 404 6
404 423 11
405 406 11
406 425 11
406 407 7
407 426 9
407 408 7
408 427 7
409 429 8
409 410 6
410 411 9
411 430 7
412 433 7
412 413 9
413 434 7
413 414 9
414 435 9
415 438 10
416 417 9
417 439 11
418 441 11
418 419 8
419 420 10
420 442 5
420 421 12
421 443 5
422 445 9
422 423 11
423 446 9
423 424 7
425 426 9
426 448 6
426 427 10
427 449 5
428 429 7
430 452 11
430 431 10
432 433 10
433 434 5
434 454 10
434 435 8
435 455 10
435 436 5
436 437 11
437 438 8
439 457 12
440 441 6
442 458 6
442 443 7
443 444 10
444 459 9
444 445 12
445 446 7
446 460 5
447 462 9
448 464 7
448 449 6
449 465 5
449 450 10
451 468 5
451 452 6
452 469 6
453 471 6
454 455 10
455 474 6
456 477 9
457 479 6
458 481 9
460 484 11
460 461 11
461 485 9
461 462 12
462 463 8
463 486 11
463 464 11
464 487 6
464 465 10
465 488 6
466 490 8
466 467 9
467 468 7
468 491 5
468 469 11
469 470 12
470 492 12
470 471 8
471 493 6
471 472 9
472 494 12
472 473 10
473 495 5
474 496 10
475 498 5
475 476 9
476 477 5
477 478 12
478 479 10
480 501 6
480 481 10
481 482 9
482 502 10
483 504 5
483 484 9
484 505 6
484 485 10
485 506 6
486 508 6
486 487 7
487 509 12
487 488 8
488 510 12
488 489 8
489 511 12
489 490 8
490 512 7
491 514 8
492 493 8
493 515 6
493 494 11
494 495 9
495 516 9
496 518 7
496 497 7
497 519 11
497 498 12
498 520 7
499 522 11
499 500 9
500 501 6
501 523 5
502 524 6
502 503 12
503 525 9
503 504 12
504 505 9
505 526 8
505 506 12
506 527 7
506 507 12
507 528 5
507 508 10
508 529 5
508 509 9
509 530 10
509 510 5
510 531 6
510 511 7
511 532 10
511 512 10
512 533 9
512 513 7
513 514 11
514 534 11
515 536 9
516 538 5
516 517 10
517 539 7
517 518 11
518 540 10
518 519 7
519 520 6
521 541 6
523 542 6
524 544 8
524 525 7
525 545 7
526 546 7
526 527 5
527 547 11
527 528 11
528 529 5
529 530 12
530 548 12
530 531 10
531 549 7
531 532 9
532 550 7
532 533 9
533 551 6
534 535 11
535 552 9
536 554 7
536 537 5
537 555 6
537 538 12
538 556 10
538 539 9
539 557 10
539 540 10
540 558 7
541 563 10
542 566 9
542 543 9
543 567 11
543 544 8
544 568 10
544 545 12
545 569 12
546 547 6
548 570 9
548 549 5
549 550 11
550 571 11
550 551 5
552 573 7
552 553 10
553 574 11
553 554 6
554 575 6
554 555 6
555 576 9
555 556 10
556 557 6
557 577 5
557 558 7
558 559 9
559 560 12
560 578 11
560 561 7
561 579 12
561 562 12
562 580 9
562 563 9
563 564 9
565 582 6
565 566 11
566 567 9
567 583 12
567 568 10
568 569 12
570 589 8
572 593 12
572 573 11
573 594 8
573 574 9
574 575 10
575 576 10
577 595 8
578 596 10
578 579 11
579 597 10
579 580 10
580 598 10
581 582 9
584 585 5
585 586 10
586 587 8
587 588 12
588 589 8
589 590 11
591 592 8
592 593 10
593 594 7
596 597 5
597 598 7
598 599 7
10 0.05 0.05 0.05
