486
0 -1.0 -1.0 15.0 85.0 82.0
1 -1.0 -1.0 15.0 98.0 57.0
2 -1.0 -1.0 8.0 321.0 49.0
3 -1.0 -1.0 10.0 60.0 87.0
4 -1.0 -1.0 18.0 331.0 44.0
5 -1.0 -1.0 6.0 119.0 75.0
6 -1.0 -1.0 8.0 102.0 67.0
7 -1.0 -1.0 14.0 175.0 15.0
8 -1.0 -1.0 18.0 328.0 41.0
9 -1.0 -1.0 19.0 157.0 83.0
10 -1.0 -1.0 11.0 106.0 34.0
11 -1.0 -1.0 17.0 253.0 99.0
12 -1.0 -1.0 5.0 389.0 44.0
13 -1.0 -1.0 15.0 296.0 30.0
14 -1.0 -1.0 19.0 302.0 24.0
15 -1.0 -1.0 13.0 390.0 62.0
16 -1.0 -1.0 11.0 180.0 28.0
17 -1.0 -1.0 18.0 319.0 58.0
18 -1.0 -1.0 19.0 144.0 53.0
19 -1.0 -1.0 18.0 317.0 61.0
20 -1.0 -1.0 20.0 16.0 67.0
21 -1.0 -1.0 7.0 299.0 18.0
22 -1.0 -1.0 4.0 394.0 26.0
23 -1.0 -1.0 8.0 274.0 37.0
24 -1.0 -1.0 13.0 249.0 25.0
25 -1.0 -1.0 17.0 108.0 95.0
26 -1.0 -1.0 8.0 246.0 77.0
27 -1.0 -1.0 4.0 397.0 78.0
28 -1.0 -1.0 7.0 32.0 39.0
29 -1.0 -1.0 20.0 313.0 15.0
30 -1.0 -1.0 19.0 356.0 47.0
31 -1.0 -1.0 6.0 203.0 98.0
32 -1.0 -1.0 8.0 222.0 40.0
33 -1.0 -1.0 10.0 324.0 18.0
34 -1.0 -1.0 5.0 269.0 29.0
35 -1.0 -1.0 9.0 202.0 96.0
36 -1.0 -1.0 17.0 92.0 16.0
37 -1.0 -1.0 10.0 301.0 44.0
38 -1.0 -1.0 18.0 342.0 27.0
39 -1.0 -1.0 8.0 163.0 29.0
40 -1.0 -1.0 6.0 122.0 99.0
41 -1.0 -1.0 6.0 126.0 78.0
42 -1.0 -1.0 15.0 57.0 88.0
43 -1.0 -1.0 15.0 224.0 46.0
44 -1.0 -1.0 10.0 369.0 32.0
45 -1.0 -1.0 11.0 263.0 100.0
46 -1.0 -1.0 9.0 260.0 34.0
47 -1.0 -1.0 11.0 265.0 44.0
48 -1.0 -1.0 4.0 263.0 16.0
49 -1.0 -1.0 6.0 268.0 32.0
50 -1.0 -1.0 8.0 180.0 41.0
51 -1.0 -1.0 9.0 39.0 98.0
52 -1.0 -1.0 14.0 110.0 56.0
53 -1.0 -1.0 14.0 88.0 66.0
54 -1.0 -1.0 14.0 206.0 76.0
55 -1.0 -1.0 10.0 303.0 71.0
56 -1.0 -1.0 11.0 146.0 57.0
57 -1.0 -1.0 5.0 340.0 92.0
58 -1.0 -1.0 6.0 219.0 92.0
59 -1.0 -1.0 15.0 144.0 32.0
60 -1.0 -1.0 10.0 221.0 31.0
61 -1.0 -1.0 8.0 320.0 40.0
62 -1.0 -1.0 13.0 23.0 76.0
63 -1.0 -1.0 19.0 241.0 62.0
64 -1.0 -1.0 13.0 102.0 48.0
65 -1.0 -1.0 5.0 108.0 89.0
66 -1.0 -1.0 17.0 374.0 47.0
67 -1.0 -1.0 12.0 274.0 82.0
68 -1.0 -1.0 18.0 177.0 45.0
69 -1.0 -1.0 5.0 191.0 18.0
70 -1.0 -1.0 10.0 64.0 92.0
71 -1.0 -1.0 14.0 399.0 86.0
72 -1.0 -1.0 13.0 110.0 86.0
73 -1.0 -1.0 14.0 369.0 74.0
74 -1.0 -1.0 4.0 49.0 55.0
75 -1.0 -1.0 15.0 107.0 30.0
76 -1.0 -1.0 17.0 284.0 41.0
77 -1.0 -1.0 4.0 154.0 60.0
78 -1.0 -1.0 16.0 257.0 75.0
79 -1.0 -1.0 13.0 344.0 20.0
80 -1.0 -1.0 6.0 215.0 75.0
81 -1.0 -1.0 6.0 212.0 36.0
82 -1.0 -1.0 7.0 347.0 82.0
83 -1.0 -1.0 20.0 357.0 42.0
84 -1.0 -1.0 5.0 270.0 32.0
85 -1.0 -1.0 9.0 325.0 33.0
86 -1.0 -1.0 5.0 260.0 40.0
87 -1.0 -1.0 10.0 247.0 51.0
88 -1.0 -1.0 19.0 120.0 93.0
89 -1.0 -1.0 7.0 351.0 68.0
90 -1.0 -1.0 11.0 303.0 58.0
91 -1.0 -1.0 14.0 356.0 46.0
92 -1.0 -1.0 15.0 375.0 53.0
93 -1.0 -1.0 19.0 139.0 57.0
94 -1.0 -1.0 6.0 139.0 17.0
95 -1.0 -1.0 15.0 272.0 53.0
96 -1.0 -1.0 9.0 174.0 22.0
97 -1.0 -1.0 10.0 343.0 80.0
98 -1.0 -1.0 19.0 356.0 100.0
99 -1.0 -1.0 14.0 339.0 99.0
100 -1.0 -1.0 5.0 250.0 78.0
101 -1.0 -1.0 17.0 41.0 88.0
102 -1.0 -1.0 18.0 134.0 93.0
103 -1.0 -1.0 16.0 349.0 15.0
104 -1.0 -1.0 14.0 94.0 17.0
105 -1.0 -1.0 11.0 116.0 37.0
106 -1.0 -1.0 15.0 40.0 76.0
107 -1.0 -1.0 15.0 29.0 84.0
108 -1.0 -1.0 20.0 210.0 38.0
109 -1.0 -1.0 8.0 102.0 82.0
110 -1.0 -1.0 12.0 234.0 75.0
111 -1.0 -1.0 9.0 268.0 47.0
112 -1.0 -1.0 14.0 181.0 19.0
113 -1.0 -1.0 8.0 34.0 74.0
114 -1.0 -1.0 7.0 141.0 66.0
115 -1.0 -1.0 13.0 48.0 29.0
116 -1.0 -1.0 18.0 73.0 96.0
117 -1.0 -1.0 17.0 17.0 81.0
118 -1.0 -1.0 5.0 145.0 96.0
119 -1.0 -1.0 18.0 322.0 43.0
120 -1.0 -1.0 12.0 151.0 25.0
121 -1.0 -1.0 12.0 187.0 31.0
122 -1.0 -1.0 14.0 90.0 85.0
123 -1.0 -1.0 10.0 26.0 33.0
124 -1.0 -1.0 13.0 389.0 23.0
125 -1.0 -1.0 11.0 232.0 60.0
126 -1.0 -1.0 19.0 69.0 35.0
127 -1.0 -1.0 11.0 139.0 62.0
128 -1.0 -1.0 11.0 325.0 96.0
129 -1.0 -1.0 4.0 41.0 76.0
130 -1.0 -1.0 15.0 241.0 30.0
131 -1.0 -1.0 14.0 63.0 67.0
132 -1.0 -1.0 12.0 278.0 72.0
133 -1.0 -1.0 8.0 176.0 48.0
134 -1.0 -1.0 6.0 246.0 84.0
135 -1.0 -1.0 19.0 338.0 23.0
136 -1.0 -1.0 15.0 113.0 30.0
137 -1.0 -1.0 13.0 139.0 64.0
138 -1.0 -1.0 20.0 326.0 99.0
139 -1.0 -1.0 6.0 270.0 87.0
140 -1.0 -1.0 12.0 125.0 25.0
141 -1.0 -1.0 6.0 22.0 81.0
142 -1.0 -1.0 7.0 327.0 38.0
143 -1.0 -1.0 13.0 373.0 18.0
144 -1.0 -1.0 6.0 97.0 24.0
145 -1.0 -1.0 17.0 180.0 60.0
146 -1.0 -1.0 13.0 140.0 27.0
147 -1.0 -1.0 16.0 162.0 17.0
148 -1.0 -1.0 20.0 256.0 76.0
149 -1.0 -1.0 20.0 302.0 53.0
150 -1.0 -1.0 18.0 339.0 84.0
151 -1.0 -1.0 7.0 392.0 96.0
152 -1.0 -1.0 5.0 81.0 98.0
153 -1.0 -1.0 19.0 320.0 46.0
154 -1.0 -1.0 17.0 351.0 98.0
155 -1.0 -1.0 11.0 350.0 36.0
156 -1.0 -1.0 13.0 201.0 39.0
157 -1.0 -1.0 16.0 303.0 81.0
158 -1.0 -1.0 19.0 318.0 33.0
159 -1.0 -1.0 5.0 371.0 88.0
160 -1.0 -1.0 20.0 295.0 37.0
161 -1.0 -1.0 4.0 134.0 90.0
162 -1.0 -1.0 5.0 178.0 59.0
163 -1.0 -1.0 5.0 382.0 32.0
164 -1.0 -1.0 9.0 112.0 71.0
165 -1.0 -1.0 13.0 373.0 50.0
166 -1.0 -1.0 4.0 375.0 80.0
167 -1.0 -1.0 20.0 251.0 55.0
168 -1.0 -1.0 8.0 324.0 86.0
169 -1.0 -1.0 20.0 280.0 78.0
170 -1.0 -1.0 16.0 359.0 54.0
171 -1.0 -1.0 20.0 30.0 80.0
172 -1.0 -1.0 12.0 290.0 32.0
173 -1.0 -1.0 18.0 315.0 89.0
174 -1.0 -1.0 18.0 120.0 32.0
175 -1.0 -1.0 8.0 303.0 20.0
176 -1.0 -1.0 5.0 222.0 31.0
177 -1.0 -1.0 16.0 361.0 24.0
178 -1.0 -1.0 12.0 383.0 60.0
179 -1.0 -1.0 4.0 122.0 81.0
180 -1.0 -1.0 6.0 311.0 38.0
181 -1.0 -1.0 16.0 187.0 35.0
182 -1.0 -1.0 18.0 16.0 78.0
183 -1.0 -1.0 14.0 128.0 64.0
184 -1.0 -1.0 18.0 52.0 98.0
185 -1.0 -1.0 15.0 381.0 70.0
186 -1.0 -1.0 9.0 23.0 72.0
187 -1.0 -1.0 16.0 370.0 21.0
188 -1.0 -1.0 5.0 190.0 48.0
189 -1.0 -1.0 13.0 348.0 93.0
190 -1.0 -1.0 16.0 134.0 54.0
191 -1.0 -1.0 11.0 241.0 38.0
192 -1.0 -1.0 14.0 189.0 43.0
193 -1.0 -1.0 13.0 75.0 57.0
194 -1.0 -1.0 7.0 362.0 66.0
195 -1.0 -1.0 20.0 117.0 37.0
196 -1.0 -1.0 14.0 186.0 95.0
197 -1.0 -1.0 8.0 50.0 51.0
198 -1.0 -1.0 6.0 119.0 42.0
199 -1.0 -1.0 12.0 91.0 48.0
200 -1.0 -1.0 6.0 361.0 100.0
201 -1.0 -1.0 8.0 130.0 42.0
202 -1.0 -1.0 12.0 400.0 81.0
203 -1.0 -1.0 12.0 338.0 58.0
204 -1.0 -1.0 19.0 309.0 34.0
205 -1.0 -1.0 9.0 201.0 21.0
206 -1.0 -1.0 16.0 59.0 91.0
207 -1.0 -1.0 9.0 154.0 21.0
208 -1.0 -1.0 18.0 160.0 26.0
209 -1.0 -1.0 15.0 119.0 81.0
210 -1.0 -1.0 10.0 79.0 49.0
211 -1.0 -1.0 19.0 98.0 25.0
212 -1.0 -1.0 12.0 53.0 82.0
213 -1.0 -1.0 4.0 71.0 69.0
214 -1.0 -1.0 20.0 349.0 16.0
215 -1.0 -1.0 15.0 171.0 31.0
216 -1.0 -1.0 7.0 398.0 20.0
217 -1.0 -1.0 9.0 228.0 75.0
218 -1.0 -1.0 8.0 318.0 37.0
219 -1.0 -1.0 16.0 138.0 75.0
220 -1.0 -1.0 17.0 162.0 20.0
221 -1.0 -1.0 20.0 119.0 87.0
222 -1.0 -1.0 11.0 312.0 42.0
223 -1.0 -1.0 14.0 213.0 96.0
224 -1.0 -1.0 6.0 155.0 37.0
225 -1.0 -1.0 5.0 98.0 30.0
226 -1.0 -1.0 14.0 286.0 29.0
227 -1.0 -1.0 12.0 147.0 91.0
228 -1.0 -1.0 19.0 214.0 68.0
229 -1.0 -1.0 5.0 233.0 43.0
230 -1.0 -1.0 7.0 394.0 68.0
231 -1.0 -1.0 14.0 376.0 23.0
232 -1.0 -1.0 10.0 314.0 74.0
233 -1.0 -1.0 4.0 67.0 46.0
234 -1.0 -1.0 20.0 169.0 60.0
235 -1.0 -1.0 19.0 153.0 33.0
236 -1.0 -1.0 11.0 340.0 73.0
237 -1.0 -1.0 9.0 108.0 51.0
238 -1.0 -1.0 16.0 200.0 80.0
239 -1.0 -1.0 8.0 129.0 36.0
240 -1.0 -1.0 14.0 66.0 94.0
241 -1.0 -1.0 4.0 232.0 96.0
242 -1.0 -1.0 8.0 19.0 67.0
243 -1.0 -1.0 12.0 347.0 34.0
244 -1.0 -1.0 10.0 334.0 42.0
245 -1.0 -1.0 20.0 400.0 53.0
246 -1.0 -1.0 8.0 42.0 25.0
247 -1.0 -1.0 19.0 102.0 69.0
248 -1.0 -1.0 17.0 132.0 49.0
249 -1.0 -1.0 13.0 114.0 17.0
250 -1.0 -1.0 19.0 23.0 52.0
251 -1.0 -1.0 17.0 286.0 53.0
252 -1.0 -1.0 4.0 220.0 57.0
253 -1.0 -1.0 8.0 291.0 29.0
254 -1.0 -1.0 18.0 297.0 49.0
255 -1.0 -1.0 19.0 366.0 25.0
256 -1.0 -1.0 15.0 68.0 95.0
257 -1.0 -1.0 18.0 138.0 18.0
258 -1.0 -1.0 9.0 239.0 31.0
259 -1.0 -1.0 18.0 50.0 40.0
260 -1.0 -1.0 7.0 80.0 84.0
261 -1.0 -1.0 15.0 374.0 37.0
262 -1.0 -1.0 10.0 85.0 97.0
263 -1.0 -1.0 6.0 312.0 58.0
264 -1.0 -1.0 7.0 268.0 87.0
265 -1.0 -1.0 4.0 361.0 54.0
266 -1.0 -1.0 11.0 245.0 100.0
267 -1.0 -1.0 16.0 120.0 55.0
268 -1.0 -1.0 5.0 123.0 28.0
269 -1.0 -1.0 19.0 289.0 60.0
270 -1.0 -1.0 20.0 86.0 19.0
271 -1.0 -1.0 8.0 336.0 19.0
272 -1.0 -1.0 16.0 190.0 84.0
273 -1.0 -1.0 18.0 130.0 100.0
274 -1.0 -1.0 12.0 308.0 57.0
275 -1.0 -1.0 10.0 51.0 23.0
276 -1.0 -1.0 20.0 265.0 58.0
277 -1.0 -1.0 9.0 238.0 83.0
278 -1.0 -1.0 14.0 287.0 71.0
279 -1.0 -1.0 14.0 70.0 30.0
280 -1.0 -1.0 12.0 388.0 32.0
281 -1.0 -1.0 9.0 212.0 28.0
282 -1.0 -1.0 16.0 23.0 88.0
283 -1.0 -1.0 20.0 294.0 18.0
284 -1.0 -1.0 14.0 251.0 89.0
285 -1.0 -1.0 5.0 164.0 80.0
286 -1.0 -1.0 11.0 196.0 46.0
287 -1.0 -1.0 19.0 296.0 81.0
288 -1.0 -1.0 4.0 223.0 26.0
289 -1.0 -1.0 16.0 56.0 58.0
290 -1.0 -1.0 6.0 397.0 63.0
291 -1.0 -1.0 10.0 95.0 49.0
292 -1.0 -1.0 5.0 386.0 51.0
293 -1.0 -1.0 14.0 299.0 76.0
294 -1.0 -1.0 9.0 80.0 25.0
295 -1.0 -1.0 10.0 157.0 85.0
296 -1.0 -1.0 13.0 120.0 37.0
297 -1.0 -1.0 12.0 182.0 77.0
298 -1.0 -1.0 14.0 46.0 85.0
299 -1.0 -1.0 9.0 380.0 66.0
300 -1.0 -1.0 5.0 296.0 67.0
301 -1.0 -1.0 16.0 110.0 36.0
302 -1.0 -1.0 15.0 52.0 96.0
303 -1.0 -1.0 7.0 141.0 90.0
304 -1.0 -1.0 13.0 196.0 100.0
305 -1.0 -1.0 4.0 208.0 48.0
306 -1.0 -1.0 16.0 330.0 38.0
307 -1.0 -1.0 13.0 385.0 43.0
308 -1.0 -1.0 15.0 30.0 87.0
309 -1.0 -1.0 14.0 395.0 27.0
310 -1.0 -1.0 19.0 36.0 33.0
311 -1.0 -1.0 5.0 25.0 18.0
312 -1.0 -1.0 14.0 123.0 46.0
313 -1.0 -1.0 11.0 188.0 42.0
314 -1.0 -1.0 7.0 243.0 26.0
315 -1.0 -1.0 12.0 313.0 71.0
316 -1.0 -1.0 4.0 163.0 45.0
317 -1.0 -1.0 16.0 329.0 94.0
318 -1.0 -1.0 16.0 94.0 21.0
319 -1.0 -1.0 15.0 56.0 98.0
320 -1.0 -1.0 5.0 141.0 80.0
321 -1.0 -1.0 5.0 328.0 40.0
322 -1.0 -1.0 8.0 101.0 51.0
323 -1.0 -1.0 4.0 334.0 68.0
324 -1.0 -1.0 15.0 47.0 38.0
325 -1.0 -1.0 10.0 228.0 92.0
326 -1.0 -1.0 9.0 223.0 62.0
327 -1.0 -1.0 8.0 282.0 41.0
328 -1.0 -1.0 8.0 94.0 95.0
329 -1.0 -1.0 10.0 304.0 66.0
330 -1.0 -1.0 17.0 243.0 95.0
331 -1.0 -1.0 7.0 347.0 56.0
332 -1.0 -1.0 9.0 261.0 40.0
333 -1.0 -1.0 18.0 175.0 33.0
334 -1.0 -1.0 4.0 241.0 47.0
335 -1.0 -1.0 12.0 87.0 41.0
336 -1.0 -1.0 11.0 351.0 25.0
337 -1.0 -1.0 8.0 290.0 87.0
338 -1.0 -1.0 19.0 116.0 48.0
339 -1.0 -1.0 10.0 69.0 39.0
340 -1.0 -1.0 16.0 16.0 32.0
341 -1.0 -1.0 6.0 85.0 27.0
342 -1.0 -1.0 6.0 291.0 42.0
343 -1.0 -1.0 12.0 368.0 63.0
344 -1.0 -1.0 13.0 234.0 34.0
345 -1.0 -1.0 18.0 249.0 52.0
346 -1.0 -1.0 12.0 288.0 57.0
347 -1.0 -1.0 7.0 382.0 83.0
348 -1.0 -1.0 20.0 299.0 31.0
349 -1.0 -1.0 4.0 208.0 61.0
350 -1.0 -1.0 15.0 78.0 64.0
351 -1.0 -1.0 15.0 142.0 99.0
352 -1.0 -1.0 16.0 303.0 38.0
353 -1.0 -1.0 12.0 136.0 25.0
354 -1.0 -1.0 7.0 370.0 87.0
355 -1.0 -1.0 15.0 350.0 84.0
356 -1.0 -1.0 6.0 269.0 98.0
357 -1.0 -1.0 4.0 274.0 75.0
358 -1.0 -1.0 5.0 164.0 63.0
359 -1.0 -1.0 16.0 371.0 78.0
360 -1.0 -1.0 10.0 197.0 30.0
361 -1.0 -1.0 12.0 91.0 56.0
362 -1.0 -1.0 18.0 390.0 38.0
363 -1.0 -1.0 5.0 296.0 18.0
364 -1.0 -1.0 10.0 88.0 25.0
365 -1.0 -1.0 16.0 284.0 25.0
366 -1.0 -1.0 12.0 113.0 80.0
367 -1.0 -1.0 6.0 91.0 23.0
368 -1.0 -1.0 13.0 131.0 83.0
369 -1.0 -1.0 9.0 89.0 33.0
370 -1.0 -1.0 17.0 52.0 70.0
371 -1.0 -1.0 12.0 43.0 53.0
372 -1.0 -1.0 13.0 103.0 70.0
373 -1.0 -1.0 14.0 370.0 30.0
374 -1.0 -1.0 13.0 88.0 76.0
375 -1.0 -1.0 4.0 37.0 41.0
376 -1.0 -1.0 19.0 281.0 91.0
377 -1.0 -1.0 12.0 356.0 28.0
378 -1.0 -1.0 8.0 278.0 53.0
379 -1.0 -1.0 5.0 19.0 22.0
380 -1.0 -1.0 16.0 220.0 46.0
381 -1.0 -1.0 19.0 63.0 94.0
382 -1.0 -1.0 18.0 82.0 44.0
383 -1.0 -1.0 9.0 71.0 21.0
384 -1.0 -1.0 14.0 220.0 69.0
385 -1.0 -1.0 19.0 103.0 55.0
386 -1.0 -1.0 5.0 400.0 91.0
387 -1.0 -1.0 7.0 337.0 97.0
388 -1.0 -1.0 11.0 96.0 56.0
389 -1.0 -1.0 20.0 303.0 17.0
390 -1.0 -1.0 6.0 41.0 25.0
391 -1.0 -1.0 19.0 55.0 98.0
392 -1.0 -1.0 11.0 133.0 33.0
393 -1.0 -1.0 12.0 118.0 80.0
394 -1.0 -1.0 15.0 227.0 35.0
395 -1.0 -1.0 8.0 282.0 84.0
396 -1.0 -1.0 17.0 318.0 90.0
397 -1.0 -1.0 13.0 154.0 20.0
398 -1.0 -1.0 15.0 136.0 50.0
399 -1.0 -1.0 16.0 188.0 40.0
400 -1.0 -1.0 9.0 230.0 41.0
401 -1.0 -1.0 5.0 246.0 54.0
402 -1.0 -1.0 18.0 390.0 72.0
403 -1.0 -1.0 19.0 61.0 68.0
404 -1.0 -1.0 9.0 70.0 64.0
405 -1.0 -1.0 9.0 203.0 34.0
406 -1.0 -1.0 14.0 348.0 68.0
407 -1.0 -1.0 9.0 388.0 78.0
408 -1.0 -1.0 17.0 227.0 74.0
409 -1.0 -1.0 10.0 222.0 75.0
410 -1.0 -1.0 6.0 295.0 89.0
411 -1.0 -1.0 10.0 301.0 62.0
412 -1.0 -1.0 11.0 327.0 59.0
413 -1.0 -1.0 11.0 47.0 16.0
414 -1.0 -1.0 13.0 199.0 48.0
415 -1.0 -1.0 7.0 157.0 25.0
416 -1.0 -1.0 18.0 353.0 84.0
417 -1.0 -1.0 6.0 65.0 15.0
418 -1.0 -1.0 9.0 239.0 58.0
419 -1.0 -1.0 10.0 333.0 50.0
420 -1.0 -1.0 4.0 178.0 71.0
421 -1.0 -1.0 12.0 227.0 16.0
422 -1.0 -1.0 18.0 300.0 48.0
423 -1.0 -1.0 18.0 376.0 41.0
424 -1.0 -1.0 13.0 326.0 40.0
425 -1.0 -1.0 8.0 57.0 63.0
426 -1.0 -1.0 8.0 114.0 48.0
427 -1.0 -1.0 11.0 295.0 91.0
428 -1.0 -1.0 9.0 197.0 99.0
429 -1.0 -1.0 20.0 212.0 51.0
430 -1.0 -1.0 14.0 108.0 18.0
431 -1.0 -1.0 9.0 347.0 54.0
432 -1.0 -1.0 15.0 166.0 63.0
433 -1.0 -1.0 18.0 96.0 20.0
434 -1.0 -1.0 11.0 233.0 39.0
435 -1.0 -1.0 13.0 383.0 26.0
436 -1.0 -1.0 19.0 228.0 38.0
437 -1.0 -1.0 10.0 265.0 56.0
438 -1.0 -1.0 15.0 351.0 28.0
439 -1.0 -1.0 7.0 179.0 24.0
440 -1.0 -1.0 20.0 118.0 30.0
441 -1.0 -1.0 14.0 292.0 72.0
442 -1.0 -1.0 8.0 215.0 73.0
443 -1.0 -1.0 16.0 238.0 94.0
444 -1.0 -1.0 6.0 164.0 42.0
445 -1.0 -1.0 13.0 156.0 51.0
446 -1.0 -1.0 12.0 29.0 79.0
447 -1.0 -1.0 8.0 196.0 31.0
448 -1.0 -1.0 11.0 181.0 36.0
449 -1.0 -1.0 11.0 340.0 68.0
450 -1.0 -1.0 6.0 207.0 79.0
451 -1.0 -1.0 12.0 116.0 20.0
452 -1.0 -1.0 12.0 77.0 71.0
453 -1.0 -1.0 6.0 289.0 48.0
454 -1.0 -1.0 19.0 307.0 21.0
455 -1.0 -1.0 8.0 389.0 95.0
456 -1.0 -1.0 8.0 370.0 57.0
457 -1.0 -1.0 17.0 326.0 31.0
458 -1.0 -1.0 14.0 131.0 43.0
459 -1.0 -1.0 18.0 252.0 52.0
460 -1.0 -1.0 20.0 202.0 89.0
461 -1.0 -1.0 10.0 373.0 33.0
462 -1.0 -1.0 7.0 152.0 100.0
463 -1.0 -1.0 6.0 51.0 60.0
464 -1.0 -1.0 14.0 121.0 36.0
465 -1.0 -1.0 11.0 119.0 59.0
466 -1.0 -1.0 7.0 274.0 63.0
467 -1.0 -1.0 13.0 216.0 56.0
468 -1.0 -1.0 16.0 362.0 52.0
469 -1.0 -1.0 18.0 228.0 61.0
470 -1.0 -1.0 6.0 392.0 64.0
471 -1.0 -1.0 10.0 392.0 26.0
472 -1.0 -1.0 6.0 153.0 82.0
473 -1.0 -1.0 8.0 230.0 51.0
474 -1.0 -1.0 18.0 355.0 60.0
475 -1.0 -1.0 16.0 284.0 88.0
476 -1.0 -1.0 17.0 378.0 55.0
477 -1.0 -1.0 19.0 343.0 99.0
478 -1.0 -1.0 6.0 397.0 45.0
479 -1.0 -1.0 17.0 124.0 89.0
480 -1.0 -1.0 15.0 301.0 75.0
481 -1.0 -1.0 6.0 238.0 19.0
482 -1.0 -1.0 10.0 400.0 94.0
483 -1.0 -1.0 15.0 161.0 31.0
484 -1.0 -1.0 4.0 98.0 80.0
485 -1.0 -1.0 4.0 117.0 18.0
626
0 20 11
1 22 9
2 24 9
2 3 10
3 4 12
4 25 9
4 5 10
5 6 11
6 26 7
7 28 6
7 8 11
8 29 12
9 31 10
10 33 10
10 11 6
11 12 5
12 34 11
12 13 7
13 35 9
13 14 10
14 36 6
14 15 9
15 37 10
16 39 12
16 17 5
17 40 10
17 18 9
18 19 7
19 41 12
20 21 12
21 42 6
21 22 8
22 43 11
22 23 9
23 44 11
23 24 10
25 45 11
26 27 10
27 47 12
27 28 9
28 29 8
29 30 6
30 48 11
30 31 12
31 49 10
31 32 8
32 33 10
33 50 8
34 35 7
35 52 12
35 36 11
36 53 5
36 37 9
37 54 9
37 38 10
38 39 8
39 55 10
39 40 5
40 56 10
41 58 12
42 61 5
42 43 8
43 44 7
45 64 9
45 46 8
46 65 12
47 67 6
48 70 9
48 49 11
50 51 9
51 71 6
52 53 5
53 73 8
53 54 7
55 75 10
55 56 11
56 57 9
57 76 6
57 58 7
58 77 9
58 59 9
60 61 11
61 78 7
62 80 7
62 63 12
63 81 12
63 64 8
64 65 7
65 82 12
65 66 12
66 67 11
67 83 9
67 68 5
68 84 6
68 69 11
69 70 9
70 85 6
71 72 8
72 89 11
74 92 7
74 75 7
75 93 10
76 94 11
76 77 8
78 96 11
79 98 8
79 80 8
80 99 12
80 81 8
81 100 12
82 102 8
83 104 6
83 84 11
84 105 12
85 107 9
85 86 7
86 87 7
87 108 11
87 88 9
88 109 11
89 90 6
91 110 9
91 92 7
92 93 5
94 111 11
95 113 11
96 97 8
97 115 7
97 98 10
98 116 6
98 99 11
99 117 8
99 100 5
100 118 10
100 101 12
101 119 12
101 102 6
102 120 6
102 103 10
103 121 12
103 104 5
104 122 12
104 105 12
105 123 5
105 106 12
106 107 12
108 109 12
110 126 6
111 127 9
111 112 7
112 128 6
112 113 8
114 129 9
115 131 8
115 116 9
116 132 12
116 117 5
117 133 7
117 118 9
118 134 5
118 119 6
119 120 8
120 121 6
121 135 7
121 122 11
122 123 6
124 125 7
125 138 11
127 128 10
128 142 10
129 130 11
130 144 5
130 131 6
131 145 6
131 132 9
132 146 5
132 133 8
133 147 8
133 134 11
134 148 7
135 150 5
136 154 6
137 156 12
138 157 11
139 158 8
140 141 12
141 161 9
142 163 9
142 143 6
143 164 10
144 165 9
144 145 9
145 166 10
145 146 7
146 147 8
147 167 6
147 148 7
148 168 8
148 149 12
149 169 8
150 171 8
150 151 8
151 172 7
151 152 12
152 153 12
153 173 11
154 175 11
154 155 6
155 156 10
157 177 12
158 178 12
158 159 5
159 179 12
159 160 5
160 180 7
161 162 11
162 163 9
163 164 9
165 166 9
166 182 8
167 183 7
167 168 10
168 169 8
169 184 6
169 170 7
170 171 6
171 185 5
171 172 8
173 186 5
173 174 11
174 175 6
176 187 5
176 177 10
177 188 11
178 179 8
179 190 11
179 180 6
180 181 10
181 191 12
182 195 11
183 197 12
184 199 11
186 200 6
187 203 6
187 188 7
188 204 7
188 189 9
191 192 10
192 207 7
192 193 10
193 208 9
194 209 5
195 196 11
196 197 11
197 212 8
197 198 9
198 199 8
199 213 12
201 218 10
202 220 11
202 203 5
203 221 12
203 204 11
204 222 9
205 224 5
206 226 8
207 228 8
207 208 11
208 229 7
209 231 8
210 211 9
211 232 11
212 234 6
213 235 5
213 214 6
214 236 10
214 215 10
215 237 12
215 216 8
216 238 5
217 241 8
217 218 10
218 219 7
219 242 8
219 220 9
220 243 6
220 221 5
221 244 5
221 222 8
222 245 10
222 223 7
223 224 12
224 225 8
225 226 12
226 227 5
227 246 8
227 228 6
228 247 6
228 229 10
229 248 10
229 230 12
230 249 10
230 231 8
232 250 9
233 251 6
233 234 6
234 252 7
235 254 11
235 236 12
236 255 9
236 237 12
237 256 12
237 238 5
238 257 8
238 239 8
239 258 11
239 240 12
240 259 7
240 241 11
242 260 9
242 243 11
243 261 8
243 244 8
244 245 6
246 266 6
246 247 8
247 267 6
247 248 11
248 268 8
248 249 11
249 269 8
250 271 12
251 252 11
252 273 6
252 253 8
253 274 5
253 254 5
254 255 11
255 275 9
255 256 5
256 276 7
256 257 6
257 277 10
257 258 11
258 278 7
258 259 9
259 279 12
260 282 12
260 261 5
261 283 6
262 263 7
263 286 10
263 264 9
264 287 6
264 265 11
265 288 6
265 266 9
266 289 12
266 267 8
267 290 11
267 268 6
268 291 6
268 269 10
269 292 8
269 270 5
270 293 10
271 295 12
271 272 10
273 296 10
273 274 7
275 298 12
275 276 6
276 277 8
277 299 12
277 278 5
278 279 6
279 300 12
279 280 7
280 301 11
280 281 7
281 302 7
281 282 10
282 283 12
283 303 6
283 284 12
284 304 9
284 285 10
285 305 5
286 287 9
287 288 5
288 289 11
289 306 9
289 290 7
290 291 6
291 307 10
291 292 6
292 293 8
293 308 6
294 295 12
295 309 5
297 313 10
297 298 7
300 315 12
300 301 12
301 316 12
301 302 10
302 317 7
303 319 8
303 304 10
304 320 9
304 305 12
305 321 7
306 325 11
308 326 12
309 328 7
309 310 7
310 329 10
310 311 5
312 330 12
312 313 9
314 332 11
315 335 8
315 316 8
316 317 10
317 336 11
317 318 11
318 337 5
318 319 11
319 320 8
320 338 12
320 321 9
321 339 7
322 341 12
322 323 8
323 324 9
324 342 8
324 325 10
325 343 11
326 346 9
327 347 7
327 328 11
328 329 10
331 332 5
332 350 11
332 333 11
333 334 6
334 351 8
334 335 8
336 337 8
337 353 12
338 339 9
339 355 11
339 340 12
340 341 9
342 357 6
342 343 12
343 344 7
344 358 11
344 345 11
346 360 8
347 361 9
348 349 6
349 364 10
350 367 10
352 370 5
353 354 7
355 371 12
356 357 10
357 373 9
358 375 9
359 376 8
359 360 6
360 377 5
361 362 7
362 378 7
362 363 5
363 379 6
364 381 6
365 366 9
366 383 10
366 367 10
367 384 10
367 368 9
369 370 12
370 386 9
371 390 11
371 372 9
372 391 7
373 374 8
374 375 9
376 392 5
376 377 5
378 394 9
378 379 9
379 380 8
380 381 6
381 395 8
381 382 5
382 396 8
383 398 10
383 384 8
385 400 9
386 401 12
386 387 6
387 402 5
387 388 6
388 389 11
389 403 5
390 405 10
390 391 12
393 412 6
393 394 8
394 413 6
395 416 9
395 396 5
396 417 7
396 397 5
397 398 8
398 418 7
399 419 5
399 400 11
400 420 6
401 422 8
401 402 5
402 423 8
403 425 6
403 404 10
404 426 10
404 405 10
405 427 7
406 407 9
407 408 9
408 429 7
408 409 7
410 431 7
411 432 9
412 433 8
412 413 10
413 434 8
413 414 11
414 435 10
414 415 7
415 436 8
415 416 9
416 437 12
416 417 5
418 439 10
419 440 10
419 420 10
420 421 7
421 422 12
422 423 10
423 424 9
424 441 12
424 425 8
425 442 12
425 426 11
426 427 12
427 443 10
427 428 12
428 444 12
429 447 12
430 449 6
430 431 7
431 450 12
432 452 12
433 453 12
433 434 5
434 454 8
434 435 7
435 455 9
435 436 10
436 456 8
436 437 5
438 457 9
438 439 11
440 459 7
441 442 11
442 462 7
443 463 7
443 444 12
444 464 6
444 445 6
445 465 6
445 446 9
446 466 8
446 447 11
447 467 7
447 448 5
448 468 11
448 449 7
449 450 11
450 451 11
451 452 5
452 469 9
453 470 7
453 454 8
454 471 7
454 455 11
455 456 7
456 472 5
457 473 11
458 474 11
458 459 10
459 475 5
459 460 6
460 476 5
460 461 9
462 479 5
463 480 12
463 464 7
464 465 9
465 481 11
465 466 5
466 482 12
466 467 5
467 468 11
468 483 8
470 471 11
474 475 10
475 476 8
477 478 5
478 479 7
481 482 10
483 484 6
484 485 12
10 0.05 0.05 0.05
