600
0 -1.0 -1.0 13.0 376.0 21.0
1 -1.0 -1.0 6.0 83.0 52.0
2 -1.0 -1.0 16.0 84.0 42.0
3 -1.0 -1.0 15.0 46.0 39.0
4 -1.0 -1.0 11.0 205.0 36.0
5 -1.0 -1.0 19.0 317.0 74.0
6 -1.0 -1.0 8.0 315.0 71.0
7 -1.0 -1.0 10.0 349.0 65.0
8 -1.0 -1.0 19.0 214.0 47.0
9 -1.0 -1.0 10.0 235.0 100.0
10 -1.0 -1.0 5.0 228.0 98.0
11 -1.0 -1.0 7.0 370.0 100.0
12 -1.0 -1.0 4.0 175.0 98.0
13 -1.0 -1.0 10.0 207.0 75.0
14 -1.0 -1.0 16.0 260.0 65.0
15 -1.0 -1.0 15.0 320.0 33.0
16 -1.0 -1.0 12.0 112.0 15.0
17 -1.0 -1.0 19.0 240.0 74.0
18 -1.0 -1.0 9.0 285.0 82.0
19 -1.0 -1.0 6.0 308.0 27.0
20 -1.0 -1.0 15.0 194.0 55.0
21 -1.0 -1.0 16.0 75.0 93.0
22 -1.0 -1.0 4.0 164.0 27.0
23 -1.0 -1.0 15.0 60.0 52.0
24 -1.0 -1.0 19.0 159.0 49.0
25 -1.0 -1.0 15.0 332.0 71.0
26 -1.0 -1.0 7.0 192.0 15.0
27 -1.0 -1.0 16.0 305.0 74.0
28 -1.0 -1.0 16.0 55.0 83.0
29 -1.0 -1.0 12.0 386.0 19.0
30 -1.0 -1.0 12.0 294.0 80.0
31 -1.0 -1.0 4.0 148.0 85.0
32 -1.0 -1.0 10.0 310.0 27.0
33 -1.0 -1.0 8.0 43.0 45.0
34 -1.0 -1.0 6.0 99.0 61.0
35 -1.0 -1.0 15.0 354.0 57.0
36 -1.0 -1.0 6.0 114.0 39.0
37 -1.0 -1.0 17.0 98.0 18.0
38 -1.0 -1.0 14.0 268.0 67.0
39 -1.0 -1.0 18.0 281.0 30.0
40 -1.0 -1.0 12.0 31.0 21.0
41 -1.0 -1.0 18.0 309.0 39.0
42 -1.0 -1.0 13.0 204.0 79.0
43 -1.0 -1.0 7.0 167.0 71.0
44 -1.0 -1.0 15.0 142.0 88.0
45 -1.0 -1.0 10.0 33.0 33.0
46 -1.0 -1.0 7.0 258.0 89.0
47 -1.0 -1.0 4.0 45.0 70.0
48 -1.0 -1.0 10.0 115.0 20.0
49 -1.0 -1.0 6.0 113.0 56.0
50 -1.0 -1.0 8.0 191.0 51.0
51 -1.0 -1.0 18.0 200.0 60.0
52 -1.0 -1.0 4.0 371.0 92.0
53 -1.0 -1.0 17.0 258.0 25.0
54 -1.0 -1.0 13.0 390.0 95.0
55 -1.0 -1.0 4.0 309.0 73.0
56 -1.0 -1.0 14.0 152.0 21.0
57 -1.0 -1.0 11.0 349.0 46.0
58 -1.0 -1.0 8.0 173.0 67.0
59 -1.0 -1.0 16.0 78.0 74.0
60 -1.0 -1.0 4.0 152.0 50.0
61 -1.0 -1.0 10.0 117.0 79.0
62 -1.0 -1.0 11.0 157.0 99.0
63 -1.0 -1.0 11.0 26.0 68.0
64 -1.0 -1.0 18.0 205.0 62.0
65 -1.0 -1.0 5.0 30.0 72.0
66 -1.0 -1.0 4.0 260.0 37.0
67 -1.0 -1.0 11.0 131.0 55.0
68 -1.0 -1.0 19.0 64.0 60.0
69 -1.0 -1.0 9.0 96.0 97.0
70 -1.0 -1.0 4.0 90.0 17.0
71 -1.0 -1.0 19.0 124.0 79.0
72 -1.0 -1.0 12.0 73.0 21.0
73 -1.0 -1.0 9.0 53.0 94.0
74 -1.0 -1.0 13.0 277.0 97.0
75 -1.0 -1.0 13.0 331.0 91.0
76 -1.0 -1.0 11.0 353.0 64.0
77 -1.0 -1.0 7.0 38.0 22.0
78 -1.0 -1.0 5.0 129.0 54.0
79 -1.0 -1.0 8.0 162.0 63.0
80 -1.0 -1.0 9.0 95.0 80.0
81 -1.0 -1.0 17.0 291.0 19.0
82 -1.0 -1.0 19.0 19.0 40.0
83 -1.0 -1.0 18.0 113.0 99.0
84 -1.0 -1.0 11.0 309.0 58.0
85 -1.0 -1.0 12.0 287.0 53.0
86 -1.0 -1.0 11.0 245.0 22.0
87 -1.0 -1.0 9.0 344.0 69.0
88 -1.0 -1.0 13.0 237.0 93.0
89 -1.0 -1.0 16.0 246.0 80.0
90 -1.0 -1.0 8.0 150.0 72.0
91 -1.0 -1.0 9.0 261.0 64.0
92 -1.0 -1.0 17.0 380.0 46.0
93 -1.0 -1.0 12.0 151.0 68.0
94 -1.0 -1.0 12.0 136.0 51.0
95 -1.0 -1.0 8.0 62.0 41.0
96 -1.0 -1.0 19.0 299.0 58.0
97 -1.0 -1.0 7.0 358.0 39.0
98 -1.0 -1.0 10.0 87.0 100.0
99 -1.0 -1.0 11.0 258.0 66.0
100 -1.0 -1.0 20.0 297.0 46.0
101 -1.0 -1.0 12.0 382.0 71.0
102 -1.0 -1.0 13.0 42.0 99.0
103 -1.0 -1.0 20.0 260.0 77.0
104 -1.0 -1.0 18.0 117.0 86.0
105 -1.0 -1.0 4.0 389.0 42.0
106 -1.0 -1.0 8.0 349.0 25.0
107 -1.0 -1.0 16.0 277.0 70.0
108 -1.0 -1.0 17.0 259.0 91.0
109 -1.0 -1.0 14.0 374.0 87.0
110 -1.0 -1.0 5.0 381.0 24.0
111 -1.0 -1.0 9.0 226.0 37.0
112 -1.0 -1.0 5.0 261.0 53.0
113 -1.0 -1.0 7.0 297.0 47.0
114 -1.0 -1.0 12.0 380.0 37.0
115 -1.0 -1.0 12.0 56.0 91.0
116 -1.0 -1.0 17.0 244.0 39.0
117 -1.0 -1.0 18.0 87.0 56.0
118 -1.0 -1.0 10.0 22.0 77.0
119 -1.0 -1.0 12.0 230.0 23.0
120 -1.0 -1.0 11.0 20.0 54.0
121 -1.0 -1.0 4.0 81.0 16.0
122 -1.0 -1.0 19.0 238.0 93.0
123 -1.0 -1.0 17.0 218.0 25.0
124 -1.0 -1.0 9.0 125.0 31.0
125 -1.0 -1.0 7.0 327.0 50.0
126 -1.0 -1.0 9.0 156.0 81.0
127 -1.0 -1.0 14.0 309.0 50.0
128 -1.0 -1.0 7.0 80.0 44.0
129 -1.0 -1.0 20.0 68.0 55.0
130 -1.0 -1.0 5.0 246.0 73.0
131 -1.0 -1.0 16.0 254.0 100.0
132 -1.0 -1.0 10.0 315.0 98.0
133 -1.0 -1.0 7.0 172.0 49.0
134 -1.0 -1.0 5.0 162.0 50.0
135 -1.0 -1.0 8.0 68.0 39.0
136 -1.0 -1.0 11.0 342.0 94.0
137 -1.0 -1.0 20.0 125.0 84.0
138 -1.0 -1.0 16.0 151.0 20.0
139 -1.0 -1.0 16.0 167.0 43.0
140 -1.0 -1.0 19.0 135.0 37.0
141 -1.0 -1.0 6.0 24.0 37.0
142 -1.0 -1.0 19.0 182.0 42.0
143 -1.0 -1.0 12.0 386.0 78.0
144 -1.0 -1.0 15.0 377.0 64.0
145 -1.0 -1.0 19.0 115.0 93.0
146 -1.0 -1.0 19.0 385.0 15.0
147 -1.0 -1.0 17.0 216.0 43.0
148 -1.0 -1.0 15.0 321.0 76.0
149 -1.0 -1.0 7.0 312.0 19.0
150 -1.0 -1.0 13.0 59.0 38.0
151 -1.0 -1.0 11.0 381.0 29.0
152 -1.0 -1.0 11.0 160.0 89.0
153 -1.0 -1.0 6.0 258.0 18.0
154 -1.0 -1.0 19.0 331.0 43.0
155 -1.0 -1.0 7.0 99.0 58.0
156 -1.0 -1.0 19.0 96.0 27.0
157 -1.0 -1.0 11.0 225.0 42.0
158 -1.0 -1.0 20.0 264.0 99.0
159 -1.0 -1.0 11.0 350.0 52.0
160 -1.0 -1.0 6.0 250.0 80.0
161 -1.0 -1.0 18.0 166.0 58.0
162 -1.0 -1.0 20.0 310.0 55.0
163 -1.0 -1.0 10.0 149.0 99.0
164 -1.0 -1.0 5.0 98.0 57.0
165 -1.0 -1.0 7.0 150.0 87.0
166 -1.0 -1.0 10.0 103.0 73.0
167 -1.0 -1.0 6.0 179.0 37.0
168 -1.0 -1.0 7.0 65.0 84.0
169 -1.0 -1.0 11.0 238.0 34.0
170 -1.0 -1.0 15.0 318.0 63.0
171 -1.0 -1.0 4.0 29.0 61.0
172 -1.0 -1.0 11.0 100.0 99.0
173 -1.0 -1.0 16.0 357.0 23.0
174 -1.0 -1.0 17.0 390.0 21.0
175 -1.0 -1.0 15.0 251.0 31.0
176 -1.0 -1.0 9.0 67.0 21.0
177 -1.0 -1.0 19.0 153.0 40.0
178 -1.0 -1.0 7.0 209.0 34.0
179 -1.0 -1.0 12.0 372.0 94.0
180 -1.0 -1.0 20.0 370.0 76.0
181 -1.0 -1.0 5.0 162.0 64.0
182 -1.0 -1.0 5.0 84.0 36.0
183 -1.0 -1.0 11.0 298.0 88.0
184 -1.0 -1.0 16.0 365.0 90.0
185 -1.0 -1.0 19.0 85.0 61.0
186 -1.0 -1.0 10.0 229.0 50.0
187 -1.0 -1.0 4.0 148.0 18.0
188 -1.0 -1.0 20.0 304.0 87.0
189 -1.0 -1.0 9.0 372.0 44.0
190 -1.0 -1.0 5.0 193.0 97.0
191 -1.0 -1.0 7.0 345.0 70.0
192 -1.0 -1.0 13.0 248.0 92.0
193 -1.0 -1.0 10.0 295.0 68.0
194 -1.0 -1.0 17.0 282.0 53.0
195 -1.0 -1.0 19.0 48.0 39.0
196 -1.0 -1.0 11.0 290.0 74.0
197 -1.0 -1.0 17.0 396.0 85.0
198 -1.0 -1.0 14.0 99.0 34.0
199 -1.0 -1.0 15.0 195.0 66.0
200 -1.0 -1.0 8.0 391.0 53.0
201 -1.0 -1.0 9.0 53.0 40.0
202 -1.0 -1.0 18.0 168.0 54.0
203 -1.0 -1.0 17.0 310.0 20.0
204 -1.0 -1.0 8.0 241.0 41.0
205 -1.0 -1.0 7.0 116.0 23.0
206 -1.0 -1.0 16.0 311.0 93.0
207 -1.0 -1.0 8.0 50.0 76.0
208 -1.0 -1.0 7.0 303.0 90.0
209 -1.0 -1.0 16.0 48.0 18.0
210 -1.0 -1.0 6.0 82.0 33.0
211 -1.0 -1.0 15.0 395.0 95.0
212 -1.0 -1.0 12.0 48.0 34.0
213 -1.0 -1.0 9.0 372.0 91.0
214 -1.0 -1.0 18.0 354.0 90.0
215 -1.0 -1.0 11.0 86.0 44.0
216 -1.0 -1.0 18.0 157.0 58.0
217 -1.0 -1.0 17.0 282.0 93.0
218 -1.0 -1.0 7.0 288.0 70.0
219 -1.0 -1.0 11.0 351.0 30.0
220 -1.0 -1.0 17.0 324.0 77.0
221 -1.0 -1.0 11.0 212.0 75.0
222 -1.0 -1.0 7.0 71.0 84.0
223 -1.0 -1.0 4.0 211.0 75.0
224 -1.0 -1.0 19.0 278.0 17.0
225 -1.0 -1.0 13.0 211.0 89.0
226 -1.0 -1.0 11.0 33.0 41.0
227 -1.0 -1.0 11.0 32.0 67.0
228 -1.0 -1.0 16.0 264.0 55.0
229 -1.0 -1.0 16.0 150.0 90.0
230 -1.0 -1.0 20.0 305.0 44.0
231 -1.0 -1.0 10.0 256.0 52.0
232 -1.0 -1.0 7.0 83.0 65.0
233 -1.0 -1.0 8.0 242.0 90.0
234 -1.0 -1.0 9.0 111.0 97.0
235 -1.0 -1.0 19.0 396.0 68.0
236 -1.0 -1.0 10.0 154.0 65.0
237 -1.0 -1.0 19.0 77.0 39.0
238 -1.0 -1.0 5.0 213.0 26.0
239 -1.0 -1.0 5.0 91.0 48.0
240 -1.0 -1.0 14.0 87.0 86.0
241 -1.0 -1.0 8.0 149.0 49.0
242 -1.0 -1.0 6.0 41.0 51.0
243 -1.0 -1.0 9.0 114.0 85.0
244 -1.0 -1.0 18.0 285.0 15.0
245 -1.0 -1.0 19.0 175.0 67.0
246 -1.0 -1.0 16.0 22.0 78.0
247 -1.0 -1.0 20.0 222.0 96.0
248 -1.0 -1.0 17.0 393.0 95.0
249 -1.0 -1.0 6.0 303.0 82.0
250 -1.0 -1.0 15.0 36.0 21.0
251 -1.0 -1.0 11.0 109.0 80.0
252 -1.0 -1.0 17.0 390.0 55.0
253 -1.0 -1.0 11.0 301.0 95.0
254 -1.0 -1.0 15.0 292.0 80.0
255 -1.0 -1.0 4.0 359.0 56.0
256 -1.0 -1.0 8.0 161.0 95.0
257 -1.0 -1.0 14.0 388.0 88.0
258 -1.0 -1.0 19.0 360.0 34.0
259 -1.0 -1.0 13.0 378.0 80.0
260 -1.0 -1.0 7.0 314.0 59.0
261 -1.0 -1.0 7.0 353.0 48.0
262 -1.0 -1.0 5.0 391.0 79.0
263 -1.0 -1.0 17.0 74.0 89.0
264 -1.0 -1.0 16.0 31.0 91.0
265 -1.0 -1.0 10.0 362.0 67.0
266 -1.0 -1.0 4.0 293.0 71.0
267 -1.0 -1.0 11.0 145.0 36.0
268 -1.0 -1.0 5.0 77.0 98.0
269 -1.0 -1.0 7.0 382.0 17.0
270 -1.0 -1.0 11.0 35.0 71.0
271 -1.0 -1.0 10.0 168.0 94.0
272 -1.0 -1.0 17.0 80.0 58.0
273 -1.0 -1.0 20.0 399.0 94.0
274 -1.0 -1.0 13.0 33.0 15.0
275 -1.0 -1.0 7.0 217.0 88.0
276 -1.0 -1.0 5.0 67.0 85.0
277 -1.0 -1.0 7.0 347.0 81.0
278 -1.0 -1.0 11.0 397.0 24.0
279 -1.0 -1.0 11.0 220.0 19.0
280 -1.0 -1.0 14.0 136.0 77.0
281 -1.0 -1.0 13.0 317.0 29.0
282 -1.0 -1.0 15.0 30.0 76.0
283 -1.0 -1.0 10.0 118.0 62.0
284 -1.0 -1.0 20.0 284.0 95.0
285 -1.0 -1.0 14.0 150.0 63.0
286 -1.0 -1.0 20.0 111.0 66.0
287 -1.0 -1.0 14.0 192.0 89.0
288 -1.0 -1.0 13.0 378.0 37.0
289 -1.0 -1.0 6.0 357.0 33.0
290 -1.0 -1.0 13.0 299.0 46.0
291 -1.0 -1.0 8.0 103.0 46.0
292 -1.0 -1.0 17.0 69.0 32.0
293 -1.0 -1.0 7.0 37.0 26.0
294 -1.0 -1.0 5.0 325.0 80.0
295 -1.0 -1.0 7.0 295.0 67.0
296 -1.0 -1.0 10.0 32.0 40.0
297 -1.0 -1.0 16.0 329.0 94.0
298 -1.0 -1.0 7.0 221.0 91.0
299 -1.0 -1.0 5.0 270.0 56.0
300 -1.0 -1.0 18.0 365.0 52.0
301 -1.0 -1.0 14.0 236.0 50.0
302 -1.0 -1.0 7.0 82.0 60.0
303 -1.0 -1.0 8.0 134.0 59.0
304 -1.0 -1.0 18.0 287.0 21.0
305 -1.0 -1.0 17.0 396.0 40.0
306 -1.0 -1.0 17.0 398.0 22.0
307 -1.0 -1.0 11.0 319.0 20.0
308 -1.0 -1.0 5.0 312.0 16.0
309 -1.0 -1.0 6.0 226.0 34.0
310 -1.0 -1.0 8.0 372.0 66.0
311 -1.0 -1.0 10.0 341.0 22.0
312 -1.0 -1.0 16.0 211.0 61.0
313 -1.0 -1.0 7.0 120.0 58.0
314 -1.0 -1.0 4.0 377.0 54.0
315 -1.0 -1.0 6.0 322.0 85.0
316 -1.0 -1.0 12.0 308.0 25.0
317 -1.0 -1.0 19.0 183.0 62.0
318 -1.0 -1.0 8.0 159.0 69.0
319 -1.0 -1.0 16.0 261.0 89.0
320 -1.0 -1.0 20.0 134.0 25.0
321 -1.0 -1.0 19.0 179.0 36.0
322 -1.0 -1.0 7.0 209.0 25.0
323 -1.0 -1.0 5.0 242.0 34.0
324 -1.0 -1.0 19.0 70.0 88.0
325 -1.0 -1.0 16.0 393.0 60.0
326 -1.0 -1.0 8.0 192.0 81.0
327 -1.0 -1.0 16.0 280.0 79.0
328 -1.0 -1.0 14.0 116.0 81.0
329 -1.0 -1.0 13.0 306.0 100.0
330 -1.0 -1.0 12.0 316.0 29.0
331 -1.0 -1.0 6.0 168.0 59.0
332 -1.0 -1.0 20.0 225.0 19.0
333 -1.0 -1.0 7.0 167.0 85.0
334 -1.0 -1.0 7.0 204.0 49.0
335 -1.0 -1.0 15.0 243.0 29.0
336 -1.0 -1.0 5.0 24.0 16.0
337 -1.0 -1.0 6.0 213.0 78.0
338 -1.0 -1.0 19.0 258.0 91.0
339 -1.0 -1.0 16.0 323.0 29.0
340 -1.0 -1.0 11.0 235.0 85.0
341 -1.0 -1.0 9.0 108.0 84.0
342 -1.0 -1.0 18.0 39.0 60.0
343 -1.0 -1.0 6.0 158.0 21.0
344 -1.0 -1.0 19.0 293.0 50.0
345 -1.0 -1.0 11.0 277.0 49.0
346 -1.0 -1.0 11.0 57.0 57.0
347 -1.0 -1.0 5.0 194.0 23.0
348 -1.0 -1.0 13.0 185.0 73.0
349 -1.0 -1.0 18.0 46.0 36.0
350 -1.0 -1.0 4.0 88.0 82.0
351 -1.0 -1.0 12.0 195.0 97.0
352 -1.0 -1.0 10.0 132.0 39.0
353 -1.0 -1.0 18.0 279.0 49.0
354 -1.0 -1.0 9.0 349.0 87.0
355 -1.0 -1.0 11.0 352.0 62.0
356 -1.0 -1.0 14.0 333.0 60.0
357 -1.0 -1.0 17.0 379.0 94.0
358 -1.0 -1.0 9.0 98.0 22.0
359 -1.0 -1.0 16.0 235.0 83.0
360 -1.0 -1.0 15.0 155.0 92.0
361 -1.0 -1.0 16.0 350.0 99.0
362 -1.0 -1.0 5.0 117.0 73.0
363 -1.0 -1.0 14.0 205.0 26.0
364 -1.0 -1.0 7.0 20.0 17.0
365 -1.0 -1.0 14.0 370.0 28.0
366 -1.0 -1.0 13.0 382.0 50.0
367 -1.0 -1.0 12.0 255.0 40.0
368 -1.0 -1.0 8.0 136.0 55.0
369 -1.0 -1.0 16.0 210.0 75.0
370 -1.0 -1.0 4.0 89.0 23.0
371 -1.0 -1.0 12.0 234.0 80.0
372 -1.0 -1.0 10.0 138.0 76.0
373 -1.0 -1.0 11.0 315.0 29.0
374 -1.0 -1.0 15.0 73.0 79.0
375 -1.0 -1.0 5.0 346.0 53.0
376 -1.0 -1.0 9.0 88.0 84.0
377 -1.0 -1.0 18.0 305.0 40.0
378 -1.0 -1.0 14.0 29.0 74.0
379 -1.0 -1.0 11.0 19.0 37.0
380 -1.0 -1.0 19.0 44.0 63.0
381 -1.0 -1.0 16.0 159.0 41.0
382 -1.0 -1.0 13.0 95.0 23.0
383 -1.0 -1.0 18.0 218.0 77.0
384 -1.0 -1.0 10.0 278.0 30.0
385 -1.0 -1.0 9.0 397.0 68.0
386 -1.0 -1.0 8.0 266.0 40.0
387 -1.0 -1.0 7.0 26.0 21.0
388 -1.0 -1.0 11.0 116.0 75.0
389 -1.0 -1.0 17.0 154.0 75.0
390 -1.0 -1.0 17.0 244.0 15.0
391 -1.0 -1.0 4.0 71.0 34.0
392 -1.0 -1.0 19.0 108.0 18.0
393 -1.0 -1.0 20.0 231.0 92.0
394 -1.0 -1.0 7.0 125.0 56.0
395 -1.0 -1.0 14.0 388.0 54.0
396 -1.0 -1.0 15.0 357.0 21.0
397 -1.0 -1.0 5.0 356.0 35.0
398 -1.0 -1.0 10.0 108.0 94.0
399 -1.0 -1.0 10.0 162.0 47.0
400 -1.0 -1.0 11.0 76.0 95.0
401 -1.0 -1.0 17.0 343.0 23.0
402 -1.0 -1.0 16.0 365.0 63.0
403 -1.0 -1.0 9.0 262.0 75.0
404 -1.0 -1.0 9.0 300.0 100.0
405 -1.0 -1.0 12.0 54.0 60.0
406 -1.0 -1.0 14.0 145.0 36.0
407 -1.0 -1.0 5.0 40.0 84.0
408 -1.0 -1.0 15.0 378.0 17.0
409 -1.0 -1.0 14.0 60.0 46.0
410 -1.0 -1.0 19.0 80.0 78.0
411 -1.0 -1.0 8.0 325.0 43.0
412 -1.0 -1.0 12.0 390.0 80.0
413 -1.0 -1.0 4.0 264.0 57.0
414 -1.0 -1.0 6.0 62.0 64.0
415 -1.0 -1.0 13.0 398.0 55.0
416 -1.0 -1.0 4.0 167.0 23.0
417 -1.0 -1.0 16.0 129.0 93.0
418 -1.0 -1.0 17.0 374.0 90.0
419 -1.0 -1.0 16.0 266.0 67.0
420 -1.0 -1.0 15.0 372.0 67.0
421 -1.0 -1.0 7.0 294.0 43.0
422 -1.0 -1.0 10.0 319.0 81.0
423 -1.0 -1.0 9.0 144.0 59.0
424 -1.0 -1.0 12.0 91.0 41.0
425 -1.0 -1.0 19.0 123.0 58.0
426 -1.0 -1.0 15.0 297.0 18.0
427 -1.0 -1.0 12.0 167.0 93.0
428 -1.0 -1.0 13.0 304.0 55.0
429 -1.0 -1.0 12.0 359.0 29.0
430 -1.0 -1.0 17.0 313.0 47.0
431 -1.0 -1.0 20.0 268.0 24.0
432 -1.0 -1.0 12.0 222.0 79.0
433 -1.0 -1.0 15.0 307.0 23.0
434 -1.0 -1.0 10.0 311.0 58.0
435 -1.0 -1.0 16.0 133.0 61.0
436 -1.0 -1.0 15.0 382.0 44.0
437 -1.0 -1.0 20.0 336.0 20.0
438 -1.0 -1.0 8.0 51.0 47.0
439 -1.0 -1.0 20.0 125.0 18.0
440 -1.0 -1.0 13.0 190.0 90.0
441 -1.0 -1.0 10.0 160.0 88.0
442 -1.0 -1.0 11.0 17.0 85.0
443 -1.0 -1.0 13.0 341.0 66.0
444 -1.0 -1.0 9.0 261.0 70.0
445 -1.0 -1.0 10.0 356.0 40.0
446 -1.0 -1.0 19.0 279.0 22.0
447 -1.0 -1.0 6.0 165.0 43.0
448 -1.0 -1.0 18.0 166.0 62.0
449 -1.0 -1.0 13.0 177.0 64.0
450 -1.0 -1.0 6.0 281.0 50.0
451 -1.0 -1.0 4.0 203.0 26.0
452 -1.0 -1.0 15.0 48.0 70.0
453 -1.0 -1.0 11.0 118.0 35.0
454 -1.0 -1.0 19.0 132.0 44.0
455 -1.0 -1.0 17.0 254.0 46.0
456 -1.0 -1.0 11.0 92.0 22.0
457 -1.0 -1.0 19.0 384.0 45.0
458 -1.0 -1.0 10.0 77.0 88.0
459 -1.0 -1.0 14.0 393.0 36.0
460 -1.0 -1.0 14.0 53.0 31.0
461 -1.0 -1.0 9.0 52.0 74.0
462 -1.0 -1.0 19.0 50.0 63.0
463 -1.0 -1.0 9.0 108.0 89.0
464 -1.0 -1.0 8.0 234.0 84.0
465 -1.0 -1.0 18.0 338.0 22.0
466 -1.0 -1.0 8.0 109.0 100.0
467 -1.0 -1.0 19.0 129.0 68.0
468 -1.0 -1.0 19.0 294.0 39.0
469 -1.0 -1.0 18.0 45.0 17.0
470 -1.0 -1.0 7.0 316.0 94.0
471 -1.0 -1.0 16.0 327.0 58.0
472 -1.0 -1.0 7.0 72.0 96.0
473 -1.0 -1.0 9.0 314.0 32.0
474 -1.0 -1.0 20.0 94.0 48.0
475 -1.0 -1.0 17.0 198.0 43.0
476 -1.0 -1.0 4.0 50.0 94.0
477 -1.0 -1.0 10.0 224.0 35.0
478 -1.0 -1.0 15.0 288.0 82.0
479 -1.0 -1.0 20.0 31.0 61.0
480 -1.0 -1.0 19.0 352.0 34.0
481 -1.0 -1.0 11.0 95.0 25.0
482 -1.0 -1.0 12.0 387.0 65.0
483 -1.0 -1.0 14.0 142.0 96.0
484 -1.0 -1.0 17.0 184.0 97.0
485 -1.0 -1.0 14.0 118.0 60.0
486 -1.0 -1.0 20.0 154.0 62.0
487 -1.0 -1.0 9.0 344.0 35.0
488 -1.0 -1.0 15.0 292.0 84.0
489 -1.0 -1.0 14.0 67.0 56.0
490 -1.0 -1.0 7.0 119.0 85.0
491 -1.0 -1.0 8.0 151.0 21.0
492 -1.0 -1.0 9.0 239.0 100.0
493 -1.0 -1.0 18.0 336.0 20.0
494 -1.0 -1.0 20.0 335.0 71.0
495 -1.0 -1.0 10.0 333.0 65.0
496 -1.0 -1.0 8.0 273.0 43.0
497 -1.0 -1.0 13.0 35.0 80.0
498 -1.0 -1.0 19.0 267.0 15.0
499 -1.0 -1.0 6.0 146.0 80.0
500 -1.0 -1.0 11.0 54.0 19.0
501 -1.0 -1.0 20.0 361.0 83.0
502 -1.0 -1.0 9.0 130.0 23.0
503 -1.0 -1.0 16.0 80.0 65.0
504 -1.0 -1.0 17.0 362.0 41.0
505 -1.0 -1.0 15.0 356.0 63.0
506 -1.0 -1.0 8.0 157.0 57.0
507 -1.0 -1.0 17.0 365.0 73.0
508 -1.0 -1.0 16.0 95.0 66.0
509 -1.0 -1.0 14.0 92.0 58.0
510 -1.0 -1.0 7.0 161.0 89.0
511 -1.0 -1.0 8.0 374.0 59.0
512 -1.0 -1.0 5.0 251.0 71.0
513 -1.0 -1.0 12.0 341.0 47.0
514 -1.0 -1.0 9.0 246.0 75.0
515 -1.0 -1.0 10.0 225.0 95.0
516 -1.0 -1.0 20.0 106.0 48.0
517 -1.0 -1.0 20.0 249.0 88.0
518 -1.0 -1.0 11.0 103.0 46.0
519 -1.0 -1.0 11.0 327.0 16.0
520 -1.0 -1.0 20.0 340.0 47.0
521 -1.0 -1.0 14.0 363.0 73.0
522 -1.0 -1.0 11.0 333.0 67.0
523 -1.0 -1.0 9.0 128.0 99.0
524 -1.0 -1.0 11.0 162.0 63.0
525 -1.0 -1.0 18.0 20.0 78.0
526 -1.0 -1.0 17.0 122.0 38.0
527 -1.0 -1.0 5.0 302.0 44.0
528 -1.0 -1.0 15.0 141.0 69.0
529 -1.0 -1.0 9.0 36.0 19.0
530 -1.0 -1.0 14.0 104.0 47.0
531 -1.0 -1.0 6.0 138.0 64.0
532 -1.0 -1.0 17.0 104.0 62.0
533 -1.0 -1.0 8.0 255.0 43.0
534 -1.0 -1.0 12.0 274.0 92.0
535 -1.0 -1.0 4.0 164.0 35.0
536 -1.0 -1.0 9.0 357.0 51.0
537 -1.0 -1.0 17.0 324.0 67.0
538 -1.0 -1.0 18.0 101.0 82.0
539 -1.0 -1.0 5.0 39.0 64.0
540 -1.0 -1.0 8.0 214.0 99.0
541 -1.0 -1.0 9.0 369.0 88.0
542 -1.0 -1.0 5.0 168.0 100.0
543 -1.0 -1.0 7.0 393.0 65.0
544 -1.0 -1.0 4.0 366.0 99.0
545 -1.0 -1.0 10.0 24.0 95.0
546 -1.0 -1.0 5.0 88.0 43.0
547 -1.0 -1.0 7.0 311.0 32.0
548 -1.0 -1.0 18.0 99.0 85.0
549 -1.0 -1.0 4.0 231.0 85.0
550 -1.0 -1.0 11.0 247.0 35.0
551 -1.0 -1.0 4.0 230.0 56.0
552 -1.0 -1.0 19.0 183.0 20.0
553 -1.0 -1.0 14.0 263.0 35.0
554 -1.0 -1.0 15.0 93.0 62.0
555 -1.0 -1.0 14.0 219.0 100.0
556 -1.0 -1.0 10.0 136.0 83.0
557 -1.0 -1.0 8.0 217.0 75.0
558 -1.0 -1.0 15.0 397.0 67.0
559 -1.0 -1.0 6.0 174.0 24.0
560 -1.0 -1.0 14.0 347.0 68.0
561 -1.0 -1.0 14.0 17.0 97.0
562 -1.0 -1.0 9.0 268.0 90.0
563 -1.0 -1.0 9.0 303.0 92.0
564 -1.0 -1.0 20.0 285.0 48.0
565 -1.0 -1.0 12.0 22.0 63.0
566 -1.0 -1.0 7.0 186.0 62.0
567 -1.0 -1.0 11.0 343.0 95.0
568 -1.0 -1.0 13.0 349.0 56.0
569 -1.0 -1.0 10.0 229.0 41.0
570 -1.0 -1.0 17.0 272.0 18.0
571 -1.0 -1.0 18.0 142.0 46.0
572 -1.0 -1.0 10.0 280.0 85.0
573 -1.0 -1.0 19.0 335.0 82.0
574 -1.0 -1.0 12.0 47.0 23.0
575 -1.0 -1.0 15.0 298.0 29.0
576 -1.0 -1.0 17.0 187.0 53.0
577 -1.0 -1.0 20.0 349.0 48.0
578 -1.0 -1.0 20.0 392.0 79.0
579 -1.0 -1.0 11.0 342.0 65.0
580 -1.0 -1.0 12.0 50.0 84.0
581 -1.0 -1.0 5.0 400.0 52.0
582 -1.0 -1.0 9.0 362.0 25.0
583 -1.0 -1.0 14.0 395.0 51.0
584 -1.0 -1.0 10.0 201.0 88.0
585 -1.0 -1.0 8.0 305.0 60.0
586 -1.0 -1.0 10.0 227.0 88.0
587 -1.0 -1.0 8.0 129.0 44.0
588 -1.0 -1.0 4.0 50.0 26.0
589 -1.0 -1.0 7.0 393.0 42.0
590 -1.0 -1.0 9.0 77.0 46.0
591 -1.0 -1.0 8.0 380.0 43.0
592 -1.0 -1.0 12.0 248.0 27.0
593 -1.0 -1.0 16.0 205.0 65.0
594 -1.0 -1.0 9.0 36.0 47.0
595 -1.0 -1.0 5.0 341.0 36.0
596 -1.0 -1.0 11.0 369.0 52.0
597 -1.0 -1.0 8.0 64.0 47.0
598 -1.0 -1.0 6.0 243.0 35.0
599 -1.0 -1.0 19.0 342.0 54.0
780
0 1 5
1 23 6
1 2 8
2 3 11
3 24 11
3 4 12
4 25 10
4 5 8
5 6 9
6 26 8
6 7 8
7 27 10
8 28 9
8 9 6
9 29 10
9 10 9
10 30 7
10 11 8
11 31 8
11 12 10
12 32 5
13 34 6
13 14 7
15 16 10
16 17 8
17 18 11
18 19 10
19 20 12
20 35 11
20 21 12
21 36 10
22 40 8
23 43 11
24 25 9
25 45 11
26 47 8
26 27 12
27 48 8
28 50 8
28 29 7
29 51 7
29 30 7
30 52 12
30 31 7
31 32 5
32 33 10
33 34 5
35 59 7
35 36 6
36 60 10
36 37 6
37 38 6
38 61 7
38 39 5
39 40 6
40 62 7
40 41 7
42 63 6
42 43 7
43 64 12
43 44 7
45 65 11
45 46 10
46 66 10
46 47 9
47 67 11
47 48 9
48 49 11
49 68 7
49 50 7
50 69 5
50 51 6
51 70 10
51 52 9
53 74 9
53 54 9
54 75 8
55 76 11
55 56 11
56 77 9
56 57 10
57 58 9
58 78 10
58 59 7
59 79 6
59 60 11
62 82 9
63 84 6
63 64 10
64 85 12
65 66 7
66 67 9
67 86 5
68 69 9
69 88 10
69 70 12
70 89 7
71 91 5
71 72 12
72 92 8
73 93 10
73 74 9
74 94 12
74 75 10
75 95 11
76 97 10
76 77 5
77 98 11
78 79 9
79 100 8
80 102 11
81 82 9
82 103 6
82 83 11
84 85 11
85 104 6
86 108 11
86 87 6
88 110 8
88 89 10
89 111 6
89 90 11
90 112 11
90 91 6
91 113 11
91 92 9
92 114 11
93 116 12
93 94 11
94 117 5
94 95 9
95 118 10
95 96 10
96 119 6
96 97 9
97 120 9
97 98 12
98 99 12
100 122 7
100 101 8
101 123 10
101 102 10
102 124 10
103 127 8
104 105 11
106 107 12
107 108 8
109 131 6
109 110 5
110 132 12
110 111 6
111 112 11
112 113 5
113 133 8
113 114 10
114 134 10
114 115 9
115 116 9
116 117 8
117 118 10
118 119 12
119 120 8
120 135 5
121 138 8
121 122 10
122 139 6
122 123 5
123 140 7
123 124 9
124 125 11
125 126 7
126 127 12
127 128 7
129 141 11
130 131 5
131 148 11
131 132 10
132 149 10
133 150 5
133 134 6
134 151 9
135 136 11
136 155 9
136 137 9
137 138 10
138 139 5
139 140 11
140 156 6
141 161 5
141 142 10
142 143 8
143 144 6
144 162 7
144 145 11
145 146 6
146 163 10
146 147 10
147 164 5
148 166 8
148 149 12
149 167 12
150 151 12
151 169 11
151 152 7
152 170 12
152 153 11
153 171 6
154 174 7
156 179 5
156 157 6
157 158 5
158 159 5
159 180 7
160 182 11
161 183 10
162 184 5
163 164 9
164 185 5
164 165 7
165 166 11
166 186 9
166 167 10
167 187 5
168 189 8
169 191 11
169 170 12
170 192 11
170 171 11
171 172 12
172 193 7
172 173 12
173 194 6
173 174 12
174 195 10
174 175 5
176 197 8
176 177 6
177 198 6
177 178 8
178 199 7
178 179 7
179 200 10
180 181 8
181 203 5
181 182 5
182 204 5
183 205 5
184 207 8
186 187 10
187 208 11
187 188 11
188 209 12
188 189 9
189 210 10
189 190 7
190 191 7
191 211 7
191 192 7
193 194 5
194 195 6
196 197 10
197 213 5
197 198 10
198 214 11
198 199 10
199 200 12
200 215 9
200 201 11
201 202 9
203 204 6
205 216 10
205 206 8
206 217 7
208 222 12
208 209 11
209 223 11
209 210 7
211 224 6
212 229 12
213 231 5
213 214 10
215 232 7
216 237 11
216 217 7
217 218 12
218 238 7
219 240 12
219 220 7
220 241 5
220 221 8
222 243 11
222 223 9
223 244 5
224 225 8
225 247 7
225 226 10
226 248 9
227 249 9
227 228 8
228 250 7
228 229 6
229 230 9
230 231 10
232 252 9
233 253 10
233 234 12
234 254 6
234 235 12
235 236 12
236 255 8
238 257 6
239 240 9
240 241 7
241 259 5
242 260 12
242 243 7
243 261 10
243 244 6
244 245 9
245 262 11
245 246 10
247 248 12
248 264 9
249 250 12
251 267 7
251 252 11
253 269 7
253 254 11
254 270 12
255 272 12
256 273 12
256 257 9
257 274 12
257 258 8
258 275 9
259 277 5
260 261 10
261 279 9
263 281 9
264 282 6
265 285 11
265 266 10
266 286 11
268 288 8
268 269 7
269 270 11
270 289 10
270 271 7
271 290 12
271 272 10
273 292 7
273 274 7
274 293 11
274 275 10
275 294 5
275 276 8
276 295 10
277 278 6
278 297 5
279 299 8
279 280 8
280 300 8
281 302 6
282 304 5
282 283 12
284 306 10
285 286 5
286 307 12
287 288 5
288 310 7
289 311 10
289 290 11
291 312 10
291 292 10
292 313 10
292 293 5
293 314 5
293 294 12
294 315 7
294 295 9
295 296 6
297 298 5
298 299 12
299 300 12
300 317 11
300 301 8
302 318 12
302 303 8
303 319 5
303 304 11
304 320 12
305 306 5
306 321 12
307 323 10
307 308 6
308 309 10
309 324 12
310 325 8
311 327 10
312 329 11
312 313 12
313 330 8
313 314 7
314 331 8
314 315 5
315 332 8
316 333 9
317 336 11
318 338 6
318 319 12
319 339 9
319 320 7
321 341 11
322 343 5
322 323 9
323 344 10
325 346 9
325 326 8
326 327 9
327 347 6
327 328 12
328 348 10
329 350 10
329 330 5
330 331 10
331 332 9
332 351 8
333 354 10
333 334 12
334 355 12
334 335 7
336 356 6
336 337 9
337 357 6
338 358 6
338 339 10
339 359 5
340 361 12
340 341 6
341 362 6
341 342 9
342 343 5
343 344 10
344 363 5
344 345 6
346 365 9
347 367 5
347 348 11
348 368 7
348 349 12
349 369 12
350 370 11
351 371 7
351 352 8
352 353 10
353 372 5
353 354 10
354 373 6
354 355 5
355 374 5
356 376 12
356 357 10
358 377 6
358 359 11
360 379 11
360 361 11
361 380 12
361 362 5
362 381 8
363 383 9
364 386 12
364 365 10
365 387 6
365 366 11
366 388 7
366 367 8
367 389 11
367 368 9
368 390 7
368 369 12
369 391 8
371 394 8
372 396 10
372 373 11
373 374 6
375 398 9
375 376 12
377 401 11
378 379 6
379 380 6
380 403 9
380 381 12
381 404 10
381 382 9
383 406 12
383 384 7
384 385 8
385 407 7
385 386 8
386 408 7
386 387 12
387 409 11
387 388 11
388 410 8
388 389 12
389 411 7
389 390 9
390 412 10
390 391 12
391 413 7
392 393 7
393 415 9
393 394 11
394 395 6
395 416 7
395 396 11
397 398 10
398 419 5
399 420 12
399 400 5
400 421 12
400 401 10
401 422 6
401 402 12
403 404 7
404 424 5
405 426 6
405 406 12
406 427 8
407 408 12
408 409 12
409 410 8
410 429 8
410 411 5
411 430 7
411 412 5
412 431 7
412 413 11
413 432 7
414 433 6
415 434 11
416 435 5
417 418 6
418 436 11
419 438 10
420 440 6
420 421 12
421 422 10
422 441 7
423 444 9
424 445 12
424 425 9
425 426 8
426 446 6
426 427 11
427 428 6
428 447 11
429 430 11
430 449 10
430 431 5
431 450 12
431 432 7
432 451 10
433 452 7
434 454 10
435 456 8
436 458 7
436 437 5
437 459 12
437 438 11
438 460 9
438 439 10
439 461 11
439 440 9
441 462 7
441 442 7
442 463 8
442 443 11
443 444 7
444 464 10
445 465 6
446 466 12
447 468 11
447 448 11
449 470 6
449 450 12
450 471 8
450 451 6
452 472 11
452 453 12
453 454 6
454 455 12
455 473 5
455 456 8
456 474 12
456 457 10
457 475 5
458 477 8
458 459 5
459 478 5
459 460 7
460 479 11
460 461 7
461 480 10
462 482 11
462 463 12
464 484 9
465 486 12
466 467 5
467 468 9
468 488 8
469 490 5
470 471 12
472 492 7
473 474 9
474 494 8
474 475 5
475 495 11
475 476 9
476 477 12
477 478 12
478 496 8
478 479 8
479 480 11
480 497 11
481 498 7
481 482 10
482 499 8
483 501 9
483 484 7
484 502 9
484 485 7
485 503 7
485 486 12
486 504 10
486 487 11
487 505 12
488 489 11
489 490 10
490 508 5
490 491 5
492 511 8
493 513 12
494 515 8
494 495 6
495 516 5
496 517 5
498 520 8
498 499 7
499 521 11
499 500 7
500 501 7
501 502 12
502 522 6
502 503 10
503 523 9
503 504 6
504 524 5
504 505 5
505 525 8
505 506 9
506 526 10
506 507 10
508 529 7
509 532 7
510 533 10
511 534 12
511 512 6
512 535 8
512 513 9
513 514 11
514 536 10
514 515 7
515 516 6
516 537 10
517 539 9
517 518 11
518 540 10
519 542 12
519 520 8
520 521 12
521 543 7
522 523 12
523 546 12
523 524 9
524 525 7
525 547 7
525 526 10
526 548 12
527 549 10
527 528 7
528 550 9
528 529 5
529 551 8
529 530 5
530 531 12
531 552 5
531 532 7
532 553 11
533 555 5
534 535 8
535 556 7
536 558 10
537 560 6
537 538 6
538 561 10
539 563 6
539 540 10
540 541 7
541 564 7
541 542 8
542 565 12
543 567 10
543 544 11
544 568 5
544 545 6
545 569 9
546 570 9
547 572 7
547 548 7
548 573 11
549 550 12
550 574 10
550 551 11
551 575 9
552 577 8
552 553 10
553 578 6
553 554 12
554 579 5
554 555 7
555 580 12
556 582 12
556 557 8
557 558 9
558 583 5
558 559 7
559 560 9
560 561 11
561 562 8
562 563 8
564 584 6
564 565 5
565 585 7
565 566 9
566 567 7
567 586 10
567 568 10
568 569 10
569 587 8
570 589 11
570 571 12
571 590 11
571 572 10
572 591 7
572 573 12
573 592 7
574 595 7
574 575 5
575 596 8
575 576 6
576 577 9
577 597 6
577 578 10
578 598 9
578 579 10
579 580 12
580 599 8
581 582 10
584 585 9
587 588 8
588 589 6
589 590 10
590 591 7
591 592 9
592 593 11
593 594 10
594 595 5
595 596 9
597 598 12
10 0.05 0.05 0.05
