726
0 -1.0 -1.0 6.0 69.0 89.0
1 -1.0 -1.0 13.0 31.0 18.0
2 -1.0 -1.0 19.0 166.0 56.0
3 -1.0 -1.0 10.0 276.0 36.0
4 -1.0 -1.0 14.0 295.0 47.0
5 -1.0 -1.0 6.0 248.0 74.0
6 -1.0 -1.0 18.0 236.0 36.0
7 -1.0 -1.0 4.0 393.0 63.0
8 -1.0 -1.0 12.0 257.0 27.0
9 -1.0 -1.0 15.0 173.0 23.0
10 -1.0 -1.0 10.0 268.0 90.0
11 -1.0 -1.0 11.0 179.0 39.0
12 -1.0 -1.0 13.0 359.0 81.0
13 -1.0 -1.0 11.0 380.0 85.0
14 -1.0 -1.0 5.0 238.0 32.0
15 -1.0 -1.0 19.0 375.0 61.0
16 -1.0 -1.0 11.0 147.0 25.0
17 -1.0 -1.0 5.0 339.0 72.0
18 -1.0 -1.0 8.0 56.0 88.0
19 -1.0 -1.0 9.0 361.0 49.0
20 -1.0 -1.0 10.0 235.0 94.0
21 -1.0 -1.0 13.0 175.0 20.0
22 -1.0 -1.0 14.0 264.0 96.0
23 -1.0 -1.0 13.0 345.0 79.0
24 -1.0 -1.0 17.0 136.0 63.0
25 -1.0 -1.0 17.0 300.0 100.0
26 -1.0 -1.0 12.0 335.0 34.0
27 -1.0 -1.0 6.0 205.0 46.0
28 -1.0 -1.0 16.0 240.0 91.0
29 -1.0 -1.0 15.0 214.0 65.0
30 -1.0 -1.0 18.0 195.0 92.0
31 -1.0 -1.0 16.0 210.0 85.0
32 -1.0 -1.0 13.0 296.0 86.0
33 -1.0 -1.0 11.0 200.0 27.0
34 -1.0 -1.0 15.0 97.0 50.0
35 -1.0 -1.0 10.0 97.0 95.0
36 -1.0 -1.0 12.0 124.0 32.0
37 -1.0 -1.0 12.0 197.0 59.0
38 -1.0 -1.0 15.0 51.0 100.0
39 -1.0 -1.0 6.0 290.0 29.0
40 -1.0 -1.0 7.0 159.0 21.0
41 -1.0 -1.0 9.0 103.0 58.0
42 -1.0 -1.0 4.0 95.0 85.0
43 -1.0 -1.0 5.0 244.0 77.0
44 -1.0 -1.0 4.0 320.0 28.0
45 -1.0 -1.0 11.0 294.0 35.0
46 -1.0 -1.0 10.0 328.0 36.0
47 -1.0 -1.0 9.0 32.0 83.0
48 -1.0 -1.0 13.0 32.0 39.0
49 -1.0 -1.0 4.0 200.0 90.0
50 -1.0 -1.0 19.0 312.0 31.0
51 -1.0 -1.0 17.0 266.0 83.0
52 -1.0 -1.0 13.0 271.0 81.0
53 -1.0 -1.0 4.0 319.0 80.0
54 -1.0 -1.0 13.0 264.0 16.0
55 -1.0 -1.0 6.0 330.0 52.0
56 -1.0 -1.0 11.0 187.0 55.0
57 -1.0 -1.0 20.0 164.0 72.0
58 -1.0 -1.0 19.0 86.0 83.0
59 -1.0 -1.0 6.0 255.0 41.0
60 -1.0 -1.0 15.0 117.0 91.0
61 -1.0 -1.0 16.0 15.0 17.0
62 -1.0 -1.0 9.0 253.0 96.0
63 -1.0 -1.0 7.0 135.0 48.0
64 -1.0 -1.0 16.0 196.0 95.0
65 -1.0 -1.0 15.0 64.0 66.0
66 -1.0 -1.0 11.0 205.0 57.0
67 -1.0 -1.0 7.0 226.0 32.0
68 -1.0 -1.0 17.0 127.0 49.0
69 -1.0 -1.0 18.0 188.0 25.0
70 -1.0 -1.0 12.0 293.0 17.0
71 -1.0 -1.0 10.0 94.0 50.0
72 -1.0 -1.0 8.0 196.0 61.0
73 -1.0 -1.0 7.0 318.0 16.0
74 -1.0 -1.0 10.0 315.0 90.0
75 -1.0 -1.0 14.0 251.0 45.0
76 -1.0 -1.0 7.0 333.0 77.0
77 -1.0 -1.0 10.0 388.0 79.0
78 -1.0 -1.0 5.0 129.0 99.0
79 -1.0 -1.0 4.0 155.0 22.0
80 -1.0 -1.0 5.0 259.0 39.0
81 -1.0 -1.0 15.0 46.0 59.0
82 -1.0 -1.0 17.0 32.0 86.0
83 -1.0 -1.0 19.0 189.0 93.0
84 -1.0 -1.0 9.0 243.0 71.0
85 -1.0 -1.0 17.0 51.0 40.0
86 -1.0 -1.0 4.0 42.0 53.0
87 -1.0 -1.0 18.0 113.0 74.0
88 -1.0 -1.0 8.0 212.0 67.0
89 -1.0 -1.0 6.0 151.0 22.0
90 -1.0 -1.0 15.0 392.0 83.0
91 -1.0 -1.0 20.0 397.0 63.0
92 -1.0 -1.0 19.0 45.0 52.0
93 -1.0 -1.0 9.0 21.0 20.0
94 -1.0 -1.0 7.0 298.0 86.0
95 -1.0 -1.0 10.0 158.0 16.0
96 -1.0 -1.0 17.0 255.0 73.0
97 -1.0 -1.0 17.0 181.0 30.0
98 -1.0 -1.0 16.0 168.0 81.0
99 -1.0 -1.0 9.0 226.0 62.0
100 -1.0 -1.0 8.0 306.0 49.0
101 -1.0 -1.0 4.0 239.0 50.0
102 -1.0 -1.0 11.0 32.0 37.0
103 -1.0 -1.0 17.0 348.0 74.0
104 -1.0 -1.0 14.0 111.0 67.0
105 -1.0 -1.0 16.0 168.0 98.0
106 -1.0 -1.0 4.0 92.0 59.0
107 -1.0 -1.0 18.0 370.0 26.0
108 -1.0 -1.0 20.0 394.0 42.0
109 -1.0 -1.0 5.0 132.0 75.0
110 -1.0 -1.0 5.0 375.0 46.0
111 -1.0 -1.0 9.0 281.0 22.0
112 -1.0 -1.0 13.0 28.0 40.0
113 -1.0 -1.0 20.0 176.0 42.0
114 -1.0 -1.0 20.0 135.0 64.0
115 -1.0 -1.0 6.0 152.0 43.0
116 -1.0 -1.0 13.0 161.0 66.0
117 -1.0 -1.0 13.0 132.0 43.0
118 -1.0 -1.0 14.0 178.0 82.0
119 -1.0 -1.0 15.0 389.0 94.0
120 -1.0 -1.0 17.0 395.0 19.0
121 -1.0 -1.0 5.0 174.0 66.0
122 -1.0 -1.0 13.0 116.0 45.0
123 -1.0 -1.0 5.0 92.0 46.0
124 -1.0 -1.0 15.0 291.0 33.0
125 -1.0 -1.0 18.0 64.0 45.0
126 -1.0 -1.0 19.0 118.0 79.0
127 -1.0 -1.0 11.0 185.0 54.0
128 -1.0 -1.0 18.0 31.0 88.0
129 -1.0 -1.0 16.0 380.0 43.0
130 -1.0 -1.0 9.0 324.0 64.0
131 -1.0 -1.0 16.0 186.0 83.0
132 -1.0 -1.0 19.0 142.0 45.0
133 -1.0 -1.0 12.0 181.0 45.0
134 -1.0 -1.0 20.0 116.0 33.0
135 -1.0 -1.0 5.0 300.0 84.0
136 -1.0 -1.0 10.0 386.0 21.0
137 -1.0 -1.0 10.0 165.0 80.0
138 -1.0 -1.0 15.0 345.0 91.0
139 -1.0 -1.0 7.0 261.0 21.0
140 -1.0 -1.0 8.0 204.0 81.0
141 -1.0 -1.0 16.0 20.0 18.0
142 -1.0 -1.0 4.0 126.0 48.0
143 -1.0 -1.0 15.0 374.0 65.0
144 -1.0 -1.0 8.0 316.0 66.0
145 -1.0 -1.0 18.0 344.0 46.0
146 -1.0 -1.0 13.0 398.0 93.0
147 -1.0 -1.0 4.0 45.0 80.0
148 -1.0 -1.0 9.0 201.0 44.0
149 -1.0 -1.0 16.0 315.0 22.0
150 -1.0 -1.0 20.0 256.0 79.0
151 -1.0 -1.0 12.0 327.0 23.0
152 -1.0 -1.0 11.0 304.0 100.0
153 -1.0 -1.0 16.0 17.0 26.0
154 -1.0 -1.0 18.0 50.0 60.0
155 -1.0 -1.0 5.0 204.0 90.0
156 -1.0 -1.0 15.0 201.0 83.0
157 -1.0 -1.0 17.0 140.0 59.0
158 -1.0 -1.0 6.0 187.0 15.0
159 -1.0 -1.0 15.0 120.0 31.0
160 -1.0 -1.0 11.0 368.0 77.0
161 -1.0 -1.0 19.0 347.0 62.0
162 -1.0 -1.0 10.0 248.0 34.0
163 -1.0 -1.0 17.0 329.0 48.0
164 -1.0 -1.0 19.0 18.0 83.0
165 -1.0 -1.0 20.0 293.0 48.0
166 -1.0 -1.0 13.0 103.0 42.0
167 -1.0 -1.0 20.0 283.0 98.0
168 -1.0 -1.0 20.0 70.0 72.0
169 -1.0 -1.0 10.0 318.0 57.0
170 -1.0 -1.0 6.0 222.0 93.0
171 -1.0 -1.0 11.0 287.0 63.0
172 -1.0 -1.0 6.0 215.0 61.0
173 -1.0 -1.0 9.0 39.0 40.0
174 -1.0 -1.0 14.0 247.0 40.0
175 -1.0 -1.0 7.0 391.0 45.0
176 -1.0 -1.0 17.0 59.0 44.0
177 -1.0 -1.0 12.0 361.0 41.0
178 -1.0 -1.0 5.0 161.0 61.0
179 -1.0 -1.0 18.0 27.0 39.0
180 -1.0 -1.0 16.0 249.0 42.0
181 -1.0 -1.0 10.0 187.0 19.0
182 -1.0 -1.0 17.0 354.0 93.0
183 -1.0 -1.0 9.0 393.0 70.0
184 -1.0 -1.0 18.0 136.0 82.0
185 -1.0 -1.0 20.0 238.0 74.0
186 -1.0 -1.0 5.0 139.0 95.0
187 -1.0 -1.0 20.0 323.0 80.0
188 -1.0 -1.0 7.0 70.0 44.0
189 -1.0 -1.0 16.0 325.0 26.0
190 -1.0 -1.0 12.0 67.0 62.0
191 -1.0 -1.0 14.0 319.0 47.0
192 -1.0 -1.0 19.0 300.0 63.0
193 -1.0 -1.0 15.0 294.0 64.0
194 -1.0 -1.0 16.0 205.0 73.0
195 -1.0 -1.0 13.0 136.0 74.0
196 -1.0 -1.0 15.0 194.0 83.0
197 -1.0 -1.0 10.0 266.0 87.0
198 -1.0 -1.0 19.0 150.0 32.0
199 -1.0 -1.0 7.0 173.0 77.0
200 -1.0 -1.0 5.0 173.0 70.0
201 -1.0 -1.0 20.0 191.0 99.0
202 -1.0 -1.0 17.0 253.0 43.0
203 -1.0 -1.0 9.0 32.0 52.0
204 -1.0 -1.0 4.0 240.0 65.0
205 -1.0 -1.0 12.0 218.0 86.0
206 -1.0 -1.0 4.0 259.0 48.0
207 -1.0 -1.0 7.0 195.0 54.0
208 -1.0 -1.0 14.0 212.0 56.0
209 -1.0 -1.0 5.0 60.0 35.0
210 -1.0 -1.0 16.0 310.0 66.0
211 -1.0 -1.0 8.0 340.0 49.0
212 -1.0 -1.0 7.0 304.0 38.0
213 -1.0 -1.0 14.0 400.0 53.0
214 -1.0 -1.0 18.0 236.0 59.0
215 -1.0 -1.0 15.0 327.0 85.0
216 -1.0 -1.0 14.0 69.0 60.0
217 -1.0 -1.0 12.0 170.0 15.0
218 -1.0 -1.0 16.0 125.0 94.0
219 -1.0 -1.0 11.0 130.0 21.0
220 -1.0 -1.0 15.0 132.0 29.0
221 -1.0 -1.0 7.0 257.0 64.0
222 -1.0 -1.0 17.0 47.0 16.0
223 -1.0 -1.0 18.0 88.0 16.0
224 -1.0 -1.0 6.0 256.0 77.0
225 -1.0 -1.0 8.0 228.0 83.0
226 -1.0 -1.0 9.0 290.0 51.0
227 -1.0 -1.0 12.0 220.0 63.0
228 -1.0 -1.0 14.0 330.0 84.0
229 -1.0 -1.0 6.0 113.0 46.0
230 -1.0 -1.0 20.0 399.0 22.0
231 -1.0 -1.0 13.0 398.0 40.0
232 -1.0 -1.0 18.0 250.0 56.0
233 -1.0 -1.0 19.0 152.0 40.0
234 -1.0 -1.0 6.0 290.0 60.0
235 -1.0 -1.0 10.0 231.0 95.0
236 -1.0 -1.0 19.0 81.0 82.0
237 -1.0 -1.0 11.0 174.0 15.0
238 -1.0 -1.0 16.0 264.0 32.0
239 -1.0 -1.0 18.0 115.0 24.0
240 -1.0 -1.0 13.0 272.0 28.0
241 -1.0 -1.0 10.0 98.0 82.0
242 -1.0 -1.0 9.0 173.0 99.0
243 -1.0 -1.0 17.0 361.0 80.0
244 -1.0 -1.0 4.0 120.0 98.0
245 -1.0 -1.0 11.0 329.0 46.0
246 -1.0 -1.0 5.0 36.0 21.0
247 -1.0 -1.0 20.0 177.0 30.0
248 -1.0 -1.0 4.0 205.0 29.0
249 -1.0 -1.0 18.0 327.0 45.0
250 -1.0 -1.0 16.0 277.0 18.0
251 -1.0 -1.0 7.0 314.0 43.0
252 -1.0 -1.0 17.0 118.0 57.0
253 -1.0 -1.0 14.0 211.0 27.0
254 -1.0 -1.0 11.0 116.0 95.0
255 -1.0 -1.0 16.0 230.0 15.0
256 -1.0 -1.0 18.0 194.0 50.0
257 -1.0 -1.0 12.0 340.0 38.0
258 -1.0 -1.0 5.0 140.0 67.0
259 -1.0 -1.0 15.0 329.0 23.0
260 -1.0 -1.0 17.0 35.0 30.0
261 -1.0 -1.0 8.0 313.0 30.0
262 -1.0 -1.0 10.0 83.0 62.0
263 -1.0 -1.0 11.0 265.0 90.0
264 -1.0 -1.0 5.0 124.0 93.0
265 -1.0 -1.0 14.0 362.0 81.0
266 -1.0 -1.0 18.0 192.0 47.0
267 -1.0 -1.0 4.0 305.0 45.0
268 -1.0 -1.0 10.0 228.0 31.0
269 -1.0 -1.0 18.0 73.0 22.0
270 -1.0 -1.0 14.0 82.0 96.0
271 -1.0 -1.0 10.0 231.0 42.0
272 -1.0 -1.0 16.0 133.0 44.0
273 -1.0 -1.0 18.0 17.0 88.0
274 -1.0 -1.0 13.0 227.0 44.0
275 -1.0 -1.0 11.0 164.0 71.0
276 -1.0 -1.0 12.0 96.0 51.0
277 -1.0 -1.0 14.0 226.0 41.0
278 -1.0 -1.0 9.0 143.0 17.0
279 -1.0 -1.0 7.0 382.0 95.0
280 -1.0 -1.0 4.0 95.0 82.0
281 -1.0 -1.0 14.0 161.0 96.0
282 -1.0 -1.0 4.0 288.0 56.0
283 -1.0 -1.0 7.0 165.0 17.0
284 -1.0 -1.0 20.0 386.0 39.0
285 -1.0 -1.0 9.0 219.0 38.0
286 -1.0 -1.0 19.0 136.0 71.0
287 -1.0 -1.0 5.0 21.0 25.0
288 -1.0 -1.0 20.0 214.0 42.0
289 -1.0 -1.0 6.0 165.0 18.0
290 -1.0 -1.0 20.0 296.0 36.0
291 -1.0 -1.0 19.0 193.0 75.0
292 -1.0 -1.0 15.0 17.0 60.0
293 -1.0 -1.0 14.0 20.0 67.0
294 -1.0 -1.0 20.0 26.0 85.0
295 -1.0 -1.0 7.0 146.0 92.0
296 -1.0 -1.0 17.0 26.0 57.0
297 -1.0 -1.0 18.0 367.0 93.0
298 -1.0 -1.0 20.0 276.0 18.0
299 -1.0 -1.0 17.0 248.0 57.0
300 -1.0 -1.0 11.0 43.0 50.0
301 -1.0 -1.0 14.0 268.0 84.0
302 -1.0 -1.0 10.0 36.0 56.0
303 -1.0 -1.0 14.0 202.0 36.0
304 -1.0 -1.0 11.0 158.0 96.0
305 -1.0 -1.0 5.0 294.0 30.0
306 -1.0 -1.0 19.0 59.0 32.0
307 -1.0 -1.0 16.0 251.0 83.0
308 -1.0 -1.0 20.0 139.0 16.0
309 -1.0 -1.0 14.0 237.0 72.0
310 -1.0 -1.0 16.0 269.0 61.0
311 -1.0 -1.0 11.0 56.0 24.0
312 -1.0 -1.0 12.0 381.0 84.0
313 -1.0 -1.0 17.0 82.0 56.0
314 -1.0 -1.0 6.0 97.0 43.0
315 -1.0 -1.0 10.0 19.0 83.0
316 -1.0 -1.0 19.0 114.0 24.0
317 -1.0 -1.0 15.0 361.0 73.0
318 -1.0 -1.0 17.0 56.0 98.0
319 -1.0 -1.0 16.0 287.0 65.0
320 -1.0 -1.0 12.0 57.0 36.0
321 -1.0 -1.0 16.0 70.0 38.0
322 -1.0 -1.0 16.0 139.0 47.0
323 -1.0 -1.0 12.0 47.0 76.0
324 -1.0 -1.0 5.0 325.0 76.0
325 -1.0 -1.0 13.0 219.0 41.0
326 -1.0 -1.0 19.0 299.0 99.0
327 -1.0 -1.0 13.0 116.0 37.0
328 -1.0 -1.0 15.0 99.0 57.0
329 -1.0 -1.0 19.0 84.0 52.0
330 -1.0 -1.0 13.0 362.0 85.0
331 -1.0 -1.0 6.0 150.0 27.0
332 -1.0 -1.0 11.0 324.0 17.0
333 -1.0 -1.0 12.0 151.0 76.0
334 -1.0 -1.0 18.0 314.0 20.0
335 -1.0 -1.0 5.0 133.0 44.0
336 -1.0 -1.0 7.0 56.0 20.0
337 -1.0 -1.0 9.0 247.0 57.0
338 -1.0 -1.0 9.0 57.0 21.0
339 -1.0 -1.0 16.0 75.0 57.0
340 -1.0 -1.0 8.0 132.0 57.0
341 -1.0 -1.0 15.0 330.0 75.0
342 -1.0 -1.0 12.0 116.0 27.0
343 -1.0 -1.0 19.0 364.0 22.0
344 -1.0 -1.0 16.0 155.0 62.0
345 -1.0 -1.0 4.0 199.0 93.0
346 -1.0 -1.0 11.0 111.0 82.0
347 -1.0 -1.0 18.0 288.0 37.0
348 -1.0 -1.0 18.0 240.0 78.0
349 -1.0 -1.0 13.0 29.0 86.0
350 -1.0 -1.0 5.0 204.0 20.0
351 -1.0 -1.0 14.0 97.0 40.0
352 -1.0 -1.0 18.0 70.0 39.0
353 -1.0 -1.0 5.0 389.0 84.0
354 -1.0 -1.0 10.0 252.0 57.0
355 -1.0 -1.0 8.0 116.0 80.0
356 -1.0 -1.0 8.0 79.0 37.0
357 -1.0 -1.0 4.0 165.0 96.0
358 -1.0 -1.0 18.0 16.0 91.0
359 -1.0 -1.0 8.0 63.0 60.0
360 -1.0 -1.0 16.0 144.0 25.0
361 -1.0 -1.0 9.0 335.0 42.0
362 -1.0 -1.0 6.0 188.0 16.0
363 -1.0 -1.0 6.0 284.0 67.0
364 -1.0 -1.0 4.0 224.0 37.0
365 -1.0 -1.0 9.0 321.0 94.0
366 -1.0 -1.0 13.0 241.0 39.0
367 -1.0 -1.0 19.0 367.0 27.0
368 -1.0 -1.0 12.0 84.0 42.0
369 -1.0 -1.0 12.0 17.0 88.0
370 -1.0 -1.0 7.0 336.0 56.0
371 -1.0 -1.0 8.0 170.0 85.0
372 -1.0 -1.0 19.0 319.0 41.0
373 -1.0 -1.0 11.0 345.0 87.0
374 -1.0 -1.0 8.0 352.0 39.0
375 -1.0 -1.0 12.0 32.0 53.0
376 -1.0 -1.0 12.0 392.0 55.0
377 -1.0 -1.0 15.0 232.0 97.0
378 -1.0 -1.0 15.0 254.0 88.0
379 -1.0 -1.0 8.0 123.0 68.0
380 -1.0 -1.0 14.0 147.0 43.0
381 -1.0 -1.0 5.0 125.0 89.0
382 -1.0 -1.0 5.0 350.0 62.0
383 -1.0 -1.0 11.0 236.0 76.0
384 -1.0 -1.0 13.0 177.0 51.0
385 -1.0 -1.0 20.0 336.0 50.0
386 -1.0 -1.0 5.0 175.0 20.0
387 -1.0 -1.0 19.0 151.0 64.0
388 -1.0 -1.0 4.0 107.0 29.0
389 -1.0 -1.0 11.0 174.0 22.0
390 -1.0 -1.0 7.0 115.0 88.0
391 -1.0 -1.0 9.0 270.0 54.0
392 -1.0 -1.0 12.0 60.0 97.0
393 -1.0 -1.0 17.0 286.0 96.0
394 -1.0 -1.0 16.0 202.0 50.0
395 -1.0 -1.0 17.0 225.0 60.0
396 -1.0 -1.0 17.0 15.0 78.0
397 -1.0 -1.0 12.0 355.0 59.0
398 -1.0 -1.0 11.0 271.0 65.0
399 -1.0 -1.0 16.0 331.0 94.0
400 -1.0 -1.0 9.0 348.0 60.0
401 -1.0 -1.0 17.0 183.0 83.0
402 -1.0 -1.0 10.0 144.0 89.0
403 -1.0 -1.0 20.0 112.0 20.0
404 -1.0 -1.0 14.0 312.0 59.0
405 -1.0 -1.0 14.0 325.0 57.0
406 -1.0 -1.0 7.0 219.0 82.0
407 -1.0 -1.0 18.0 53.0 48.0
408 -1.0 -1.0 8.0 152.0 91.0
409 -1.0 -1.0 6.0 51.0 71.0
410 -1.0 -1.0 12.0 203.0 43.0
411 -1.0 -1.0 17.0 176.0 100.0
412 -1.0 -1.0 11.0 42.0 35.0
413 -1.0 -1.0 6.0 48.0 95.0
414 -1.0 -1.0 16.0 250.0 92.0
415 -1.0 -1.0 13.0 374.0 65.0
416 -1.0 -1.0 9.0 345.0 81.0
417 -1.0 -1.0 11.0 87.0 92.0
418 -1.0 -1.0 6.0 245.0 92.0
419 -1.0 -1.0 16.0 271.0 88.0
420 -1.0 -1.0 9.0 384.0 89.0
421 -1.0 -1.0 7.0 219.0 91.0
422 -1.0 -1.0 5.0 278.0 22.0
423 -1.0 -1.0 17.0 159.0 69.0
424 -1.0 -1.0 7.0 52.0 46.0
425 -1.0 -1.0 18.0 349.0 89.0
426 -1.0 -1.0 10.0 160.0 62.0
427 -1.0 -1.0 6.0 361.0 81.0
428 -1.0 -1.0 5.0 349.0 28.0
429 -1.0 -1.0 4.0 363.0 23.0
430 -1.0 -1.0 5.0 15.0 41.0
431 -1.0 -1.0 17.0 214.0 56.0
432 -1.0 -1.0 8.0 380.0 45.0
433 -1.0 -1.0 12.0 338.0 65.0
434 -1.0 -1.0 10.0 251.0 55.0
435 -1.0 -1.0 19.0 156.0 85.0
436 -1.0 -1.0 9.0 304.0 70.0
437 -1.0 -1.0 14.0 330.0 100.0
438 -1.0 -1.0 15.0 204.0 61.0
439 -1.0 -1.0 12.0 108.0 99.0
440 -1.0 -1.0 16.0 121.0 46.0
441 -1.0 -1.0 18.0 382.0 31.0
442 -1.0 -1.0 13.0 95.0 71.0
443 -1.0 -1.0 17.0 220.0 54.0
444 -1.0 -1.0 11.0 285.0 85.0
445 -1.0 -1.0 17.0 124.0 51.0
446 -1.0 -1.0 15.0 393.0 76.0
447 -1.0 -1.0 11.0 19.0 73.0
448 -1.0 -1.0 8.0 169.0 77.0
449 -1.0 -1.0 14.0 320.0 82.0
450 -1.0 -1.0 10.0 216.0 33.0
451 -1.0 -1.0 15.0 321.0 71.0
452 -1.0 -1.0 17.0 253.0 27.0
453 -1.0 -1.0 17.0 78.0 95.0
454 -1.0 -1.0 17.0 206.0 100.0
455 -1.0 -1.0 16.0 205.0 84.0
456 -1.0 -1.0 14.0 257.0 71.0
457 -1.0 -1.0 5.0 195.0 69.0
458 -1.0 -1.0 5.0 285.0 49.0
459 -1.0 -1.0 5.0 381.0 55.0
460 -1.0 -1.0 13.0 124.0 34.0
461 -1.0 -1.0 11.0 336.0 16.0
462 -1.0 -1.0 4.0 130.0 100.0
463 -1.0 -1.0 14.0 97.0 86.0
464 -1.0 -1.0 16.0 45.0 26.0
465 -1.0 -1.0 16.0 284.0 33.0
466 -1.0 -1.0 11.0 345.0 25.0
467 -1.0 -1.0 9.0 301.0 16.0
468 -1.0 -1.0 10.0 123.0 34.0
469 -1.0 -1.0 9.0 215.0 80.0
470 -1.0 -1.0 9.0 247.0 64.0
471 -1.0 -1.0 14.0 142.0 37.0
472 -1.0 -1.0 5.0 290.0 51.0
473 -1.0 -1.0 15.0 203.0 65.0
474 -1.0 -1.0 7.0 131.0 96.0
475 -1.0 -1.0 5.0 357.0 89.0
476 -1.0 -1.0 15.0 116.0 95.0
477 -1.0 -1.0 6.0 33.0 89.0
478 -1.0 -1.0 10.0 60.0 60.0
479 -1.0 -1.0 14.0 145.0 91.0
480 -1.0 -1.0 17.0 278.0 90.0
481 -1.0 -1.0 6.0 124.0 82.0
482 -1.0 -1.0 14.0 162.0 65.0
483 -1.0 -1.0 14.0 296.0 98.0
484 -1.0 -1.0 11.0 273.0 82.0
485 -1.0 -1.0 10.0 35.0 90.0
486 -1.0 -1.0 5.0 333.0 47.0
487 -1.0 -1.0 19.0 333.0 55.0
488 -1.0 -1.0 13.0 315.0 82.0
489 -1.0 -1.0 4.0 41.0 64.0
490 -1.0 -1.0 8.0 225.0 29.0
491 -1.0 -1.0 5.0 243.0 86.0
492 -1.0 -1.0 16.0 198.0 59.0
493 -1.0 -1.0 18.0 210.0 65.0
494 -1.0 -1.0 13.0 47.0 36.0
495 -1.0 -1.0 16.0 154.0 50.0
496 -1.0 -1.0 13.0 382.0 69.0
497 -1.0 -1.0 8.0 176.0 73.0
498 -1.0 -1.0 5.0 142.0 77.0
499 -1.0 -1.0 11.0 26.0 64.0
500 -1.0 -1.0 6.0 246.0 80.0
501 -1.0 -1.0 11.0 295.0 35.0
502 -1.0 -1.0 15.0 217.0 18.0
503 -1.0 -1.0 10.0 46.0 68.0
504 -1.0 -1.0 7.0 106.0 49.0
505 -1.0 -1.0 8.0 149.0 98.0
506 -1.0 -1.0 4.0 32.0 78.0
507 -1.0 -1.0 4.0 353.0 15.0
508 -1.0 -1.0 15.0 288.0 53.0
509 -1.0 -1.0 13.0 386.0 61.0
510 -1.0 -1.0 18.0 185.0 60.0
511 -1.0 -1.0 16.0 175.0 37.0
512 -1.0 -1.0 17.0 169.0 74.0
513 -1.0 -1.0 19.0 323.0 60.0
514 -1.0 -1.0 14.0 74.0 82.0
515 -1.0 -1.0 10.0 383.0 36.0
516 -1.0 -1.0 14.0 95.0 16.0
517 -1.0 -1.0 12.0 89.0 39.0
518 -1.0 -1.0 15.0 147.0 17.0
519 -1.0 -1.0 13.0 390.0 84.0
520 -1.0 -1.0 19.0 165.0 50.0
521 -1.0 -1.0 7.0 277.0 22.0
522 -1.0 -1.0 16.0 334.0 82.0
523 -1.0 -1.0 11.0 203.0 83.0
524 -1.0 -1.0 8.0 384.0 64.0
525 -1.0 -1.0 10.0 273.0 52.0
526 -1.0 -1.0 12.0 56.0 43.0
527 -1.0 -1.0 12.0 230.0 60.0
528 -1.0 -1.0 15.0 34.0 27.0
529 -1.0 -1.0 10.0 172.0 43.0
530 -1.0 -1.0 11.0 97.0 15.0
531 -1.0 -1.0 14.0 388.0 19.0
532 -1.0 -1.0 17.0 304.0 71.0
533 -1.0 -1.0 16.0 21.0 84.0
534 -1.0 -1.0 15.0 156.0 53.0
535 -1.0 -1.0 6.0 191.0 95.0
536 -1.0 -1.0 17.0 93.0 48.0
537 -1.0 -1.0 11.0 168.0 60.0
538 -1.0 -1.0 4.0 81.0 81.0
539 -1.0 -1.0 14.0 267.0 81.0
540 -1.0 -1.0 12.0 125.0 96.0
541 -1.0 -1.0 18.0 376.0 23.0
542 -1.0 -1.0 6.0 319.0 33.0
543 -1.0 -1.0 15.0 143.0 64.0
544 -1.0 -1.0 7.0 272.0 96.0
545 -1.0 -1.0 19.0 144.0 71.0
546 -1.0 -1.0 7.0 258.0 40.0
547 -1.0 -1.0 7.0 123.0 66.0
548 -1.0 -1.0 20.0 220.0 37.0
549 -1.0 -1.0 12.0 178.0 20.0
550 -1.0 -1.0 19.0 99.0 65.0
551 -1.0 -1.0 7.0 69.0 46.0
552 -1.0 -1.0 7.0 162.0 44.0
553 -1.0 -1.0 12.0 58.0 19.0
554 -1.0 -1.0 11.0 323.0 71.0
555 -1.0 -1.0 8.0 116.0 17.0
556 -1.0 -1.0 15.0 399.0 60.0
557 -1.0 -1.0 5.0 89.0 90.0
558 -1.0 -1.0 5.0 151.0 37.0
559 -1.0 -1.0 12.0 310.0 76.0
560 -1.0 -1.0 13.0 319.0 27.0
561 -1.0 -1.0 11.0 23.0 70.0
562 -1.0 -1.0 8.0 196.0 43.0
563 -1.0 -1.0 18.0 354.0 33.0
564 -1.0 -1.0 16.0 27.0 32.0
565 -1.0 -1.0 10.0 179.0 99.0
566 -1.0 -1.0 17.0 261.0 16.0
567 -1.0 -1.0 19.0 61.0 40.0
568 -1.0 -1.0 5.0 382.0 73.0
569 -1.0 -1.0 6.0 400.0 17.0
570 -1.0 -1.0 20.0 140.0 90.0
571 -1.0 -1.0 17.0 153.0 76.0
572 -1.0 -1.0 15.0 223.0 66.0
573 -1.0 -1.0 17.0 260.0 30.0
574 -1.0 -1.0 20.0 353.0 78.0
575 -1.0 -1.0 14.0 383.0 86.0
576 -1.0 -1.0 6.0 34.0 30.0
577 -1.0 -1.0 17.0 364.0 89.0
578 -1.0 -1.0 13.0 153.0 28.0
579 -1.0 -1.0 15.0 339.0 92.0
580 -1.0 -1.0 7.0 73.0 46.0
581 -1.0 -1.0 7.0 71.0 78.0
582 -1.0 -1.0 12.0 45.0 47.0
583 -1.0 -1.0 10.0 98.0 49.0
584 -1.0 -1.0 5.0 229.0 38.0
585 -1.0 -1.0 10.0 40.0 47.0
586 -1.0 -1.0 12.0 386.0 51.0
587 -1.0 -1.0 8.0 28.0 28.0
588 -1.0 -1.0 18.0 49.0 42.0
589 -1.0 -1.0 14.0 264.0 25.0
590 -1.0 -1.0 18.0 215.0 51.0
591 -1.0 -1.0 5.0 72.0 37.0
592 -1.0 -1.0 12.0 289.0 36.0
593 -1.0 -1.0 17.0 187.0 83.0
594 -1.0 -1.0 19.0 129.0 46.0
595 -1.0 -1.0 9.0 237.0 62.0
596 -1.0 -1.0 12.0 392.0 42.0
597 -1.0 -1.0 13.0 293.0 71.0
598 -1.0 -1.0 7.0 343.0 66.0
599 -1.0 -1.0 13.0 41.0 76.0
600 -1.0 -1.0 8.0 341.0 41.0
601 -1.0 -1.0 12.0 44.0 23.0
602 -1.0 -1.0 13.0 271.0 99.0
603 -1.0 -1.0 9.0 35.0 33.0
604 -1.0 -1.0 14.0 294.0 40.0
605 -1.0 -1.0 4.0 183.0 48.0
606 -1.0 -1.0 4.0 233.0 33.0
607 -1.0 -1.0 13.0 166.0 54.0
608 -1.0 -1.0 20.0 144.0 72.0
609 -1.0 -1.0 16.0 93.0 73.0
610 -1.0 -1.0 9.0 322.0 51.0
611 -1.0 -1.0 6.0 248.0 49.0
612 -1.0 -1.0 14.0 166.0 30.0
613 -1.0 -1.0 13.0 391.0 36.0
614 -1.0 -1.0 18.0 352.0 33.0
615 -1.0 -1.0 9.0 170.0 23.0
616 -1.0 -1.0 4.0 225.0 71.0
617 -1.0 -1.0 19.0 295.0 42.0
618 -1.0 -1.0 13.0 392.0 45.0
619 -1.0 -1.0 10.0 136.0 43.0
620 -1.0 -1.0 8.0 388.0 15.0
621 -1.0 -1.0 18.0 80.0 42.0
622 -1.0 -1.0 8.0 393.0 88.0
623 -1.0 -1.0 19.0 81.0 66.0
624 -1.0 -1.0 10.0 290.0 98.0
625 -1.0 -1.0 15.0 374.0 25.0
626 -1.0 -1.0 15.0 371.0 45.0
627 -1.0 -1.0 9.0 336.0 76.0
628 -1.0 -1.0 17.0 177.0 50.0
629 -1.0 -1.0 20.0 87.0 23.0
630 -1.0 -1.0 18.0 333.0 28.0
631 -1.0 -1.0 15.0 297.0 44.0
632 -1.0 -1.0 19.0 265.0 17.0
633 -1.0 -1.0 7.0 301.0 75.0
634 -1.0 -1.0 19.0 268.0 31.0
635 -1.0 -1.0 4.0 276.0 56.0
636 -1.0 -1.0 11.0 96.0 87.0
637 -1.0 -1.0 17.0 59.0 39.0
638 -1.0 -1.0 15.0 189.0 31.0
639 -1.0 -1.0 4.0 116.0 62.0
640 -1.0 -1.0 19.0 82.0 22.0
641 -1.0 -1.0 14.0 255.0 45.0
642 -1.0 -1.0 14.0 52.0 92.0
643 -1.0 -1.0 13.0 362.0 26.0
644 -1.0 -1.0 18.0 171.0 35.0
645 -1.0 -1.0 9.0 29.0 54.0
646 -1.0 -1.0 10.0 90.0 58.0
647 -1.0 -1.0 16.0 71.0 98.0
648 -1.0 -1.0 7.0 381.0 69.0
649 -1.0 -1.0 18.0 338.0 60.0
650 -1.0 -1.0 15.0 375.0 18.0
651 -1.0 -1.0 12.0 190.0 74.0
652 -1.0 -1.0 7.0 388.0 86.0
653 -1.0 -1.0 15.0 186.0 28.0
654 -1.0 -1.0 19.0 105.0 87.0
655 -1.0 -1.0 7.0 203.0 88.0
656 -1.0 -1.0 11.0 332.0 86.0
657 -1.0 -1.0 6.0 105.0 57.0
658 -1.0 -1.0 12.0 22.0 60.0
659 -1.0 -1.0 15.0 280.0 71.0
660 -1.0 -1.0 15.0 311.0 30.0
661 -1.0 -1.0 12.0 251.0 50.0
662 -1.0 -1.0 12.0 137.0 98.0
663 -1.0 -1.0 17.0 173.0 98.0
664 -1.0 -1.0 7.0 381.0 41.0
665 -1.0 -1.0 13.0 254.0 80.0
666 -1.0 -1.0 15.0 217.0 56.0
667 -1.0 -1.0 10.0 271.0 90.0
668 -1.0 -1.0 4.0 337.0 60.0
669 -1.0 -1.0 15.0 25.0 89.0
670 -1.0 -1.0 7.0 254.0 74.0
671 -1.0 -1.0 8.0 393.0 66.0
672 -1.0 -1.0 10.0 368.0 40.0
673 -1.0 -1.0 13.0 246.0 99.0
674 -1.0 -1.0 17.0 175.0 18.0
675 -1.0 -1.0 11.0 39.0 82.0
676 -1.0 -1.0 8.0 133.0 31.0
677 -1.0 -1.0 17.0 315.0 36.0
678 -1.0 -1.0 7.0 75.0 54.0
679 -1.0 -1.0 8.0 293.0 67.0
680 -1.0 -1.0 18.0 399.0 25.0
681 -1.0 -1.0 4.0 86.0 32.0
682 -1.0 -1.0 16.0 235.0 69.0
683 -1.0 -1.0 8.0 208.0 81.0
684 -1.0 -1.0 6.0 312.0 53.0
685 -1.0 -1.0 13.0 22.0 76.0
686 -1.0 -1.0 11.0 248.0 24.0
687 -1.0 -1.0 19.0 107.0 98.0
688 -1.0 -1.0 17.0 270.0 56.0
689 -1.0 -1.0 6.0 385.0 42.0
690 -1.0 -1.0 14.0 66.0 18.0
691 -1.0 -1.0 20.0 77.0 40.0
692 -1.0 -1.0 20.0 87.0 92.0
693 -1.0 -1.0 9.0 59.0 52.0
694 -1.0 -1.0 14.0 363.0 80.0
695 -1.0 -1.0 16.0 15.0 66.0
696 -1.0 -1.0 7.0 246.0 78.0
697 -1.0 -1.0 5.0 382.0 47.0
698 -1.0 -1.0 11.0 137.0 70.0
699 -1.0 -1.0 7.0 200.0 100.0
700 -1.0 -1.0 7.0 146.0 31.0
701 -1.0 -1.0 19.0 336.0 79.0
702 -1.0 -1.0 15.0 178.0 88.0
703 -1.0 -1.0 5.0 58.0 65.0
704 -1.0 -1.0 6.0 53.0 96.0
705 -1.0 -1.0 14.0 34.0 22.0
706 -1.0 -1.0 14.0 304.0 15.0
707 -1.0 -1.0 18.0 129.0 70.0
708 -1.0 -1.0 4.0 157.0 43.0
709 -1.0 -1.0 4.0 310.0 30.0
710 -1.0 -1.0 11.0 137.0 40.0
711 -1.0 -1.0 9.0 74.0 99.0
712 -1.0 -1.0 16.0 302.0 61.0
713 -1.0 -1.0 4.0 218.0 67.0
714 -1.0 -1.0 10.0 77.0 89.0
715 -1.0 -1.0 4.0 207.0 73.0
716 -1.0 -1.0 9.0 394.0 41.0
717 -1.0 -1.0 20.0 326.0 71.0
718 -1.0 -1.0 9.0 145.0 20.0
719 -1.0 -1.0 6.0 94.0 92.0
720 -1.0 -1.0 8.0 369.0 28.0
721 -1.0 -1.0 18.0 396.0 74.0
722 -1.0 -1.0 14.0 62.0 50.0
723 -1.0 -1.0 5.0 23.0 38.0
724 -1.0 -1.0 16.0 109.0 46.0
725 -1.0 -1.0 17.0 243.0 65.0
942
0 20 10
1 2 8
2 21 5
2 3 6
3 22 5
4 25 12
4 5 6
5 26 11
6 31 11
6 7 6
7 32 8
7 8 6
8 33 7
8 9 9
9 34 9
10 36 6
11 38 9
11 12 9
12 39 10
12 13 8
13 14 10
14 40 8
15 42 6
15 16 6
16 43 6
16 17 6
17 18 8
18 44 6
18 19 6
19 45 6
20 46 12
21 49 10
21 22 9
22 50 10
22 23 11
23 51 12
23 24 9
24 52 8
24 25 5
25 26 8
27 54 8
27 28 8
28 55 12
28 29 5
29 56 6
29 30 8
30 57 6
31 59 6
31 32 10
32 60 8
32 33 6
33 61 10
33 34 11
34 62 12
34 35 6
35 63 8
35 36 8
36 64 6
36 37 11
37 38 6
38 65 10
38 39 10
39 66 11
40 68 9
40 41 7
41 69 12
41 42 10
42 70 10
42 43 9
44 71 7
44 45 9
45 72 11
46 73 8
46 47 12
47 74 7
47 48 11
48 49 12
49 50 8
50 51 6
51 52 10
52 75 7
53 76 11
54 55 9
55 56 8
56 78 6
56 57 8
57 79 7
57 58 12
58 80 7
58 59 12
59 81 8
59 60 9
60 82 11
60 61 11
61 83 9
61 62 6
62 63 10
63 64 8
65 84 11
65 66 7
66 67 11
67 68 11
68 85 10
68 69 7
69 70 7
71 86 8
71 72 5
72 87 10
73 88 10
73 74 8
74 89 12
75 92 6
76 95 10
76 77 10
78 79 9
79 80 9
80 96 9
80 81 12
81 82 10
82 97 6
82 83 10
86 106 5
86 87 7
87 107 11
88 108 9
88 89 6
89 109 7
89 90 5
91 92 10
92 93 8
93 112 7
93 94 8
94 113 10
94 95 10
95 114 5
96 118 9
97 119 6
98 121 10
98 99 12
99 122 10
99 100 11
100 101 5
102 103 7
103 126 8
103 104 6
104 105 10
105 106 9
106 127 11
106 107 6
107 128 5
108 109 12
109 129 5
110 130 8
110 111 6
111 131 9
112 134 10
112 113 6
113 114 7
114 115 10
115 135 9
115 116 8
116 136 8
116 117 9
117 137 5
119 140 9
119 120 12
120 141 6
120 121 9
121 142 6
121 122 12
122 143 7
123 146 9
124 147 9
124 125 9
125 148 6
127 150 9
127 128 9
128 151 12
129 153 11
130 131 10
131 155 5
131 132 10
132 156 6
132 133 7
133 157 10
133 134 9
135 159 11
135 136 7
136 137 6
137 138 10
138 160 6
139 163 11
139 140 12
140 164 7
140 141 9
141 165 5
141 142 12
142 143 5
143 166 8
143 144 6
144 145 7
145 167 7
145 146 7
146 168 6
147 170 10
147 148 12
148 171 8
149 150 11
150 174 7
150 151 10
151 175 8
152 176 9
152 153 9
153 154 11
154 177 6
155 179 6
155 156 10
156 180 8
156 157 10
157 181 10
158 183 9
159 185 7
160 188 8
160 161 7
161 189 12
161 162 9
162 190 9
162 163 5
163 164 10
164 191 11
164 165 11
165 192 8
167 168 11
168 169 6
169 195 6
169 170 12
170 196 5
170 171 7
171 197 7
171 172 8
172 173 10
173 198 6
174 175 10
176 199 8
177 201 5
177 178 5
178 202 11
178 179 10
179 203 8
179 180 12
180 204 12
180 181 10
181 182 9
182 205 7
182 183 12
183 206 12
183 184 12
184 207 5
184 185 10
185 186 5
186 208 11
186 187 6
187 209 6
187 188 8
188 189 8
189 210 10
189 190 9
190 211 9
191 212 7
191 192 7
192 213 7
192 193 7
193 214 9
194 216 7
195 219 8
195 196 6
196 197 12
198 221 8
199 226 6
199 200 10
200 201 9
201 227 5
201 202 12
202 228 5
202 203 7
203 204 7
204 229 6
205 231 12
205 206 7
206 207 10
207 232 7
208 234 11
208 209 12
210 211 9
211 235 7
212 236 9
212 213 6
213 214 10
214 237 11
214 215 8
215 216 7
216 238 12
216 217 7
217 218 6
218 219 5
219 239 5
220 241 8
220 221 5
221 222 12
222 223 12
223 242 11
223 224 8
224 225 11
225 243 8
226 244 11
227 246 7
227 228 5
228 247 6
229 249 8
229 230 5
230 250 11
230 231 8
231 251 5
232 253 12
232 233 10
233 234 5
234 254 9
236 258 6
238 260 9
239 261 5
239 240 12
240 262 8
241 264 6
242 266 7
244 268 8
244 245 12
245 269 12
245 246 9
246 247 12
247 270 7
247 248 10
248 271 6
248 249 5
249 250 8
250 272 5
250 251 9
251 252 6
252 273 11
252 253 11
253 274 6
255 256 5
256 277 10
257 258 8
258 278 10
258 259 10
260 280 7
261 262 5
262 263 9
263 283 5
263 264 8
264 284 11
264 265 6
265 285 12
266 286 8
266 267 6
267 287 8
268 288 12
268 269 12
269 289 12
270 291 8
270 271 11
271 292 12
273 295 10
273 274 9
274 296 5
274 275 9
276 297 7
277 299 8
278 301 12
279 280 10
280 302 12
280 281 10
281 303 8
281 282 11
282 304 11
283 284 6
284 307 11
284 285 8
286 309 11
286 287 7
287 310 10
288 312 10
288 289 8
289 313 11
289 290 5
290 314 10
290 291 6
291 315 9
291 292 6
292 316 5
292 293 5
294 318 12
294 295 10
295 319 7
295 296 10
296 320 11
297 298 9
298 323 11
298 299 8
299 324 8
300 326 6
300 301 8
302 328 5
302 303 7
303 329 11
303 304 10
304 330 5
304 305 12
305 306 8
308 309 5
309 332 10
309 310 10
310 333 11
310 311 7
311 334 12
312 313 5
313 335 7
313 314 7
314 315 5
315 316 6
317 336 8
317 318 10
318 337 9
318 319 7
319 338 12
319 320 10
320 339 12
320 321 11
321 322 11
322 340 11
323 342 7
323 324 5
324 343 11
324 325 10
325 326 8
326 344 9
327 346 6
328 329 8
329 348 9
329 330 6
330 349 12
331 353 11
332 355 10
332 333 10
333 356 7
333 334 9
334 357 8
336 337 8
337 361 9
337 338 8
338 339 5
339 362 8
340 364 11
340 341 9
341 365 10
341 342 8
342 366 12
342 343 8
344 367 12
344 345 5
345 368 8
346 370 6
346 347 8
348 372 12
348 349 11
349 373 11
350 375 10
350 351 12
351 352 7
352 376 10
352 353 5
353 354 5
354 377 8
354 355 12
355 356 9
356 378 5
356 357 5
357 379 5
358 380 8
359 384 11
359 360 12
360 385 12
361 387 6
362 388 8
362 363 8
363 389 5
363 364 11
364 365 12
365 390 9
365 366 10
366 391 7
367 393 9
367 368 10
368 394 10
368 369 8
369 395 12
369 370 12
370 396 7
371 372 10
372 373 6
373 398 6
373 374 12
374 399 8
374 375 9
375 400 6
377 401 5
378 379 6
379 402 11
380 403 5
380 381 6
381 404 11
381 382 10
382 383 11
383 405 11
383 384 9
384 406 7
384 385 10
385 386 8
386 387 7
387 407 6
388 409 12
388 389 12
390 410 9
390 391 12
391 411 8
391 392 6
393 394 11
394 395 12
395 412 11
395 396 6
396 413 6
396 397 5
398 415 12
398 399 12
399 416 11
399 400 7
402 419 5
403 420 11
403 404 6
405 421 12
405 406 11
407 408 11
408 422 5
408 409 11
409 423 12
410 426 8
410 411 8
411 427 5
412 413 11
414 415 8
415 432 9
415 416 9
416 433 12
417 437 9
417 418 8
418 438 8
418 419 5
420 439 8
422 446 9
422 423 11
423 424 6
424 447 6
424 425 8
425 448 7
425 426 5
426 427 6
427 449 9
428 429 8
429 451 8
429 430 5
430 452 11
431 454 9
432 433 5
433 434 6
435 436 11
436 456 9
436 437 7
437 457 11
437 438 5
439 459 8
439 440 9
440 460 10
440 441 6
442 462 9
442 443 9
443 463 6
443 444 5
444 445 5
445 464 8
445 446 10
446 465 9
447 466 11
447 448 5
448 467 7
449 469 12
449 450 9
450 470 10
451 472 10
451 452 12
453 474 5
453 454 10
454 475 6
455 476 11
456 482 5
456 457 5
458 484 5
459 485 10
459 460 6
460 486 7
461 462 11
462 463 6
463 487 5
464 465 7
465 489 9
466 490 6
466 467 6
467 491 8
467 468 12
468 492 8
468 469 12
469 493 8
469 470 5
470 494 12
470 471 5
471 495 5
471 472 9
472 496 9
473 474 6
474 498 12
474 475 11
476 477 8
477 500 8
477 478 10
478 479 10
479 501 9
479 480 5
480 502 5
481 504 7
481 482 12
483 506 10
483 484 11
484 507 9
485 508 9
485 486 11
486 509 11
487 511 9
487 488 10
488 512 12
489 513 10
490 491 7
491 515 6
491 492 11
492 493 10
493 494 5
494 516 8
494 495 7
495 517 11
495 496 11
496 497 5
497 518 7
498 520 9
499 522 7
500 523 9
501 525 9
501 502 7
502 526 11
502 503 7
503 504 9
504 527 6
505 529 10
505 506 11
506 507 7
507 530 6
508 509 6
509 531 6
509 510 11
511 533 10
511 512 9
512 534 12
513 535 12
513 514 11
515 536 6
516 537 5
516 517 6
518 519 11
519 520 6
520 539 10
520 521 8
521 522 11
522 540 8
523 542 6
523 524 8
524 525 12
525 543 8
525 526 11
527 528 12
528 545 12
528 529 6
531 546 11
532 548 6
533 549 7
533 534 8
534 550 9
535 551 8
537 556 9
538 557 5
539 558 5
540 559 5
540 541 9
541 560 10
541 542 10
544 563 6
546 568 12
546 547 9
547 569 5
547 548 9
548 570 9
549 550 6
550 572 6
551 552 7
552 574 7
552 553 9
554 575 9
554 555 12
555 576 10
555 556 8
556 577 6
557 579 11
558 581 11
559 560 9
560 582 12
561 583 10
562 585 7
562 563 10
563 586 5
564 589 11
564 565 9
565 566 5
566 590 12
567 568 10
568 569 9
569 570 5
570 571 10
571 591 12
572 592 9
572 573 6
574 593 12
575 596 8
575 576 11
576 597 7
576 577 8
577 598 12
577 578 9
578 599 7
578 579 10
580 601 12
580 581 11
581 602 11
582 604 9
583 584 7
584 606 5
584 585 9
585 607 6
585 586 10
586 587 5
587 608 7
587 588 8
588 589 9
589 609 12
590 611 6
592 615 10
593 618 6
593 594 8
594 619 6
594 595 5
595 620 12
595 596 10
596 621 10
596 597 10
597 622 5
597 598 9
598 623 6
598 599 6
600 625 11
600 601 10
601 626 5
601 602 9
602 603 10
604 628 10
604 605 10
605 629 6
606 630 10
606 607 8
608 632 10
609 634 11
609 610 5
610 635 12
610 611 7
611 636 6
612 637 9
613 614 5
614 638 12
615 641 11
615 616 7
616 617 10
617 618 5
618 642 7
618 619 8
619 643 10
619 620 12
620 644 11
620 621 10
621 645 9
621 622 5
622 646 12
622 623 9
624 647 12
624 625 9
625 648 10
625 626 8
626 649 11
627 651 6
627 628 12
628 652 6
628 629 10
630 654 9
631 632 11
632 656 12
632 633 6
633 634 6
634 635 10
635 657 8
635 636 6
637 658 10
638 639 8
639 661 8
639 640 11
640 662 9
640 641 11
642 664 7
642 643 5
643 665 12
643 644 7
644 645 8
645 646 9
646 666 6
647 668 10
647 648 11
648 669 10
648 649 5
649 670 8
650 671 6
650 651 5
651 672 8
651 652 9
653 674 8
653 654 8
654 655 12
655 675 10
657 678 9
658 659 11
659 680 9
659 660 6
661 682 12
661 662 9
662 683 12
663 685 6
663 664 11
664 686 8
664 665 5
665 687 9
667 691 6
667 668 9
668 692 11
668 669 7
669 670 9
671 694 10
671 672 5
672 695 8
673 674 5
674 697 10
675 699 8
675 676 5
677 701 5
678 702 12
678 679 6
680 704 11
681 706 10
681 682 10
682 683 12
683 707 10
684 708 12
684 685 8
685 709 10
685 686 11
686 687 5
687 688 6
688 710 10
688 689 9
689 711 5
690 713 9
690 691 7
691 714 7
691 692 5
693 716 10
693 694 11
694 695 7
695 717 12
695 696 6
696 718 6
697 720 9
697 698 11
698 699 12
699 721 8
700 701 8
701 723 10
702 725 9
703 704 11
704 705 7
705 706 12
708 709 6
710 711 6
711 712 5
712 713 6
713 714 9
715 716 11
717 718 6
718 719 6
719 720 5
721 722 10
723 724 8
724 725 12
10 0.05 0.05 0.05
