600
0 -1.0 -1.0 12.0 256.0 15.0
1 -1.0 -1.0 11.0 19.0 80.0
2 -1.0 -1.0 18.0 75.0 74.0
3 -1.0 -1.0 5.0 313.0 21.0
4 -1.0 -1.0 10.0 357.0 56.0
5 -1.0 -1.0 12.0 239.0 37.0
6 -1.0 -1.0 11.0 30.0 83.0
7 -1.0 -1.0 16.0 27.0 26.0
8 -1.0 -1.0 8.0 235.0 74.0
9 -1.0 -1.0 16.0 245.0 87.0
10 -1.0 -1.0 10.0 368.0 75.0
11 -1.0 -1.0 4.0 23.0 69.0
12 -1.0 -1.0 18.0 362.0 86.0
13 -1.0 -1.0 8.0 310.0 53.0
14 -1.0 -1.0 19.0 183.0 64.0
15 -1.0 -1.0 15.0 337.0 55.0
16 -1.0 -1.0 17.0 33.0 26.0
17 -1.0 -1.0 12.0 389.0 42.0
18 -1.0 -1.0 13.0 339.0 79.0
19 -1.0 -1.0 8.0 344.0 76.0
20 -1.0 -1.0 12.0 177.0 58.0
21 -1.0 -1.0 12.0 243.0 34.0
22 -1.0 -1.0 18.0 68.0 100.0
23 -1.0 -1.0 6.0 346.0 93.0
24 -1.0 -1.0 13.0 162.0 40.0
25 -1.0 -1.0 18.0 331.0 84.0
26 -1.0 -1.0 7.0 87.0 51.0
27 -1.0 -1.0 20.0 364.0 43.0
28 -1.0 -1.0 14.0 98.0 91.0
29 -1.0 -1.0 7.0 176.0 54.0
30 -1.0 -1.0 10.0 71.0 88.0
31 -1.0 -1.0 14.0 92.0 26.0
32 -1.0 -1.0 15.0 93.0 77.0
33 -1.0 -1.0 17.0 154.0 42.0
34 -1.0 -1.0 18.0 352.0 18.0
35 -1.0 -1.0 18.0 21.0 91.0
36 -1.0 -1.0 12.0 94.0 90.0
37 -1.0 -1.0 14.0 380.0 54.0
38 -1.0 -1.0 20.0 341.0 71.0
39 -1.0 -1.0 19.0 101.0 97.0
40 -1.0 -1.0 11.0 346.0 37.0
41 -1.0 -1.0 20.0 364.0 64.0
42 -1.0 -1.0 9.0 86.0 37.0
43 -1.0 -1.0 16.0 356.0 100.0
44 -1.0 -1.0 13.0 52.0 21.0
45 -1.0 -1.0 6.0 349.0 46.0
46 -1.0 -1.0 5.0 168.0 92.0
47 -1.0 -1.0 13.0 32.0 76.0
48 -1.0 -1.0 9.0 275.0 25.0
49 -1.0 -1.0 17.0 315.0 71.0
50 -1.0 -1.0 16.0 266.0 96.0
51 -1.0 -1.0 4.0 50.0 40.0
52 -1.0 -1.0 10.0 374.0 98.0
53 -1.0 -1.0 17.0 120.0 20.0
54 -1.0 -1.0 12.0 217.0 69.0
55 -1.0 -1.0 9.0 285.0 56.0
56 -1.0 -1.0 4.0 69.0 67.0
57 -1.0 -1.0 18.0 186.0 34.0
58 -1.0 -1.0 8.0 136.0 31.0
59 -1.0 -1.0 16.0 313.0 37.0
60 -1.0 -1.0 9.0 94.0 90.0
61 -1.0 -1.0 8.0 355.0 91.0
62 -1.0 -1.0 15.0 145.0 15.0
63 -1.0 -1.0 13.0 268.0 95.0
64 -1.0 -1.0 6.0 37.0 28.0
65 -1.0 -1.0 12.0 367.0 90.0
66 -1.0 -1.0 8.0 55.0 61.0
67 -1.0 -1.0 10.0 307.0 54.0
68 -1.0 -1.0 8.0 276.0 99.0
69 -1.0 -1.0 5.0 226.0 20.0
70 -1.0 -1.0 11.0 337.0 26.0
71 -1.0 -1.0 6.0 220.0 63.0
72 -1.0 -1.0 17.0 126.0 98.0
73 -1.0 -1.0 11.0 70.0 88.0
74 -1.0 -1.0 6.0 188.0 35.0
75 -1.0 -1.0 4.0 28.0 100.0
76 -1.0 -1.0 12.0 267.0 48.0
77 -1.0 -1.0 6.0 334.0 53.0
78 -1.0 -1.0 9.0 230.0 56.0
79 -1.0 -1.0 17.0 101.0 100.0
80 -1.0 -1.0 18.0 257.0 75.0
81 -1.0 -1.0 4.0 86.0 44.0
82 -1.0 -1.0 10.0 333.0 63.0
83 -1.0 -1.0 17.0 391.0 55.0
84 -1.0 -1.0 4.0 372.0 90.0
85 -1.0 -1.0 7.0 218.0 46.0
86 -1.0 -1.0 15.0 24.0 22.0
87 -1.0 -1.0 14.0 289.0 79.0
88 -1.0 -1.0 20.0 196.0 53.0
89 -1.0 -1.0 4.0 395.0 58.0
90 -1.0 -1.0 13.0 296.0 59.0
91 -1.0 -1.0 7.0 219.0 79.0
92 -1.0 -1.0 19.0 379.0 53.0
93 -1.0 -1.0 10.0 230.0 27.0
94 -1.0 -1.0 6.0 61.0 60.0
95 -1.0 -1.0 9.0 229.0 58.0
96 -1.0 -1.0 20.0 200.0 40.0
97 -1.0 -1.0 7.0 232.0 19.0
98 -1.0 -1.0 16.0 90.0 71.0
99 -1.0 -1.0 9.0 148.0 93.0
100 -1.0 -1.0 6.0 59.0 34.0
101 -1.0 -1.0 16.0 68.0 41.0
102 -1.0 -1.0 7.0 371.0 26.0
103 -1.0 -1.0 16.0 183.0 97.0
104 -1.0 -1.0 17.0 124.0 49.0
105 -1.0 -1.0 6.0 135.0 44.0
106 -1.0 -1.0 10.0 356.0 55.0
107 -1.0 -1.0 18.0 54.0 79.0
108 -1.0 -1.0 20.0 126.0 23.0
109 -1.0 -1.0 8.0 250.0 68.0
110 -1.0 -1.0 10.0 349.0 17.0
111 -1.0 -1.0 10.0 367.0 22.0
112 -1.0 -1.0 11.0 393.0 43.0
113 -1.0 -1.0 13.0 330.0 88.0
114 -1.0 -1.0 5.0 287.0 94.0
115 -1.0 -1.0 8.0 208.0 53.0
116 -1.0 -1.0 18.0 90.0 32.0
117 -1.0 -1.0 19.0 356.0 91.0
118 -1.0 -1.0 15.0 189.0 77.0
119 -1.0 -1.0 4.0 89.0 98.0
120 -1.0 -1.0 18.0 373.0 86.0
121 -1.0 -1.0 17.0 212.0 64.0
122 -1.0 -1.0 5.0 359.0 84.0
123 -1.0 -1.0 4.0 39.0 59.0
124 -1.0 -1.0 10.0 19.0 42.0
125 -1.0 -1.0 12.0 214.0 83.0
126 -1.0 -1.0 6.0 320.0 84.0
127 -1.0 -1.0 20.0 177.0 52.0
128 -1.0 -1.0 19.0 332.0 58.0
129 -1.0 -1.0 16.0 387.0 71.0
130 -1.0 -1.0 16.0 370.0 49.0
131 -1.0 -1.0 16.0 320.0 98.0
132 -1.0 -1.0 17.0 346.0 64.0
133 -1.0 -1.0 18.0 294.0 92.0
134 -1.0 -1.0 5.0 212.0 21.0
135 -1.0 -1.0 19.0 18.0 30.0
136 -1.0 -1.0 16.0 362.0 84.0
137 -1.0 -1.0 19.0 29.0 68.0
138 -1.0 -1.0 6.0 342.0 45.0
139 -1.0 -1.0 17.0 400.0 70.0
140 -1.0 -1.0 14.0 381.0 34.0
141 -1.0 -1.0 9.0 295.0 84.0
142 -1.0 -1.0 12.0 181.0 40.0
143 -1.0 -1.0 13.0 65.0 22.0
144 -1.0 -1.0 18.0 116.0 77.0
145 -1.0 -1.0 11.0 395.0 33.0
146 -1.0 -1.0 16.0 99.0 38.0
147 -1.0 -1.0 11.0 87.0 68.0
148 -1.0 -1.0 11.0 280.0 82.0
149 -1.0 -1.0 10.0 146.0 60.0
150 -1.0 -1.0 18.0 255.0 30.0
151 -1.0 -1.0 6.0 20.0 27.0
152 -1.0 -1.0 5.0 220.0 79.0
153 -1.0 -1.0 20.0 223.0 37.0
154 -1.0 -1.0 14.0 212.0 38.0
155 -1.0 -1.0 17.0 90.0 26.0
156 -1.0 -1.0 8.0 112.0 83.0
157 -1.0 -1.0 7.0 280.0 70.0
158 -1.0 -1.0 20.0 362.0 62.0
159 -1.0 -1.0 7.0 166.0 71.0
160 -1.0 -1.0 20.0 363.0 70.0
161 -1.0 -1.0 9.0 237.0 29.0
162 -1.0 -1.0 7.0 164.0 90.0
163 -1.0 -1.0 7.0 310.0 56.0
164 -1.0 -1.0 17.0 315.0 27.0
165 -1.0 -1.0 17.0 284.0 53.0
166 -1.0 -1.0 18.0 199.0 85.0
167 -1.0 -1.0 4.0 269.0 63.0
168 -1.0 -1.0 18.0 38.0 49.0
169 -1.0 -1.0 8.0 264.0 28.0
170 -1.0 -1.0 11.0 122.0 80.0
171 -1.0 -1.0 18.0 376.0 88.0
172 -1.0 -1.0 11.0 134.0 53.0
173 -1.0 -1.0 12.0 166.0 64.0
174 -1.0 -1.0 20.0 42.0 34.0
175 -1.0 -1.0 7.0 326.0 56.0
176 -1.0 -1.0 10.0 381.0 62.0
177 -1.0 -1.0 12.0 318.0 28.0
178 -1.0 -1.0 18.0 26.0 64.0
179 -1.0 -1.0 12.0 218.0 42.0
180 -1.0 -1.0 15.0 237.0 53.0
181 -1.0 -1.0 7.0 254.0 96.0
182 -1.0 -1.0 4.0 72.0 16.0
183 -1.0 -1.0 20.0 113.0 84.0
184 -1.0 -1.0 11.0 224.0 21.0
185 -1.0 -1.0 20.0 21.0 15.0
186 -1.0 -1.0 16.0 268.0 38.0
187 -1.0 -1.0 16.0 38.0 80.0
188 -1.0 -1.0 10.0 290.0 49.0
189 -1.0 -1.0 15.0 355.0 67.0
190 -1.0 -1.0 9.0 389.0 23.0
191 -1.0 -1.0 12.0 284.0 51.0
192 -1.0 -1.0 15.0 68.0 85.0
193 -1.0 -1.0 15.0 188.0 40.0
194 -1.0 -1.0 20.0 276.0 18.0
195 -1.0 -1.0 19.0 236.0 76.0
196 -1.0 -1.0 11.0 227.0 60.0
197 -1.0 -1.0 14.0 172.0 90.0
198 -1.0 -1.0 4.0 129.0 25.0
199 -1.0 -1.0 11.0 323.0 81.0
200 -1.0 -1.0 13.0 158.0 39.0
201 -1.0 -1.0 14.0 154.0 82.0
202 -1.0 -1.0 5.0 48.0 70.0
203 -1.0 -1.0 17.0 392.0 93.0
204 -1.0 -1.0 8.0 214.0 21.0
205 -1.0 -1.0 10.0 161.0 66.0
206 -1.0 -1.0 8.0 271.0 66.0
207 -1.0 -1.0 12.0 201.0 90.0
208 -1.0 -1.0 9.0 340.0 30.0
209 -1.0 -1.0 4.0 200.0 86.0
210 -1.0 -1.0 17.0 351.0 21.0
211 -1.0 -1.0 17.0 250.0 53.0
212 -1.0 -1.0 9.0 349.0 43.0
213 -1.0 -1.0 12.0 34.0 17.0
214 -1.0 -1.0 10.0 175.0 37.0
215 -1.0 -1.0 20.0 236.0 67.0
216 -1.0 -1.0 8.0 83.0 46.0
217 -1.0 -1.0 17.0 171.0 75.0
218 -1.0 -1.0 19.0 203.0 45.0
219 -1.0 -1.0 10.0 94.0 57.0
220 -1.0 -1.0 15.0 399.0 71.0
221 -1.0 -1.0 5.0 25.0 21.0
222 -1.0 -1.0 8.0 34.0 69.0
223 -1.0 -1.0 8.0 305.0 17.0
224 -1.0 -1.0 11.0 30.0 56.0
225 -1.0 -1.0 20.0 114.0 60.0
226 -1.0 -1.0 11.0 314.0 60.0
227 -1.0 -1.0 12.0 233.0 73.0
228 -1.0 -1.0 17.0 112.0 23.0
229 -1.0 -1.0 14.0 128.0 48.0
230 -1.0 -1.0 7.0 159.0 54.0
231 -1.0 -1.0 20.0 103.0 97.0
232 -1.0 -1.0 18.0 161.0 58.0
233 -1.0 -1.0 12.0 164.0 21.0
234 -1.0 -1.0 15.0 373.0 76.0
235 -1.0 -1.0 14.0 97.0 31.0
236 -1.0 -1.0 10.0 308.0 73.0
237 -1.0 -1.0 14.0 34.0 33.0
238 -1.0 -1.0 6.0 135.0 95.0
239 -1.0 -1.0 13.0 356.0 60.0
240 -1.0 -1.0 12.0 345.0 54.0
241 -1.0 -1.0 19.0 192.0 75.0
242 -1.0 -1.0 19.0 138.0 60.0
243 -1.0 -1.0 14.0 300.0 46.0
244 -1.0 -1.0 17.0 208.0 41.0
245 -1.0 -1.0 5.0 38.0 33.0
246 -1.0 -1.0 10.0 86.0 89.0
247 -1.0 -1.0 19.0 111.0 23.0
248 -1.0 -1.0 6.0 87.0 91.0
249 -1.0 -1.0 13.0 190.0 35.0
250 -1.0 -1.0 16.0 252.0 91.0
251 -1.0 -1.0 18.0 359.0 15.0
252 -1.0 -1.0 12.0 114.0 43.0
253 -1.0 -1.0 7.0 286.0 56.0
254 -1.0 -1.0 14.0 85.0 76.0
255 -1.0 -1.0 8.0 374.0 48.0
256 -1.0 -1.0 5.0 68.0 27.0
257 -1.0 -1.0 15.0 241.0 82.0
258 -1.0 -1.0 15.0 62.0 68.0
259 -1.0 -1.0 13.0 332.0 65.0
260 -1.0 -1.0 10.0 73.0 43.0
261 -1.0 -1.0 5.0 135.0 42.0
262 -1.0 -1.0 12.0 61.0 95.0
263 -1.0 -1.0 15.0 150.0 45.0
264 -1.0 -1.0 18.0 214.0 76.0
265 -1.0 -1.0 6.0 257.0 67.0
266 -1.0 -1.0 11.0 234.0 80.0
267 -1.0 -1.0 20.0 301.0 56.0
268 -1.0 -1.0 8.0 305.0 66.0
269 -1.0 -1.0 16.0 215.0 92.0
270 -1.0 -1.0 20.0 74.0 84.0
271 -1.0 -1.0 4.0 116.0 57.0
272 -1.0 -1.0 7.0 108.0 96.0
273 -1.0 -1.0 11.0 343.0 41.0
274 -1.0 -1.0 18.0 94.0 20.0
275 -1.0 -1.0 5.0 205.0 31.0
276 -1.0 -1.0 13.0 98.0 20.0
277 -1.0 -1.0 15.0 130.0 45.0
278 -1.0 -1.0 14.0 28.0 26.0
279 -1.0 -1.0 9.0 369.0 62.0
280 -1.0 -1.0 9.0 290.0 71.0
281 -1.0 -1.0 18.0 226.0 88.0
282 -1.0 -1.0 18.0 269.0 15.0
283 -1.0 -1.0 6.0 96.0 22.0
284 -1.0 -1.0 17.0 398.0 33.0
285 -1.0 -1.0 6.0 33.0 80.0
286 -1.0 -1.0 9.0 350.0 44.0
287 -1.0 -1.0 7.0 295.0 30.0
288 -1.0 -1.0 11.0 233.0 70.0
289 -1.0 -1.0 4.0 207.0 22.0
290 -1.0 -1.0 6.0 320.0 51.0
291 -1.0 -1.0 14.0 49.0 99.0
292 -1.0 -1.0 13.0 400.0 72.0
293 -1.0 -1.0 5.0 303.0 53.0
294 -1.0 -1.0 11.0 252.0 48.0
295 -1.0 -1.0 9.0 25.0 29.0
296 -1.0 -1.0 4.0 359.0 71.0
297 -1.0 -1.0 20.0 257.0 49.0
298 -1.0 -1.0 8.0 254.0 42.0
299 -1.0 -1.0 4.0 99.0 38.0
300 -1.0 -1.0 9.0 375.0 24.0
301 -1.0 -1.0 7.0 15.0 64.0
302 -1.0 -1.0 15.0 224.0 24.0
303 -1.0 -1.0 19.0 129.0 35.0
304 -1.0 -1.0 13.0 67.0 31.0
305 -1.0 -1.0 6.0 279.0 70.0
306 -1.0 -1.0 5.0 374.0 95.0
307 -1.0 -1.0 14.0 91.0 29.0
308 -1.0 -1.0 4.0 368.0 88.0
309 -1.0 -1.0 8.0 64.0 86.0
310 -1.0 -1.0 19.0 56.0 77.0
311 -1.0 -1.0 5.0 303.0 96.0
312 -1.0 -1.0 14.0 308.0 29.0
313 -1.0 -1.0 11.0 122.0 65.0
314 -1.0 -1.0 16.0 325.0 62.0
315 -1.0 -1.0 9.0 168.0 98.0
316 -1.0 -1.0 4.0 210.0 24.0
317 -1.0 -1.0 8.0 387.0 99.0
318 -1.0 -1.0 4.0 77.0 43.0
319 -1.0 -1.0 18.0 300.0 81.0
320 -1.0 -1.0 18.0 352.0 19.0
321 -1.0 -1.0 17.0 260.0 15.0
322 -1.0 -1.0 9.0 292.0 83.0
323 -1.0 -1.0 6.0 278.0 63.0
324 -1.0 -1.0 19.0 333.0 37.0
325 -1.0 -1.0 8.0 37.0 43.0
326 -1.0 -1.0 8.0 292.0 89.0
327 -1.0 -1.0 13.0 315.0 21.0
328 -1.0 -1.0 6.0 101.0 65.0
329 -1.0 -1.0 11.0 274.0 31.0
330 -1.0 -1.0 16.0 156.0 96.0
331 -1.0 -1.0 18.0 124.0 81.0
332 -1.0 -1.0 11.0 157.0 47.0
333 -1.0 -1.0 15.0 212.0 74.0
334 -1.0 -1.0 19.0 316.0 40.0
335 -1.0 -1.0 4.0 53.0 60.0
336 -1.0 -1.0 18.0 278.0 35.0
337 -1.0 -1.0 14.0 52.0 17.0
338 -1.0 -1.0 7.0 253.0 19.0
339 -1.0 -1.0 13.0 51.0 74.0
340 -1.0 -1.0 7.0 106.0 93.0
341 -1.0 -1.0 4.0 280.0 36.0
342 -1.0 -1.0 8.0 228.0 44.0
343 -1.0 -1.0 20.0 128.0 27.0
344 -1.0 -1.0 19.0 270.0 89.0
345 -1.0 -1.0 11.0 242.0 40.0
346 -1.0 -1.0 13.0 22.0 79.0
347 -1.0 -1.0 12.0 250.0 68.0
348 -1.0 -1.0 10.0 51.0 57.0
349 -1.0 -1.0 20.0 275.0 17.0
350 -1.0 -1.0 10.0 188.0 53.0
351 -1.0 -1.0 16.0 383.0 36.0
352 -1.0 -1.0 8.0 351.0 37.0
353 -1.0 -1.0 10.0 293.0 70.0
354 -1.0 -1.0 20.0 117.0 62.0
355 -1.0 -1.0 6.0 133.0 21.0
356 -1.0 -1.0 12.0 271.0 94.0
357 -1.0 -1.0 13.0 107.0 71.0
358 -1.0 -1.0 17.0 280.0 70.0
359 -1.0 -1.0 18.0 366.0 48.0
360 -1.0 -1.0 20.0 180.0 47.0
361 -1.0 -1.0 12.0 372.0 82.0
362 -1.0 -1.0 7.0 246.0 73.0
363 -1.0 -1.0 12.0 312.0 70.0
364 -1.0 -1.0 5.0 94.0 28.0
365 -1.0 -1.0 16.0 181.0 60.0
366 -1.0 -1.0 10.0 74.0 94.0
367 -1.0 -1.0 5.0 321.0 29.0
368 -1.0 -1.0 7.0 162.0 61.0
369 -1.0 -1.0 4.0 225.0 98.0
370 -1.0 -1.0 17.0 90.0 25.0
371 -1.0 -1.0 10.0 340.0 85.0
372 -1.0 -1.0 11.0 88.0 59.0
373 -1.0 -1.0 6.0 93.0 35.0
374 -1.0 -1.0 15.0 348.0 84.0
375 -1.0 -1.0 8.0 370.0 94.0
376 -1.0 -1.0 19.0 78.0 42.0
377 -1.0 -1.0 5.0 155.0 92.0
378 -1.0 -1.0 16.0 109.0 80.0
379 -1.0 -1.0 9.0 314.0 73.0
380 -1.0 -1.0 20.0 220.0 100.0
381 -1.0 -1.0 4.0 374.0 58.0
382 -1.0 -1.0 10.0 397.0 55.0
383 -1.0 -1.0 11.0 361.0 53.0
384 -1.0 -1.0 5.0 36.0 21.0
385 -1.0 -1.0 18.0 213.0 41.0
386 -1.0 -1.0 8.0 142.0 73.0
387 -1.0 -1.0 18.0 239.0 55.0
388 -1.0 -1.0 20.0 363.0 32.0
389 -1.0 -1.0 14.0 384.0 28.0
390 -1.0 -1.0 4.0 27.0 96.0
391 -1.0 -1.0 4.0 183.0 37.0
392 -1.0 -1.0 15.0 272.0 59.0
393 -1.0 -1.0 7.0 190.0 19.0
394 -1.0 -1.0 16.0 280.0 87.0
395 -1.0 -1.0 12.0 248.0 51.0
396 -1.0 -1.0 7.0 362.0 93.0
397 -1.0 -1.0 6.0 188.0 23.0
398 -1.0 -1.0 5.0 118.0 58.0
399 -1.0 -1.0 20.0 360.0 20.0
400 -1.0 -1.0 19.0 314.0 94.0
401 -1.0 -1.0 16.0 351.0 25.0
402 -1.0 -1.0 15.0 41.0 85.0
403 -1.0 -1.0 20.0 214.0 18.0
404 -1.0 -1.0 14.0 153.0 71.0
405 -1.0 -1.0 17.0 28.0 20.0
406 -1.0 -1.0 17.0 47.0 94.0
407 -1.0 -1.0 8.0 86.0 85.0
408 -1.0 -1.0 14.0 233.0 34.0
409 -1.0 -1.0 7.0 67.0 77.0
410 -1.0 -1.0 12.0 86.0 38.0
411 -1.0 -1.0 7.0 198.0 15.0
412 -1.0 -1.0 9.0 350.0 91.0
413 -1.0 -1.0 7.0 41.0 100.0
414 -1.0 -1.0 14.0 230.0 69.0
415 -1.0 -1.0 15.0 252.0 24.0
416 -1.0 -1.0 9.0 33.0 26.0
417 -1.0 -1.0 16.0 217.0 75.0
418 -1.0 -1.0 15.0 78.0 60.0
419 -1.0 -1.0 15.0 373.0 72.0
420 -1.0 -1.0 18.0 350.0 26.0
421 -1.0 -1.0 18.0 375.0 31.0
422 -1.0 -1.0 11.0 366.0 94.0
423 -1.0 -1.0 10.0 314.0 40.0
424 -1.0 -1.0 9.0 271.0 36.0
425 -1.0 -1.0 18.0 377.0 68.0
426 -1.0 -1.0 16.0 298.0 72.0
427 -1.0 -1.0 5.0 313.0 43.0
428 -1.0 -1.0 14.0 149.0 24.0
429 -1.0 -1.0 10.0 23.0 71.0
430 -1.0 -1.0 6.0 149.0 41.0
431 -1.0 -1.0 16.0 255.0 77.0
432 -1.0 -1.0 11.0 187.0 15.0
433 -1.0 -1.0 7.0 240.0 24.0
434 -1.0 -1.0 12.0 180.0 35.0
435 -1.0 -1.0 11.0 237.0 98.0
436 -1.0 -1.0 4.0 131.0 77.0
437 -1.0 -1.0 19.0 322.0 35.0
438 -1.0 -1.0 7.0 191.0 63.0
439 -1.0 -1.0 10.0 79.0 22.0
440 -1.0 -1.0 13.0 290.0 54.0
441 -1.0 -1.0 20.0 189.0 30.0
442 -1.0 -1.0 9.0 388.0 17.0
443 -1.0 -1.0 12.0 350.0 73.0
444 -1.0 -1.0 11.0 359.0 45.0
445 -1.0 -1.0 4.0 266.0 33.0
446 -1.0 -1.0 11.0 166.0 85.0
447 -1.0 -1.0 15.0 207.0 38.0
448 -1.0 -1.0 6.0 238.0 67.0
449 -1.0 -1.0 7.0 44.0 77.0
450 -1.0 -1.0 10.0 257.0 34.0
451 -1.0 -1.0 9.0 215.0 72.0
452 -1.0 -1.0 19.0 249.0 93.0
453 -1.0 -1.0 11.0 141.0 17.0
454 -1.0 -1.0 8.0 286.0 41.0
455 -1.0 -1.0 7.0 54.0 61.0
456 -1.0 -1.0 17.0 37.0 71.0
457 -1.0 -1.0 11.0 339.0 100.0
458 -1.0 -1.0 7.0 279.0 100.0
459 -1.0 -1.0 11.0 342.0 66.0
460 -1.0 -1.0 11.0 122.0 28.0
461 -1.0 -1.0 17.0 234.0 87.0
462 -1.0 -1.0 20.0 74.0 75.0
463 -1.0 -1.0 5.0 62.0 40.0
464 -1.0 -1.0 6.0 150.0 27.0
465 -1.0 -1.0 13.0 158.0 65.0
466 -1.0 -1.0 18.0 70.0 83.0
467 -1.0 -1.0 11.0 217.0 35.0
468 -1.0 -1.0 12.0 225.0 81.0
469 -1.0 -1.0 18.0 292.0 98.0
470 -1.0 -1.0 9.0 162.0 36.0
471 -1.0 -1.0 17.0 249.0 41.0
472 -1.0 -1.0 4.0 276.0 77.0
473 -1.0 -1.0 20.0 197.0 60.0
474 -1.0 -1.0 15.0 24.0 21.0
475 -1.0 -1.0 11.0 59.0 86.0
476 -1.0 -1.0 16.0 347.0 30.0
477 -1.0 -1.0 8.0 100.0 84.0
478 -1.0 -1.0 11.0 192.0 86.0
479 -1.0 -1.0 4.0 35.0 65.0
480 -1.0 -1.0 16.0 320.0 16.0
481 -1.0 -1.0 17.0 63.0 47.0
482 -1.0 -1.0 13.0 377.0 54.0
483 -1.0 -1.0 8.0 79.0 60.0
484 -1.0 -1.0 19.0 193.0 31.0
485 -1.0 -1.0 6.0 330.0 57.0
486 -1.0 -1.0 6.0 161.0 77.0
487 -1.0 -1.0 9.0 394.0 25.0
488 -1.0 -1.0 15.0 45.0 60.0
489 -1.0 -1.0 5.0 319.0 59.0
490 -1.0 -1.0 6.0 91.0 64.0
491 -1.0 -1.0 18.0 371.0 62.0
492 -1.0 -1.0 18.0 284.0 36.0
493 -1.0 -1.0 5.0 293.0 80.0
494 -1.0 -1.0 12.0 194.0 89.0
495 -1.0 -1.0 17.0 55.0 65.0
496 -1.0 -1.0 6.0 246.0 16.0
497 -1.0 -1.0 10.0 125.0 33.0
498 -1.0 -1.0 20.0 385.0 91.0
499 -1.0 -1.0 16.0 280.0 73.0
500 -1.0 -1.0 19.0 204.0 97.0
501 -1.0 -1.0 10.0 127.0 82.0
502 -1.0 -1.0 11.0 163.0 94.0
503 -1.0 -1.0 13.0 334.0 90.0
504 -1.0 -1.0 15.0 178.0 59.0
505 -1.0 -1.0 4.0 106.0 46.0
506 -1.0 -1.0 11.0 32.0 61.0
507 -1.0 -1.0 11.0 161.0 18.0
508 -1.0 -1.0 8.0 276.0 39.0
509 -1.0 -1.0 10.0 58.0 70.0
510 -1.0 -1.0 20.0 338.0 49.0
511 -1.0 -1.0 9.0 241.0 24.0
512 -1.0 -1.0 5.0 32.0 73.0
513 -1.0 -1.0 16.0 152.0 89.0
514 -1.0 -1.0 10.0 259.0 62.0
515 -1.0 -1.0 5.0 316.0 30.0
516 -1.0 -1.0 17.0 291.0 59.0
517 -1.0 -1.0 15.0 306.0 23.0
518 -1.0 -1.0 14.0 258.0 100.0
519 -1.0 -1.0 9.0 150.0 41.0
520 -1.0 -1.0 12.0 313.0 94.0
521 -1.0 -1.0 12.0 68.0 82.0
522 -1.0 -1.0 6.0 277.0 18.0
523 -1.0 -1.0 4.0 123.0 97.0
524 -1.0 -1.0 6.0 388.0 36.0
525 -1.0 -1.0 19.0 115.0 57.0
526 -1.0 -1.0 18.0 247.0 60.0
527 -1.0 -1.0 14.0 64.0 52.0
528 -1.0 -1.0 7.0 243.0 52.0
529 -1.0 -1.0 20.0 198.0 52.0
530 -1.0 -1.0 12.0 137.0 23.0
531 -1.0 -1.0 14.0 25.0 93.0
532 -1.0 -1.0 12.0 378.0 51.0
533 -1.0 -1.0 18.0 309.0 92.0
534 -1.0 -1.0 16.0 163.0 29.0
535 -1.0 -1.0 8.0 255.0 93.0
536 -1.0 -1.0 6.0 139.0 39.0
537 -1.0 -1.0 11.0 332.0 85.0
538 -1.0 -1.0 14.0 317.0 88.0
539 -1.0 -1.0 6.0 375.0 53.0
540 -1.0 -1.0 19.0 309.0 88.0
541 -1.0 -1.0 5.0 210.0 67.0
542 -1.0 -1.0 18.0 374.0 74.0
543 -1.0 -1.0 19.0 28.0 77.0
544 -1.0 -1.0 11.0 179.0 84.0
545 -1.0 -1.0 19.0 96.0 65.0
546 -1.0 -1.0 15.0 21.0 59.0
547 -1.0 -1.0 11.0 289.0 61.0
548 -1.0 -1.0 15.0 52.0 86.0
549 -1.0 -1.0 16.0 296.0 15.0
550 -1.0 -1.0 14.0 83.0 57.0
551 -1.0 -1.0 20.0 159.0 93.0
552 -1.0 -1.0 6.0 377.0 18.0
553 -1.0 -1.0 14.0 344.0 76.0
554 -1.0 -1.0 13.0 121.0 33.0
555 -1.0 -1.0 7.0 80.0 59.0
556 -1.0 -1.0 6.0 334.0 33.0
557 -1.0 -1.0 17.0 261.0 38.0
558 -1.0 -1.0 4.0 244.0 30.0
559 -1.0 -1.0 5.0 74.0 63.0
560 -1.0 -1.0 9.0 382.0 44.0
561 -1.0 -1.0 10.0 234.0 46.0
562 -1.0 -1.0 8.0 262.0 30.0
563 -1.0 -1.0 9.0 235.0 60.0
564 -1.0 -1.0 14.0 256.0 82.0
565 -1.0 -1.0 10.0 338.0 49.0
566 -1.0 -1.0 9.0 22.0 95.0
567 -1.0 -1.0 16.0 307.0 84.0
568 -1.0 -1.0 16.0 307.0 24.0
569 -1.0 -1.0 4.0 88.0 66.0
570 -1.0 -1.0 6.0 69.0 45.0
571 -1.0 -1.0 19.0 239.0 33.0
572 -1.0 -1.0 4.0 385.0 17.0
573 -1.0 -1.0 16.0 347.0 25.0
574 -1.0 -1.0 8.0 301.0 29.0
575 -1.0 -1.0 4.0 342.0 71.0
576 -1.0 -1.0 11.0 324.0 59.0
577 -1.0 -1.0 7.0 217.0 20.0
578 -1.0 -1.0 7.0 129.0 95.0
579 -1.0 -1.0 20.0 91.0 66.0
580 -1.0 -1.0 20.0 149.0 27.0
581 -1.0 -1.0 15.0 400.0 91.0
582 -1.0 -1.0 4.0 158.0 80.0
583 -1.0 -1.0 4.0 390.0 88.0
584 -1.0 -1.0 20.0 270.0 77.0
585 -1.0 -1.0 13.0 319.0 18.0
586 -1.0 -1.0 4.0 242.0 96.0
587 -1.0 -1.0 10.0 282.0 58.0
588 -1.0 -1.0 11.0 29.0 71.0
589 -1.0 -1.0 16.0 151.0 30.0
590 -1.0 -1.0 20.0 174.0 91.0
591 -1.0 -1.0 6.0 301.0 91.0
592 -1.0 -1.0 14.0 334.0 71.0
593 -1.0 -1.0 5.0 48.0 63.0
594 -1.0 -1.0 18.0 347.0 72.0
595 -1.0 -1.0 5.0 183.0 76.0
596 -1.0 -1.0 15.0 249.0 100.0
597 -1.0 -1.0 7.0 152.0 94.0
598 -1.0 -1.0 6.0 128.0 89.0
599 -1.0 -1.0 7.0 306.0 87.0
780
0 1 11
1 21 9
1 2 8
2 22 8
2 3 9
3 4 6
4 23 12
5 25 10
5 6 10
7 28 6
7 8 9
8 29 11
8 9 5
10 30 9
10 11 5
11 31 5
11 12 5
12 32 7
12 13 9
13 33 10
13 14 7
15 16 10
16 35 9
16 17 5
17 36 7
18 37 6
18 19 11
19 38 12
20 39 8
21 41 5
21 22 10
23 43 6
23 24 6
24 25 11
25 44 12
26 27 12
27 47 6
27 28 6
28 48 10
28 29 6
29 49 11
30 31 10
31 50 11
31 32 12
32 33 6
33 51 7
34 53 11
35 36 5
36 55 9
37 38 7
38 57 6
39 60 11
40 61 11
40 41 7
42 43 7
44 45 11
45 46 10
46 63 10
47 64 11
47 48 9
48 65 6
48 49 7
49 66 5
51 71 12
51 52 12
52 72 10
52 53 7
53 54 7
55 56 11
56 74 11
57 76 7
57 58 10
58 77 8
58 59 9
59 78 5
59 60 11
60 79 6
62 83 5
63 85 7
64 87 5
64 65 11
65 88 10
65 66 11
66 89 10
66 67 7
67 68 6
68 90 10
68 69 6
69 91 12
70 71 12
71 72 8
72 92 9
73 94 6
74 96 6
74 75 6
75 76 8
76 97 9
76 77 6
77 98 8
77 78 7
78 99 12
78 79 8
79 100 10
80 81 5
81 102 12
81 82 8
82 103 7
82 83 5
83 104 11
84 106 5
84 85 11
85 107 6
85 86 8
86 87 5
87 108 5
87 88 8
88 89 8
90 109 10
90 91 6
92 112 8
93 113 8
93 94 12
94 95 10
95 114 5
95 96 11
96 115 10
97 117 6
97 98 10
98 118 12
98 99 6
99 100 6
100 119 10
101 120 7
102 123 5
102 103 6
103 124 12
103 104 5
104 125 10
104 105 7
105 126 7
105 106 10
106 127 12
106 107 8
107 128 7
109 130 12
110 132 6
111 134 11
111 112 7
113 135 8
114 136 9
114 115 8
115 137 7
115 116 10
116 138 12
116 117 9
117 118 10
119 140 12
120 141 9
120 121 11
121 142 10
121 122 11
122 143 11
122 123 6
123 124 10
124 144 8
124 125 5
125 126 8
126 145 12
126 127 11
127 128 10
128 146 11
128 129 8
129 147 6
130 131 11
131 151 9
131 132 8
132 133 8
133 152 12
133 134 11
134 153 12
135 155 11
136 157 6
136 137 7
137 138 5
138 158 11
139 161 11
139 140 9
140 162 12
141 142 6
142 163 9
142 143 12
143 164 9
144 166 11
145 168 11
146 170 7
146 147 9
147 171 7
148 173 8
148 149 6
149 174 8
149 150 6
150 175 11
152 177 10
152 153 10
153 154 6
155 156 12
156 179 11
156 157 10
158 180 9
158 159 8
159 181 11
159 160 6
160 161 11
161 182 10
161 162 11
163 164 12
164 183 5
164 165 12
165 184 11
165 166 9
166 167 10
167 185 6
167 168 6
168 186 5
168 169 12
169 170 6
170 187 6
170 171 10
171 188 12
171 172 6
172 173 10
173 174 9
174 189 11
174 175 12
175 190 11
175 176 11
178 194 9
179 196 11
180 197 5
180 181 5
183 201 10
183 184 5
184 202 11
185 204 11
185 186 7
187 188 11
188 206 5
189 209 9
189 190 11
190 210 9
191 212 10
191 192 5
192 213 12
193 214 7
194 216 11
194 195 6
195 217 8
195 196 8
196 218 5
197 219 9
198 221 9
199 200 10
200 201 7
201 224 8
201 202 6
202 225 7
202 203 11
203 226 8
203 204 10
204 227 10
205 229 12
206 230 5
206 207 5
207 231 11
207 208 9
208 232 12
208 209 11
209 210 8
210 233 10
210 211 11
211 234 6
211 212 6
212 235 9
212 213 6
213 236 5
214 238 9
214 215 8
215 216 7
216 239 10
216 217 7
217 240 5
217 218 10
218 241 7
219 242 8
219 220 8
220 243 6
220 221 9
221 244 6
221 222 6
222 245 12
222 223 10
223 246 10
224 225 12
225 226 7
226 247 9
226 227 11
227 228 10
228 229 7
230 249 12
230 231 9
231 232 9
232 250 8
233 234 10
234 235 12
235 252 12
235 236 7
236 237 6
237 238 10
238 253 9
239 255 11
239 240 5
240 256 6
240 241 8
241 257 8
242 243 10
243 260 9
243 244 9
244 261 9
244 245 12
245 246 5
246 262 10
247 265 9
248 249 11
249 269 10
250 270 7
250 251 7
251 271 9
252 273 8
253 276 11
253 254 12
254 277 9
254 255 5
255 278 12
255 256 11
256 279 5
256 257 8
257 280 7
257 258 6
258 281 6
258 259 10
259 282 6
260 283 6
260 261 8
261 284 12
262 286 7
263 287 11
263 264 12
264 288 8
265 291 8
265 266 7
266 267 7
267 292 10
267 268 8
268 293 5
270 271 11
271 296 12
272 297 5
272 273 7
273 298 9
273 274 5
274 299 11
274 275 12
275 300 6
275 276 5
276 301 9
276 277 10
277 302 11
277 278 6
278 303 5
278 279 7
279 304 7
279 280 8
280 305 12
280 281 12
281 306 5
281 282 6
282 307 11
283 308 5
283 284 7
284 309 7
284 285 11
285 310 12
285 286 8
287 311 7
287 288 11
288 289 9
289 290 10
290 291 6
291 312 8
292 293 8
293 314 7
293 294 9
295 316 7
297 298 11
298 319 6
298 299 5
299 320 6
299 300 11
300 301 12
301 302 11
302 303 8
303 321 11
303 304 12
304 305 11
305 306 12
306 322 8
306 307 10
307 323 5
308 324 5
308 309 10
309 325 11
309 310 5
310 326 12
312 313 5
313 330 8
314 331 11
315 316 8
316 333 12
316 317 12
318 335 12
319 320 6
320 337 7
321 338 9
322 340 11
322 323 6
323 341 12
324 325 10
325 342 7
325 326 10
326 327 10
327 343 8
328 345 11
328 329 12
329 346 5
330 347 5
331 348 9
331 332 8
333 350 6
334 335 5
335 352 11
335 336 9
336 353 12
337 354 6
338 339 10
339 357 7
340 359 10
340 341 5
342 361 8
343 362 7
344 345 5
345 346 7
346 363 11
347 365 9
349 367 8
349 350 8
350 368 7
350 351 9
351 369 6
352 353 10
353 370 11
354 371 10
354 355 5
355 372 5
355 356 10
356 373 11
357 374 5
357 358 12
358 375 8
358 359 8
360 377 5
360 361 12
361 378 7
363 364 9
364 381 7
364 365 12
365 366 6
367 383 6
367 368 9
368 369 5
369 384 8
370 386 9
371 372 7
372 388 9
372 373 8
373 389 8
374 375 7
375 392 10
376 395 9
376 377 9
377 396 12
377 378 10
378 397 6
379 400 10
379 380 10
381 402 8
382 383 6
384 385 7
385 407 7
386 409 11
386 387 8
387 410 12
388 411 8
388 389 9
389 390 10
390 412 5
390 391 5
391 413 8
392 393 12
393 415 12
393 394 6
394 416 6
394 395 10
395 417 10
395 396 12
396 418 6
396 397 10
397 398 8
398 399 8
399 419 8
400 420 11
401 423 11
401 402 9
402 424 6
402 403 6
403 425 11
403 404 11
404 405 11
405 426 8
406 428 9
407 429 6
407 408 7
408 430 6
408 409 11
409 431 8
409 410 10
410 432 11
412 435 11
412 413 9
413 436 6
413 414 10
414 437 6
415 439 8
415 416 5
416 417 7
417 418 5
418 440 10
420 443 6
420 421 7
421 444 7
421 422 10
422 423 10
423 424 10
424 445 5
424 425 7
425 446 10
426 447 9
427 448 10
427 428 12
428 449 10
429 451 10
429 430 6
430 452 5
430 431 12
431 453 7
431 432 10
432 454 10
432 433 8
434 435 11
435 436 8
436 455 11
436 437 12
437 456 8
437 438 9
438 439 10
439 457 9
440 441 11
441 442 8
442 460 9
443 444 5
444 462 11
445 446 7
446 464 12
447 466 6
448 468 9
448 449 8
449 450 12
450 469 10
450 451 11
451 470 11
451 452 10
452 453 5
453 454 6
454 471 6
455 474 7
455 456 11
457 475 8
457 458 7
458 476 7
458 459 11
459 477 12
460 461 5
462 481 10
462 463 11
464 483 6
464 465 6
465 484 6
465 466 8
466 467 12
467 485 5
467 468 7
468 486 6
469 487 5
469 470 11
470 488 8
471 491 9
472 473 5
473 494 7
473 474 10
474 495 8
475 498 8
475 476 9
476 499 8
476 477 10
477 500 5
477 478 9
478 501 5
478 479 8
480 504 9
480 481 11
481 505 5
482 506 12
482 483 7
483 507 12
483 484 12
484 508 6
485 486 7
486 509 11
487 488 6
488 489 10
489 511 8
489 490 6
490 491 9
491 512 7
491 492 10
492 513 7
492 493 10
493 514 8
494 495 8
495 496 5
496 515 10
496 497 11
497 516 11
497 498 8
498 499 11
499 517 12
499 500 6
500 518 7
500 501 6
501 519 11
502 521 9
502 503 10
503 522 12
504 505 11
506 524 5
506 507 11
507 525 8
507 508 12
508 526 12
509 528 8
509 510 8
510 529 8
512 533 9
512 513 7
513 534 12
513 514 8
515 538 10
515 516 7
517 540 7
517 518 11
518 541 10
518 519 7
519 542 7
519 520 11
520 543 10
520 521 12
521 522 5
523 545 11
524 547 7
524 525 8
525 526 10
527 528 11
528 529 12
529 530 7
530 548 8
530 531 12
531 549 5
532 550 9
532 533 10
533 534 7
535 552 10
535 536 7
536 553 8
536 537 5
537 554 10
537 538 9
538 555 8
539 556 12
539 540 5
540 541 5
541 542 6
542 557 12
542 543 12
543 558 7
544 561 7
545 563 9
545 546 9
546 547 10
548 569 8
548 549 7
549 570 7
550 571 12
551 552 11
552 553 11
553 574 10
553 554 7
554 575 9
554 555 11
556 576 9
557 578 12
557 558 10
558 559 6
559 579 9
559 560 6
560 580 9
561 562 6
562 563 10
564 583 12
564 565 9
565 584 10
566 586 12
566 567 6
567 568 7
568 587 8
568 569 5
569 588 7
569 570 6
570 589 8
571 591 11
571 572 12
572 573 6
573 592 9
574 594 9
574 575 10
576 597 9
577 578 8
578 598 7
579 580 10
581 582 11
582 583 10
583 584 6
584 585 10
585 586 11
587 588 10
588 589 12
589 590 6
590 591 10
593 594 11
595 596 9
596 597 5
598 599 11
10 0.05 0.05 0.05
