726
0 -1.0 -1.0 7.0 240.0 92.0
1 -1.0 -1.0 6.0 83.0 55.0
2 -1.0 -1.0 16.0 112.0 78.0
3 -1.0 -1.0 18.0 56.0 81.0
4 -1.0 -1.0 5.0 146.0 50.0
5 -1.0 -1.0 16.0 38.0 73.0
6 -1.0 -1.0 19.0 385.0 61.0
7 -1.0 -1.0 11.0 249.0 19.0
8 -1.0 -1.0 20.0 61.0 49.0
9 -1.0 -1.0 13.0 326.0 48.0
10 -1.0 -1.0 17.0 54.0 49.0
11 -1.0 -1.0 13.0 370.0 79.0
12 -1.0 -1.0 9.0 247.0 83.0
13 -1.0 -1.0 17.0 379.0 25.0
14 -1.0 -1.0 17.0 207.0 52.0
15 -1.0 -1.0 5.0 278.0 100.0
16 -1.0 -1.0 14.0 227.0 91.0
17 -1.0 -1.0 15.0 195.0 59.0
18 -1.0 -1.0 13.0 236.0 45.0
19 -1.0 -1.0 8.0 332.0 97.0
20 -1.0 -1.0 12.0 108.0 15.0
21 -1.0 -1.0 17.0 219.0 100.0
22 -1.0 -1.0 14.0 284.0 52.0
23 -1.0 -1.0 18.0 398.0 23.0
24 -1.0 -1.0 8.0 243.0 88.0
25 -1.0 -1.0 5.0 104.0 44.0
26 -1.0 -1.0 5.0 58.0 88.0
27 -1.0 -1.0 15.0 196.0 62.0
28 -1.0 -1.0 16.0 284.0 52.0
29 -1.0 -1.0 17.0 74.0 83.0
30 -1.0 -1.0 9.0 105.0 48.0
31 -1.0 -1.0 17.0 336.0 88.0
32 -1.0 -1.0 9.0 38.0 34.0
33 -1.0 -1.0 6.0 73.0 48.0
34 -1.0 -1.0 11.0 154.0 43.0
35 -1.0 -1.0 14.0 242.0 89.0
36 -1.0 -1.0 18.0 286.0 67.0
37 -1.0 -1.0 19.0 308.0 52.0
38 -1.0 -1.0 11.0 318.0 99.0
39 -1.0 -1.0 12.0 83.0 83.0
40 -1.0 -1.0 5.0 21.0 37.0
41 -1.0 -1.0 8.0 252.0 100.0
42 -1.0 -1.0 4.0 220.0 17.0
43 -1.0 -1.0 15.0 360.0 56.0
44 -1.0 -1.0 7.0 251.0 82.0
45 -1.0 -1.0 5.0 306.0 62.0
46 -1.0 -1.0 6.0 74.0 68.0
47 -1.0 -1.0 14.0 262.0 30.0
48 -1.0 -1.0 9.0 275.0 49.0
49 -1.0 -1.0 13.0 157.0 56.0
50 -1.0 -1.0 20.0 17.0 98.0
51 -1.0 -1.0 18.0 128.0 15.0
52 -1.0 -1.0 6.0 185.0 28.0
53 -1.0 -1.0 19.0 209.0 79.0
54 -1.0 -1.0 17.0 15.0 37.0
55 -1.0 -1.0 19.0 390.0 42.0
56 -1.0 -1.0 12.0 163.0 62.0
57 -1.0 -1.0 16.0 93.0 64.0
58 -1.0 -1.0 8.0 233.0 31.0
59 -1.0 -1.0 17.0 306.0 22.0
60 -1.0 -1.0 4.0 332.0 62.0
61 -1.0 -1.0 17.0 142.0 62.0
62 -1.0 -1.0 20.0 112.0 83.0
63 -1.0 -1.0 12.0 102.0 24.0
64 -1.0 -1.0 19.0 288.0 73.0
65 -1.0 -1.0 19.0 288.0 73.0
66 -1.0 -1.0 7.0 384.0 35.0
67 -1.0 -1.0 12.0 363.0 89.0
68 -1.0 -1.0 11.0 281.0 72.0
69 -1.0 -1.0 19.0 47.0 66.0
70 -1.0 -1.0 18.0 162.0 64.0
71 -1.0 -1.0 16.0 215.0 16.0
72 -1.0 -1.0 13.0 316.0 79.0
73 -1.0 -1.0 13.0 30.0 92.0
74 -1.0 -1.0 9.0 164.0 19.0
75 -1.0 -1.0 19.0 253.0 23.0
76 -1.0 -1.0 5.0 57.0 20.0
77 -1.0 -1.0 17.0 199.0 34.0
78 -1.0 -1.0 18.0 172.0 95.0
79 -1.0 -1.0 20.0 246.0 43.0
80 -1.0 -1.0 16.0 371.0 27.0
81 -1.0 -1.0 5.0 105.0 59.0
82 -1.0 -1.0 6.0 56.0 93.0
83 -1.0 -1.0 8.0 145.0 20.0
84 -1.0 -1.0 19.0 149.0 96.0
85 -1.0 -1.0 17.0 262.0 54.0
86 -1.0 -1.0 7.0 105.0 59.0
87 -1.0 -1.0 19.0 43.0 59.0
88 -1.0 -1.0 11.0 166.0 30.0
89 -1.0 -1.0 19.0 228.0 99.0
90 -1.0 -1.0 7.0 185.0 62.0
91 -1.0 -1.0 14.0 68.0 79.0
92 -1.0 -1.0 17.0 28.0 71.0
93 -1.0 -1.0 13.0 196.0 40.0
94 -1.0 -1.0 15.0 108.0 83.0
95 -1.0 -1.0 17.0 310.0 45.0
96 -1.0 -1.0 5.0 132.0 79.0
97 -1.0 -1.0 20.0 53.0 54.0
98 -1.0 -1.0 17.0 239.0 16.0
99 -1.0 -1.0 17.0 179.0 45.0
100 -1.0 -1.0 10.0 80.0 70.0
101 -1.0 -1.0 11.0 333.0 73.0
102 -1.0 -1.0 19.0 88.0 48.0
103 -1.0 -1.0 18.0 322.0 74.0
104 -1.0 -1.0 18.0 266.0 43.0
105 -1.0 -1.0 11.0 277.0 67.0
106 -1.0 -1.0 8.0 320.0 68.0
107 -1.0 -1.0 16.0 225.0 29.0
108 -1.0 -1.0 10.0 50.0 79.0
109 -1.0 -1.0 10.0 353.0 95.0
110 -1.0 -1.0 19.0 50.0 82.0
111 -1.0 -1.0 15.0 257.0 88.0
112 -1.0 -1.0 4.0 148.0 33.0
113 -1.0 -1.0 20.0 278.0 28.0
114 -1.0 -1.0 18.0 85.0 56.0
115 -1.0 -1.0 20.0 64.0 29.0
116 -1.0 -1.0 5.0 76.0 82.0
117 -1.0 -1.0 16.0 341.0 20.0
118 -1.0 -1.0 16.0 256.0 73.0
119 -1.0 -1.0 14.0 252.0 48.0
120 -1.0 -1.0 17.0 160.0 37.0
121 -1.0 -1.0 14.0 351.0 41.0
122 -1.0 -1.0 5.0 375.0 83.0
123 -1.0 -1.0 6.0 170.0 50.0
124 -1.0 -1.0 19.0 115.0 87.0
125 -1.0 -1.0 17.0 361.0 63.0
126 -1.0 -1.0 9.0 329.0 66.0
127 -1.0 -1.0 17.0 199.0 36.0
128 -1.0 -1.0 14.0 127.0 32.0
129 -1.0 -1.0 20.0 289.0 21.0
130 -1.0 -1.0 13.0 140.0 44.0
131 -1.0 -1.0 13.0 270.0 86.0
132 -1.0 -1.0 12.0 79.0 52.0
133 -1.0 -1.0 4.0 256.0 39.0
134 -1.0 -1.0 4.0 70.0 84.0
135 -1.0 -1.0 10.0 363.0 79.0
136 -1.0 -1.0 12.0 221.0 79.0
137 -1.0 -1.0 15.0 21.0 19.0
138 -1.0 -1.0 13.0 103.0 89.0
139 -1.0 -1.0 12.0 66.0 88.0
140 -1.0 -1.0 5.0 150.0 26.0
141 -1.0 -1.0 12.0 75.0 53.0
142 -1.0 -1.0 16.0 26.0 57.0
143 -1.0 -1.0 7.0 71.0 20.0
144 -1.0 -1.0 17.0 101.0 54.0
145 -1.0 -1.0 11.0 32.0 33.0
146 -1.0 -1.0 15.0 232.0 58.0
147 -1.0 -1.0 20.0 84.0 23.0
148 -1.0 -1.0 10.0 67.0 39.0
149 -1.0 -1.0 20.0 32.0 40.0
150 -1.0 -1.0 5.0 133.0 75.0
151 -1.0 -1.0 15.0 93.0 100.0
152 -1.0 -1.0 10.0 124.0 69.0
153 -1.0 -1.0 20.0 23.0 65.0
154 -1.0 -1.0 14.0 285.0 70.0
155 -1.0 -1.0 4.0 48.0 48.0
156 -1.0 -1.0 6.0 343.0 58.0
157 -1.0 -1.0 20.0 372.0 95.0
158 -1.0 -1.0 20.0 317.0 78.0
159 -1.0 -1.0 5.0 131.0 77.0
160 -1.0 -1.0 11.0 259.0 100.0
161 -1.0 -1.0 4.0 40.0 51.0
162 -1.0 -1.0 9.0 223.0 54.0
163 -1.0 -1.0 19.0 296.0 38.0
164 -1.0 -1.0 11.0 108.0 75.0
165 -1.0 -1.0 9.0 96.0 53.0
166 -1.0 -1.0 10.0 358.0 15.0
167 -1.0 -1.0 4.0 81.0 87.0
168 -1.0 -1.0 9.0 76.0 64.0
169 -1.0 -1.0 20.0 376.0 64.0
170 -1.0 -1.0 4.0 63.0 64.0
171 -1.0 -1.0 11.0 322.0 82.0
172 -1.0 -1.0 10.0 243.0 78.0
173 -1.0 -1.0 12.0 144.0 55.0
174 -1.0 -1.0 16.0 137.0 65.0
175 -1.0 -1.0 14.0 243.0 35.0
176 -1.0 -1.0 20.0 396.0 84.0
177 -1.0 -1.0 15.0 88.0 41.0
178 -1.0 -1.0 7.0 146.0 69.0
179 -1.0 -1.0 5.0 331.0 61.0
180 -1.0 -1.0 18.0 79.0 26.0
181 -1.0 -1.0 6.0 399.0 63.0
182 -1.0 -1.0 15.0 354.0 94.0
183 -1.0 -1.0 8.0 240.0 50.0
184 -1.0 -1.0 15.0 141.0 54.0
185 -1.0 -1.0 16.0 146.0 81.0
186 -1.0 -1.0 5.0 183.0 94.0
187 -1.0 -1.0 14.0 380.0 29.0
188 -1.0 -1.0 4.0 165.0 50.0
189 -1.0 -1.0 14.0 368.0 21.0
190 -1.0 -1.0 17.0 253.0 75.0
191 -1.0 -1.0 14.0 102.0 87.0
192 -1.0 -1.0 17.0 142.0 71.0
193 -1.0 -1.0 17.0 245.0 99.0
194 -1.0 -1.0 14.0 248.0 34.0
195 -1.0 -1.0 14.0 302.0 73.0
196 -1.0 -1.0 12.0 381.0 97.0
197 -1.0 -1.0 18.0 326.0 27.0
198 -1.0 -1.0 7.0 121.0 96.0
199 -1.0 -1.0 15.0 151.0 87.0
200 -1.0 -1.0 7.0 194.0 78.0
201 -1.0 -1.0 12.0 339.0 70.0
202 -1.0 -1.0 11.0 237.0 35.0
203 -1.0 -1.0 9.0 201.0 32.0
204 -1.0 -1.0 6.0 214.0 88.0
205 -1.0 -1.0 8.0 247.0 28.0
206 -1.0 -1.0 18.0 150.0 48.0
207 -1.0 -1.0 19.0 304.0 43.0
208 -1.0 -1.0 15.0 338.0 97.0
209 -1.0 -1.0 16.0 129.0 33.0
210 -1.0 -1.0 6.0 91.0 17.0
211 -1.0 -1.0 16.0 354.0 66.0
212 -1.0 -1.0 4.0 254.0 30.0
213 -1.0 -1.0 14.0 228.0 88.0
214 -1.0 -1.0 8.0 73.0 32.0
215 -1.0 -1.0 9.0 369.0 41.0
216 -1.0 -1.0 17.0 75.0 77.0
217 -1.0 -1.0 15.0 159.0 85.0
218 -1.0 -1.0 20.0 85.0 88.0
219 -1.0 -1.0 8.0 219.0 42.0
220 -1.0 -1.0 20.0 184.0 23.0
221 -1.0 -1.0 13.0 296.0 55.0
222 -1.0 -1.0 10.0 75.0 39.0
223 -1.0 -1.0 16.0 234.0 67.0
224 -1.0 -1.0 17.0 183.0 62.0
225 -1.0 -1.0 15.0 166.0 48.0
226 -1.0 -1.0 11.0 386.0 16.0
227 -1.0 -1.0 13.0 268.0 64.0
228 -1.0 -1.0 10.0 101.0 94.0
229 -1.0 -1.0 5.0 329.0 44.0
230 -1.0 -1.0 15.0 20.0 93.0
231 -1.0 -1.0 16.0 350.0 41.0
232 -1.0 -1.0 17.0 383.0 20.0
233 -1.0 -1.0 9.0 111.0 72.0
234 -1.0 -1.0 19.0 48.0 37.0
235 -1.0 -1.0 17.0 391.0 20.0
236 -1.0 -1.0 18.0 391.0 81.0
237 -1.0 -1.0 18.0 88.0 35.0
238 -1.0 -1.0 4.0 335.0 99.0
239 -1.0 -1.0 16.0 252.0 90.0
240 -1.0 -1.0 4.0 129.0 96.0
241 -1.0 -1.0 6.0 183.0 49.0
242 -1.0 -1.0 11.0 338.0 52.0
243 -1.0 -1.0 12.0 175.0 97.0
244 -1.0 -1.0 8.0 284.0 38.0
245 -1.0 -1.0 9.0 238.0 52.0
246 -1.0 -1.0 13.0 202.0 23.0
247 -1.0 -1.0 12.0 343.0 17.0
248 -1.0 -1.0 5.0 365.0 94.0
249 -1.0 -1.0 14.0 369.0 72.0
250 -1.0 -1.0 13.0 85.0 27.0
251 -1.0 -1.0 9.0 150.0 79.0
252 -1.0 -1.0 8.0 141.0 91.0
253 -1.0 -1.0 10.0 22.0 83.0
254 -1.0 -1.0 6.0 295.0 54.0
255 -1.0 -1.0 7.0 287.0 53.0
256 -1.0 -1.0 12.0 95.0 84.0
257 -1.0 -1.0 11.0 152.0 88.0
258 -1.0 -1.0 4.0 194.0 73.0
259 -1.0 -1.0 19.0 26.0 100.0
260 -1.0 -1.0 19.0 314.0 49.0
261 -1.0 -1.0 20.0 97.0 29.0
262 -1.0 -1.0 17.0 168.0 78.0
263 -1.0 -1.0 14.0 183.0 77.0
264 -1.0 -1.0 13.0 220.0 68.0
265 -1.0 -1.0 13.0 15.0 32.0
266 -1.0 -1.0 6.0 224.0 24.0
267 -1.0 -1.0 9.0 26.0 92.0
268 -1.0 -1.0 4.0 268.0 92.0
269 -1.0 -1.0 20.0 64.0 71.0
270 -1.0 -1.0 9.0 269.0 32.0
271 -1.0 -1.0 7.0 261.0 26.0
272 -1.0 -1.0 17.0 258.0 65.0
273 -1.0 -1.0 20.0 123.0 51.0
274 -1.0 -1.0 19.0 199.0 66.0
275 -1.0 -1.0 19.0 85.0 57.0
276 -1.0 -1.0 14.0 135.0 78.0
277 -1.0 -1.0 10.0 224.0 38.0
278 -1.0 -1.0 19.0 189.0 62.0
279 -1.0 -1.0 17.0 291.0 79.0
280 -1.0 -1.0 18.0 64.0 39.0
281 -1.0 -1.0 16.0 25.0 65.0
282 -1.0 -1.0 11.0 223.0 51.0
283 -1.0 -1.0 19.0 251.0 70.0
284 -1.0 -1.0 11.0 112.0 37.0
285 -1.0 -1.0 6.0 286.0 70.0
286 -1.0 -1.0 12.0 131.0 63.0
287 -1.0 -1.0 13.0 176.0 17.0
288 -1.0 -1.0 17.0 333.0 33.0
289 -1.0 -1.0 9.0 19.0 89.0
290 -1.0 -1.0 5.0 290.0 63.0
291 -1.0 -1.0 16.0 181.0 76.0
292 -1.0 -1.0 19.0 102.0 42.0
293 -1.0 -1.0 9.0 271.0 64.0
294 -1.0 -1.0 7.0 126.0 21.0
295 -1.0 -1.0 9.0 152.0 56.0
296 -1.0 -1.0 7.0 222.0 38.0
297 -1.0 -1.0 7.0 151.0 41.0
298 -1.0 -1.0 13.0 142.0 97.0
299 -1.0 -1.0 11.0 160.0 39.0
300 -1.0 -1.0 9.0 233.0 43.0
301 -1.0 -1.0 7.0 275.0 84.0
302 -1.0 -1.0 8.0 255.0 42.0
303 -1.0 -1.0 16.0 77.0 87.0
304 -1.0 -1.0 4.0 283.0 81.0
305 -1.0 -1.0 9.0 268.0 58.0
306 -1.0 -1.0 14.0 115.0 91.0
307 -1.0 -1.0 7.0 110.0 61.0
308 -1.0 -1.0 15.0 328.0 96.0
309 -1.0 -1.0 10.0 77.0 77.0
310 -1.0 -1.0 14.0 33.0 74.0
311 -1.0 -1.0 19.0 19.0 85.0
312 -1.0 -1.0 16.0 370.0 90.0
313 -1.0 -1.0 18.0 199.0 98.0
314 -1.0 -1.0 8.0 67.0 56.0
315 -1.0 -1.0 6.0 155.0 27.0
316 -1.0 -1.0 5.0 230.0 41.0
317 -1.0 -1.0 15.0 285.0 16.0
318 -1.0 -1.0 14.0 374.0 80.0
319 -1.0 -1.0 4.0 287.0 87.0
320 -1.0 -1.0 10.0 254.0 77.0
321 -1.0 -1.0 9.0 233.0 17.0
322 -1.0 -1.0 19.0 142.0 55.0
323 -1.0 -1.0 6.0 346.0 39.0
324 -1.0 -1.0 4.0 53.0 31.0
325 -1.0 -1.0 19.0 183.0 63.0
326 -1.0 -1.0 6.0 174.0 45.0
327 -1.0 -1.0 19.0 284.0 71.0
328 -1.0 -1.0 19.0 194.0 91.0
329 -1.0 -1.0 8.0 65.0 76.0
330 -1.0 -1.0 19.0 283.0 43.0
331 -1.0 -1.0 6.0 157.0 83.0
332 -1.0 -1.0 7.0 393.0 40.0
333 -1.0 -1.0 10.0 165.0 52.0
334 -1.0 -1.0 7.0 100.0 79.0
335 -1.0 -1.0 11.0 29.0 81.0
336 -1.0 -1.0 6.0 287.0 16.0
337 -1.0 -1.0 9.0 48.0 71.0
338 -1.0 -1.0 8.0 328.0 35.0
339 -1.0 -1.0 16.0 319.0 23.0
340 -1.0 -1.0 15.0 390.0 41.0
341 -1.0 -1.0 6.0 306.0 86.0
342 -1.0 -1.0 15.0 237.0 55.0
343 -1.0 -1.0 19.0 186.0 57.0
344 -1.0 -1.0 19.0 20.0 34.0
345 -1.0 -1.0 6.0 395.0 97.0
346 -1.0 -1.0 17.0 116.0 95.0
347 -1.0 -1.0 10.0 213.0 16.0
348 -1.0 -1.0 13.0 132.0 27.0
349 -1.0 -1.0 19.0 244.0 83.0
350 -1.0 -1.0 18.0 105.0 16.0
351 -1.0 -1.0 19.0 181.0 15.0
352 -1.0 -1.0 17.0 304.0 40.0
353 -1.0 -1.0 19.0 159.0 23.0
354 -1.0 -1.0 10.0 132.0 32.0
355 -1.0 -1.0 12.0 313.0 99.0
356 -1.0 -1.0 18.0 38.0 47.0
357 -1.0 -1.0 19.0 96.0 88.0
358 -1.0 -1.0 4.0 364.0 94.0
359 -1.0 -1.0 11.0 147.0 81.0
360 -1.0 -1.0 13.0 82.0 84.0
361 -1.0 -1.0 12.0 21.0 63.0
362 -1.0 -1.0 8.0 286.0 90.0
363 -1.0 -1.0 20.0 23.0 23.0
364 -1.0 -1.0 5.0 37.0 82.0
365 -1.0 -1.0 6.0 341.0 35.0
366 -1.0 -1.0 18.0 350.0 59.0
367 -1.0 -1.0 12.0 256.0 59.0
368 -1.0 -1.0 14.0 155.0 71.0
369 -1.0 -1.0 8.0 71.0 59.0
370 -1.0 -1.0 20.0 139.0 19.0
371 -1.0 -1.0 14.0 17.0 97.0
372 -1.0 -1.0 11.0 207.0 20.0
373 -1.0 -1.0 10.0 332.0 85.0
374 -1.0 -1.0 14.0 122.0 55.0
375 -1.0 -1.0 10.0 169.0 31.0
376 -1.0 -1.0 7.0 373.0 80.0
377 -1.0 -1.0 13.0 359.0 65.0
378 -1.0 -1.0 16.0 83.0 64.0
379 -1.0 -1.0 10.0 143.0 49.0
380 -1.0 -1.0 5.0 146.0 40.0
381 -1.0 -1.0 4.0 317.0 81.0
382 -1.0 -1.0 6.0 324.0 63.0
383 -1.0 -1.0 13.0 233.0 28.0
384 -1.0 -1.0 11.0 298.0 16.0
385 -1.0 -1.0 12.0 95.0 87.0
386 -1.0 -1.0 17.0 39.0 58.0
387 -1.0 -1.0 11.0 293.0 90.0
388 -1.0 -1.0 19.0 23.0 40.0
389 -1.0 -1.0 14.0 211.0 88.0
390 -1.0 -1.0 8.0 84.0 79.0
391 -1.0 -1.0 10.0 218.0 69.0
392 -1.0 -1.0 5.0 258.0 26.0
393 -1.0 -1.0 7.0 277.0 27.0
394 -1.0 -1.0 15.0 169.0 71.0
395 -1.0 -1.0 4.0 202.0 68.0
396 -1.0 -1.0 8.0 51.0 15.0
397 -1.0 -1.0 6.0 347.0 94.0
398 -1.0 -1.0 10.0 147.0 92.0
399 -1.0 -1.0 11.0 176.0 32.0
400 -1.0 -1.0 14.0 105.0 31.0
401 -1.0 -1.0 19.0 209.0 66.0
402 -1.0 -1.0 7.0 273.0 21.0
403 -1.0 -1.0 14.0 303.0 50.0
404 -1.0 -1.0 10.0 347.0 69.0
405 -1.0 -1.0 6.0 143.0 82.0
406 -1.0 -1.0 15.0 131.0 43.0
407 -1.0 -1.0 11.0 187.0 92.0
408 -1.0 -1.0 17.0 30.0 28.0
409 -1.0 -1.0 9.0 346.0 93.0
410 -1.0 -1.0 4.0 280.0 97.0
411 -1.0 -1.0 7.0 178.0 92.0
412 -1.0 -1.0 18.0 110.0 15.0
413 -1.0 -1.0 15.0 322.0 90.0
414 -1.0 -1.0 10.0 371.0 63.0
415 -1.0 -1.0 18.0 298.0 74.0
416 -1.0 -1.0 7.0 152.0 81.0
417 -1.0 -1.0 14.0 15.0 47.0
418 -1.0 -1.0 14.0 365.0 42.0
419 -1.0 -1.0 8.0 340.0 41.0
420 -1.0 -1.0 7.0 161.0 89.0
421 -1.0 -1.0 13.0 75.0 84.0
422 -1.0 -1.0 10.0 91.0 41.0
423 -1.0 -1.0 6.0 246.0 67.0
424 -1.0 -1.0 6.0 236.0 46.0
425 -1.0 -1.0 18.0 98.0 71.0
426 -1.0 -1.0 6.0 359.0 97.0
427 -1.0 -1.0 5.0 69.0 81.0
428 -1.0 -1.0 16.0 379.0 26.0
429 -1.0 -1.0 10.0 327.0 95.0
430 -1.0 -1.0 12.0 121.0 99.0
431 -1.0 -1.0 17.0 44.0 17.0
432 -1.0 -1.0 18.0 340.0 87.0
433 -1.0 -1.0 15.0 92.0 96.0
434 -1.0 -1.0 15.0 397.0 91.0
435 -1.0 -1.0 20.0 240.0 15.0
436 -1.0 -1.0 19.0 131.0 82.0
437 -1.0 -1.0 20.0 306.0 73.0
438 -1.0 -1.0 13.0 180.0 42.0
439 -1.0 -1.0 10.0 388.0 44.0
440 -1.0 -1.0 4.0 61.0 23.0
441 -1.0 -1.0 20.0 78.0 99.0
442 -1.0 -1.0 8.0 366.0 97.0
443 -1.0 -1.0 16.0 304.0 20.0
444 -1.0 -1.0 19.0 237.0 73.0
445 -1.0 -1.0 12.0 283.0 32.0
446 -1.0 -1.0 18.0 394.0 62.0
447 -1.0 -1.0 14.0 400.0 16.0
448 -1.0 -1.0 12.0 322.0 40.0
449 -1.0 -1.0 20.0 61.0 32.0
450 -1.0 -1.0 9.0 318.0 86.0
451 -1.0 -1.0 6.0 178.0 97.0
452 -1.0 -1.0 20.0 399.0 64.0
453 -1.0 -1.0 16.0 273.0 74.0
454 -1.0 -1.0 20.0 114.0 88.0
455 -1.0 -1.0 8.0 66.0 65.0
456 -1.0 -1.0 10.0 75.0 39.0
457 -1.0 -1.0 12.0 144.0 92.0
458 -1.0 -1.0 6.0 305.0 72.0
459 -1.0 -1.0 14.0 316.0 89.0
460 -1.0 -1.0 17.0 336.0 67.0
461 -1.0 -1.0 17.0 72.0 67.0
462 -1.0 -1.0 15.0 295.0 34.0
463 -1.0 -1.0 9.0 344.0 61.0
464 -1.0 -1.0 13.0 260.0 20.0
465 -1.0 -1.0 7.0 374.0 33.0
466 -1.0 -1.0 17.0 121.0 95.0
467 -1.0 -1.0 19.0 263.0 73.0
468 -1.0 -1.0 6.0 61.0 69.0
469 -1.0 -1.0 9.0 245.0 31.0
470 -1.0 -1.0 8.0 38.0 56.0
471 -1.0 -1.0 20.0 255.0 85.0
472 -1.0 -1.0 19.0 222.0 98.0
473 -1.0 -1.0 10.0 34.0 65.0
474 -1.0 -1.0 13.0 223.0 24.0
475 -1.0 -1.0 10.0 287.0 56.0
476 -1.0 -1.0 9.0 304.0 70.0
477 -1.0 -1.0 16.0 291.0 62.0
478 -1.0 -1.0 18.0 46.0 40.0
479 -1.0 -1.0 12.0 311.0 48.0
480 -1.0 -1.0 14.0 264.0 100.0
481 -1.0 -1.0 12.0 116.0 25.0
482 -1.0 -1.0 16.0 340.0 62.0
483 -1.0 -1.0 17.0 329.0 94.0
484 -1.0 -1.0 14.0 106.0 32.0
485 -1.0 -1.0 13.0 208.0 48.0
486 -1.0 -1.0 9.0 236.0 83.0
487 -1.0 -1.0 5.0 24.0 70.0
488 -1.0 -1.0 18.0 103.0 63.0
489 -1.0 -1.0 10.0 317.0 38.0
490 -1.0 -1.0 9.0 91.0 67.0
491 -1.0 -1.0 8.0 159.0 85.0
492 -1.0 -1.0 19.0 86.0 58.0
493 -1.0 -1.0 18.0 344.0 66.0
494 -1.0 -1.0 4.0 18.0 89.0
495 -1.0 -1.0 6.0 226.0 34.0
496 -1.0 -1.0 10.0 400.0 51.0
497 -1.0 -1.0 7.0 106.0 45.0
498 -1.0 -1.0 18.0 24.0 60.0
499 -1.0 -1.0 17.0 165.0 65.0
500 -1.0 -1.0 12.0 294.0 36.0
501 -1.0 -1.0 13.0 201.0 25.0
502 -1.0 -1.0 9.0 15.0 28.0
503 -1.0 -1.0 17.0 335.0 87.0
504 -1.0 -1.0 10.0 273.0 33.0
505 -1.0 -1.0 7.0 154.0 21.0
506 -1.0 -1.0 7.0 351.0 88.0
507 -1.0 -1.0 14.0 281.0 82.0
508 -1.0 -1.0 14.0 311.0 41.0
509 -1.0 -1.0 12.0 213.0 61.0
510 -1.0 -1.0 17.0 121.0 76.0
511 -1.0 -1.0 8.0 197.0 94.0
512 -1.0 -1.0 7.0 323.0 18.0
513 -1.0 -1.0 18.0 130.0 30.0
514 -1.0 -1.0 13.0 394.0 80.0
515 -1.0 -1.0 12.0 319.0 61.0
516 -1.0 -1.0 13.0 163.0 95.0
517 -1.0 -1.0 8.0 221.0 35.0
518 -1.0 -1.0 4.0 217.0 46.0
519 -1.0 -1.0 12.0 180.0 86.0
520 -1.0 -1.0 8.0 337.0 78.0
521 -1.0 -1.0 5.0 264.0 74.0
522 -1.0 -1.0 14.0 382.0 24.0
523 -1.0 -1.0 6.0 50.0 97.0
524 -1.0 -1.0 6.0 311.0 69.0
525 -1.0 -1.0 15.0 300.0 43.0
526 -1.0 -1.0 13.0 109.0 81.0
527 -1.0 -1.0 5.0 316.0 15.0
528 -1.0 -1.0 15.0 92.0 53.0
529 -1.0 -1.0 18.0 339.0 90.0
530 -1.0 -1.0 16.0 25.0 32.0
531 -1.0 -1.0 8.0 383.0 36.0
532 -1.0 -1.0 14.0 56.0 61.0
533 -1.0 -1.0 11.0 329.0 39.0
534 -1.0 -1.0 13.0 30.0 38.0
535 -1.0 -1.0 4.0 295.0 46.0
536 -1.0 -1.0 12.0 346.0 49.0
537 -1.0 -1.0 13.0 281.0 73.0
538 -1.0 -1.0 13.0 362.0 63.0
539 -1.0 -1.0 15.0 75.0 42.0
540 -1.0 -1.0 12.0 73.0 41.0
541 -1.0 -1.0 14.0 120.0 32.0
542 -1.0 -1.0 20.0 290.0 53.0
543 -1.0 -1.0 15.0 146.0 37.0
544 -1.0 -1.0 14.0 121.0 49.0
545 -1.0 -1.0 12.0 205.0 28.0
546 -1.0 -1.0 4.0 113.0 88.0
547 -1.0 -1.0 8.0 394.0 29.0
548 -1.0 -1.0 8.0 362.0 27.0
549 -1.0 -1.0 17.0 115.0 33.0
550 -1.0 -1.0 10.0 295.0 100.0
551 -1.0 -1.0 13.0 180.0 72.0
552 -1.0 -1.0 11.0 36.0 70.0
553 -1.0 -1.0 19.0 18.0 83.0
554 -1.0 -1.0 16.0 326.0 56.0
555 -1.0 -1.0 11.0 170.0 44.0
556 -1.0 -1.0 9.0 286.0 54.0
557 -1.0 -1.0 8.0 38.0 85.0
558 -1.0 -1.0 4.0 64.0 36.0
559 -1.0 -1.0 8.0 83.0 26.0
560 -1.0 -1.0 16.0 309.0 99.0
561 -1.0 -1.0 7.0 281.0 86.0
562 -1.0 -1.0 15.0 316.0 97.0
563 -1.0 -1.0 5.0 160.0 73.0
564 -1.0 -1.0 9.0 208.0 30.0
565 -1.0 -1.0 9.0 313.0 23.0
566 -1.0 -1.0 13.0 121.0 87.0
567 -1.0 -1.0 10.0 369.0 96.0
568 -1.0 -1.0 13.0 103.0 18.0
569 -1.0 -1.0 15.0 290.0 29.0
570 -1.0 -1.0 18.0 148.0 68.0
571 -1.0 -1.0 15.0 208.0 97.0
572 -1.0 -1.0 12.0 68.0 67.0
573 -1.0 -1.0 12.0 310.0 99.0
574 -1.0 -1.0 18.0 64.0 86.0
575 -1.0 -1.0 8.0 167.0 94.0
576 -1.0 -1.0 16.0 261.0 27.0
577 -1.0 -1.0 9.0 181.0 96.0
578 -1.0 -1.0 11.0 35.0 53.0
579 -1.0 -1.0 19.0 279.0 76.0
580 -1.0 -1.0 14.0 185.0 85.0
581 -1.0 -1.0 14.0 132.0 91.0
582 -1.0 -1.0 8.0 381.0 54.0
583 -1.0 -1.0 15.0 73.0 24.0
584 -1.0 -1.0 17.0 112.0 61.0
585 -1.0 -1.0 19.0 385.0 30.0
586 -1.0 -1.0 7.0 56.0 96.0
587 -1.0 -1.0 18.0 339.0 34.0
588 -1.0 -1.0 14.0 223.0 20.0
589 -1.0 -1.0 5.0 342.0 82.0
590 -1.0 -1.0 4.0 165.0 89.0
591 -1.0 -1.0 15.0 395.0 76.0
592 -1.0 -1.0 9.0 155.0 16.0
593 -1.0 -1.0 14.0 186.0 90.0
594 -1.0 -1.0 17.0 233.0 61.0
595 -1.0 -1.0 16.0 313.0 65.0
596 -1.0 -1.0 18.0 83.0 60.0
597 -1.0 -1.0 12.0 337.0 63.0
598 -1.0 -1.0 17.0 260.0 54.0
599 -1.0 -1.0 13.0 325.0 55.0
600 -1.0 -1.0 8.0 118.0 66.0
601 -1.0 -1.0 15.0 212.0 89.0
602 -1.0 -1.0 17.0 325.0 94.0
603 -1.0 -1.0 13.0 187.0 82.0
604 -1.0 -1.0 11.0 129.0 28.0
605 -1.0 -1.0 16.0 79.0 91.0
606 -1.0 -1.0 16.0 78.0 45.0
607 -1.0 -1.0 14.0 177.0 55.0
608 -1.0 -1.0 19.0 313.0 36.0
609 -1.0 -1.0 18.0 320.0 61.0
610 -1.0 -1.0 20.0 148.0 88.0
611 -1.0 -1.0 13.0 388.0 87.0
612 -1.0 -1.0 20.0 183.0 59.0
613 -1.0 -1.0 20.0 315.0 27.0
614 -1.0 -1.0 6.0 113.0 19.0
615 -1.0 -1.0 18.0 96.0 86.0
616 -1.0 -1.0 5.0 271.0 76.0
617 -1.0 -1.0 18.0 207.0 80.0
618 -1.0 -1.0 9.0 313.0 18.0
619 -1.0 -1.0 10.0 94.0 42.0
620 -1.0 -1.0 13.0 137.0 63.0
621 -1.0 -1.0 17.0 174.0 77.0
622 -1.0 -1.0 9.0 362.0 32.0
623 -1.0 -1.0 13.0 27.0 82.0
624 -1.0 -1.0 12.0 126.0 58.0
625 -1.0 -1.0 18.0 217.0 41.0
626 -1.0 -1.0 13.0 28.0 21.0
627 -1.0 -1.0 4.0 44.0 77.0
628 -1.0 -1.0 19.0 223.0 41.0
629 -1.0 -1.0 16.0 94.0 86.0
630 -1.0 -1.0 12.0 399.0 50.0
631 -1.0 -1.0 9.0 278.0 84.0
632 -1.0 -1.0 7.0 65.0 23.0
633 -1.0 -1.0 16.0 217.0 80.0
634 -1.0 -1.0 8.0 312.0 49.0
635 -1.0 -1.0 4.0 330.0 64.0
636 -1.0 -1.0 7.0 111.0 80.0
637 -1.0 -1.0 4.0 65.0 95.0
638 -1.0 -1.0 7.0 117.0 89.0
639 -1.0 -1.0 14.0 202.0 22.0
640 -1.0 -1.0 10.0 80.0 16.0
641 -1.0 -1.0 20.0 119.0 55.0
642 -1.0 -1.0 16.0 167.0 34.0
643 -1.0 -1.0 17.0 182.0 34.0
644 -1.0 -1.0 17.0 309.0 26.0
645 -1.0 -1.0 17.0 26.0 61.0
646 -1.0 -1.0 16.0 160.0 72.0
647 -1.0 -1.0 7.0 230.0 28.0
648 -1.0 -1.0 20.0 313.0 92.0
649 -1.0 -1.0 11.0 190.0 20.0
650 -1.0 -1.0 12.0 108.0 29.0
651 -1.0 -1.0 5.0 359.0 91.0
652 -1.0 -1.0 13.0 329.0 99.0
653 -1.0 -1.0 20.0 109.0 21.0
654 -1.0 -1.0 5.0 15.0 59.0
655 -1.0 -1.0 15.0 73.0 58.0
656 -1.0 -1.0 16.0 253.0 95.0
657 -1.0 -1.0 13.0 85.0 20.0
658 -1.0 -1.0 13.0 186.0 43.0
659 -1.0 -1.0 15.0 271.0 87.0
660 -1.0 -1.0 18.0 194.0 69.0
661 -1.0 -1.0 20.0 361.0 32.0
662 -1.0 -1.0 8.0 253.0 94.0
663 -1.0 -1.0 19.0 114.0 21.0
664 -1.0 -1.0 9.0 369.0 100.0
665 -1.0 -1.0 8.0 167.0 34.0
666 -1.0 -1.0 6.0 39.0 64.0
667 -1.0 -1.0 17.0 64.0 61.0
668 -1.0 -1.0 9.0 177.0 20.0
669 -1.0 -1.0 13.0 280.0 25.0
670 -1.0 -1.0 4.0 176.0 92.0
671 -1.0 -1.0 17.0 55.0 41.0
672 -1.0 -1.0 20.0 78.0 77.0
673 -1.0 -1.0 7.0 235.0 46.0
674 -1.0 -1.0 9.0 386.0 32.0
675 -1.0 -1.0 20.0 144.0 50.0
676 -1.0 -1.0 12.0 35.0 22.0
677 -1.0 -1.0 8.0 304.0 32.0
678 -1.0 -1.0 16.0 319.0 86.0
679 -1.0 -1.0 14.0 337.0 53.0
680 -1.0 -1.0 7.0 81.0 20.0
681 -1.0 -1.0 20.0 244.0 66.0
682 -1.0 -1.0 11.0 23.0 39.0
683 -1.0 -1.0 4.0 172.0 67.0
684 -1.0 -1.0 8.0 296.0 33.0
685 -1.0 -1.0 19.0 222.0 100.0
686 -1.0 -1.0 8.0 323.0 72.0
687 -1.0 -1.0 19.0 360.0 67.0
688 -1.0 -1.0 4.0 142.0 72.0
689 -1.0 -1.0 20.0 263.0 99.0
690 -1.0 -1.0 4.0 58.0 25.0
691 -1.0 -1.0 17.0 162.0 58.0
692 -1.0 -1.0 10.0 144.0 18.0
693 -1.0 -1.0 6.0 373.0 55.0
694 -1.0 -1.0 10.0 126.0 95.0
695 -1.0 -1.0 9.0 48.0 46.0
696 -1.0 -1.0 4.0 76.0 54.0
697 -1.0 -1.0 20.0 370.0 34.0
698 -1.0 -1.0 10.0 27.0 49.0
699 -1.0 -1.0 19.0 47.0 32.0
700 -1.0 -1.0 9.0 123.0 64.0
701 -1.0 -1.0 18.0 189.0 91.0
702 -1.0 -1.0 7.0 238.0 99.0
703 -1.0 -1.0 15.0 399.0 28.0
704 -1.0 -1.0 20.0 75.0 36.0
705 -1.0 -1.0 16.0 22.0 20.0
706 -1.0 -1.0 8.0 261.0 54.0
707 -1.0 -1.0 8.0 176.0 32.0
708 -1.0 -1.0 9.0 224.0 86.0
709 -1.0 -1.0 5.0 260.0 71.0
710 -1.0 -1.0 16.0 83.0 52.0
711 -1.0 -1.0 4.0 322.0 23.0
712 -1.0 -1.0 16.0 238.0 27.0
713 -1.0 -1.0 6.0 309.0 77.0
714 -1.0 -1.0 5.0 81.0 23.0
715 -1.0 -1.0 8.0 52.0 81.0
716 -1.0 -1.0 6.0 276.0 17.0
717 -1.0 -1.0 5.0 319.0 22.0
718 -1.0 -1.0 9.0 171.0 60.0
719 -1.0 -1.0 4.0 43.0 31.0
720 -1.0 -1.0 13.0 367.0 38.0
721 -1.0 -1.0 16.0 121.0 16.0
722 -1.0 -1.0 19.0 184.0 87.0
723 -1.0 -1.0 18.0 239.0 73.0
724 -1.0 -1.0 6.0 192.0 80.0
725 -1.0 -1.0 6.0 343.0 74.0
942
0 21 11
0 1 10
1 2 12
3 22 7
4 5 12
5 6 8
6 25 8
6 7 10
8 9 10
9 27 11
10 28 6
11 29 10
11 12 5
12 30 5
13 14 7
14 31 11
14 15 8
15 32 9
15 16 5
16 33 6
17 36 7
17 18 9
18 37 6
18 19 5
20 38 8
21 40 8
22 43 6
22 23 9
23 24 7
25 45 5
26 47 12
27 48 8
28 49 5
29 51 12
29 30 8
31 54 10
31 32 7
32 55 5
32 33 6
33 56 8
33 34 10
34 57 11
34 35 7
35 58 6
36 60 5
36 37 5
38 62 11
38 39 9
39 40 5
40 41 9
41 63 8
41 42 6
42 64 10
43 66 10
44 68 9
45 69 12
45 46 10
46 47 6
48 71 7
49 72 11
49 50 10
50 73 8
50 51 12
51 74 9
52 75 12
52 53 9
53 54 10
54 55 12
55 56 10
56 76 7
56 57 7
57 58 9
58 77 7
58 59 9
59 78 11
59 60 10
61 79 5
62 81 11
63 64 8
64 83 5
64 65 5
65 84 12
65 66 7
66 85 10
66 67 9
67 86 10
68 88 9
69 90 11
70 71 11
71 93 6
72 95 9
72 73 5
73 74 7
75 97 7
77 101 7
77 78 5
78 102 7
79 105 10
79 80 9
81 106 10
81 82 8
82 107 8
83 110 10
83 84 5
84 111 8
84 85 8
85 112 8
85 86 12
86 87 6
87 88 8
88 113 9
88 89 9
89 114 8
89 90 8
90 115 11
90 91 9
91 116 5
91 92 9
92 117 11
93 119 6
93 94 5
94 120 12
94 95 8
95 121 5
96 97 5
97 123 12
97 98 9
98 124 8
98 99 8
99 125 9
100 127 10
100 101 12
101 128 5
101 102 7
102 129 12
102 103 6
103 104 6
104 105 5
106 131 9
106 107 12
107 132 5
107 108 5
108 109 10
109 133 11
109 110 10
110 111 6
111 134 8
111 112 5
112 135 6
113 138 6
113 114 9
114 139 9
114 115 10
115 116 7
116 140 8
116 117 11
117 141 6
117 118 8
118 142 8
118 119 7
119 143 7
119 120 7
120 121 6
121 122 10
122 144 7
123 146 11
123 124 7
124 125 8
125 147 5
125 126 12
127 128 8
128 148 8
128 129 5
129 149 5
130 151 12
131 152 11
131 132 8
132 153 9
134 135 8
135 154 12
135 136 6
136 137 12
137 155 10
137 138 6
138 156 6
138 139 6
139 157 12
140 141 10
141 159 8
141 142 11
142 160 8
142 143 11
144 162 10
145 146 11
148 149 10
149 166 8
150 169 10
150 151 7
151 170 11
152 153 7
155 156 10
156 157 12
157 174 11
157 158 7
159 175 9
159 160 11
160 176 8
161 179 10
161 162 8
162 180 11
163 182 7
164 183 5
164 165 9
165 184 10
166 167 5
167 168 5
168 187 7
168 169 5
169 188 10
169 170 7
170 189 12
171 193 10
171 172 6
172 194 7
172 173 8
173 195 6
174 200 12
175 176 10
176 203 10
176 177 7
177 204 6
177 178 11
178 205 8
178 179 12
179 180 7
180 206 12
181 208 8
181 182 12
182 209 11
183 210 7
183 184 6
184 211 10
184 185 6
185 186 11
186 212 10
187 214 8
187 188 9
188 215 11
188 189 11
190 216 8
190 191 7
191 217 7
191 192 6
192 218 6
192 193 12
193 219 8
193 194 12
194 220 10
194 195 9
195 221 5
195 196 5
196 222 9
196 197 11
197 198 9
198 223 5
198 199 6
199 224 6
199 200 11
200 225 12
200 201 12
201 202 9
202 226 5
203 204 9
204 228 5
204 205 12
205 229 8
206 231 10
206 207 12
207 232 5
208 209 11
209 234 12
210 236 10
210 211 5
211 237 10
212 238 11
212 213 7
213 239 7
214 241 9
214 215 12
215 242 12
216 217 9
217 218 8
218 219 6
219 243 8
219 220 6
220 221 12
221 222 11
223 244 12
223 224 5
224 245 11
224 225 7
226 247 8
226 227 5
227 248 9
228 229 5
229 249 8
229 230 7
230 231 5
231 232 6
232 250 11
232 233 6
233 251 5
234 253 7
234 235 7
235 254 11
235 236 9
236 237 9
237 255 11
238 256 11
238 239 9
239 257 8
239 240 9
240 258 8
240 241 11
241 259 12
241 242 11
242 260 12
243 264 9
244 267 11
244 245 9
246 268 12
246 247 5
247 269 12
247 248 9
248 270 8
249 273 8
250 275 9
250 251 12
251 252 7
252 253 10
253 276 10
253 254 8
254 277 7
255 279 7
256 281 9
256 257 8
257 258 6
258 259 8
259 282 5
259 260 8
260 261 12
261 283 7
262 284 5
262 263 11
263 285 10
265 266 7
266 288 6
267 289 6
268 290 9
268 269 5
269 270 8
270 291 8
270 271 7
271 272 5
272 273 11
273 274 6
274 292 10
275 294 5
276 297 10
276 277 5
277 298 11
277 278 6
278 299 11
278 279 12
279 300 11
279 280 6
280 301 9
280 281 9
281 302 8
282 304 7
283 306 10
284 307 7
284 285 10
285 286 8
286 308 9
287 310 6
288 312 9
289 314 8
292 293 12
293 317 10
293 294 8
294 318 8
294 295 5
295 296 8
296 297 5
297 298 6
298 299 9
299 319 10
299 300 9
300 301 12
301 302 6
302 320 8
302 303 11
303 321 10
304 323 7
304 305 11
305 324 9
305 306 10
306 325 9
308 326 6
308 309 9
309 327 10
309 310 5
310 311 12
311 312 5
312 313 11
313 328 12
313 314 10
315 330 8
316 331 8
317 318 6
318 334 8
319 339 7
320 342 12
320 321 7
321 322 7
322 343 11
322 323 5
323 324 12
324 344 7
324 325 10
325 345 12
326 346 8
326 327 11
327 347 12
329 352 7
330 355 6
331 357 9
332 359 11
332 333 7
334 335 12
335 360 7
335 336 6
336 337 6
337 361 8
337 338 5
338 362 11
338 339 5
339 340 9
340 341 12
341 363 10
341 342 8
343 364 6
344 366 11
344 345 8
345 367 9
346 347 9
347 370 11
347 348 11
348 349 11
349 350 7
350 371 6
351 372 12
351 352 10
352 353 8
353 373 10
353 354 6
354 374 7
354 355 10
355 356 6
356 375 5
356 357 9
357 358 11
358 359 11
359 376 8
361 362 6
362 381 11
363 383 8
364 365 6
365 386 7
365 366 7
366 367 12
367 387 5
368 388 8
368 369 11
370 390 9
371 391 8
373 394 10
373 374 10
375 396 9
376 399 12
376 377 8
377 400 11
377 378 7
378 401 5
378 379 5
380 403 7
381 404 6
381 382 12
382 405 5
383 407 9
383 384 10
384 408 7
384 385 6
388 410 6
389 390 9
390 411 10
391 413 6
391 392 7
393 394 11
395 415 9
395 396 7
396 416 11
396 397 7
397 417 9
397 398 6
398 399 12
399 418 11
399 400 5
400 401 8
401 419 8
402 403 5
403 420 12
404 422 5
404 405 9
405 406 9
406 423 12
406 407 7
407 424 11
407 408 9
408 425 5
409 427 11
410 430 9
411 433 7
411 412 5
412 434 6
413 436 11
414 441 12
414 415 9
415 442 11
415 416 10
416 417 10
417 443 10
418 444 10
419 446 9
420 448 5
420 421 5
421 422 9
423 450 11
423 424 11
424 425 9
425 426 7
426 451 5
426 427 7
428 429 9
429 453 12
430 454 12
430 431 9
431 432 6
432 433 5
433 455 5
433 434 8
434 456 12
434 435 9
435 436 6
436 457 12
436 437 9
437 458 5
437 438 11
438 439 9
439 440 12
440 441 11
441 459 9
441 442 11
442 460 6
444 445 11
445 462 12
445 446 6
447 464 5
447 448 6
448 465 11
449 450 9
450 467 5
451 470 6
452 472 9
453 474 11
454 475 5
455 456 9
456 477 8
457 479 7
457 458 10
459 460 7
461 485 9
462 487 8
463 488 12
463 464 7
464 489 7
464 465 6
466 491 10
467 468 6
468 492 12
468 469 12
469 493 12
469 470 12
470 494 12
470 471 7
471 472 11
472 473 11
473 495 5
473 474 7
475 496 6
475 476 5
476 497 7
477 499 10
477 478 11
478 500 12
478 479 8
479 501 8
480 503 6
480 481 7
481 504 8
481 482 8
482 505 11
483 507 5
483 484 10
484 508 5
484 485 6
485 509 9
485 486 6
486 510 8
486 487 12
487 511 8
488 513 11
488 489 9
489 514 10
490 515 7
490 491 5
491 516 10
492 518 12
492 493 5
493 519 8
493 494 9
494 520 12
495 522 8
496 524 7
496 497 8
497 498 9
499 525 11
499 500 10
500 501 12
501 526 7
501 502 12
502 527 6
502 503 10
503 528 12
503 504 7
504 529 5
504 505 5
505 530 10
506 507 6
507 532 11
507 508 5
508 533 9
508 509 6
509 534 5
509 510 12
510 535 7
510 511 10
511 536 6
511 512 11
512 537 7
512 513 9
513 538 11
513 514 12
514 539 9
515 516 9
516 540 5
517 541 6
517 518 9
518 542 12
518 519 9
519 543 9
519 520 6
520 544 7
521 522 10
522 545 10
522 523 5
523 546 11
525 549 11
526 551 6
526 527 5
527 552 5
527 528 7
528 529 5
529 553 11
529 530 5
530 554 11
530 531 7
531 555 11
532 533 8
533 534 10
534 557 5
534 535 12
535 558 7
535 536 12
536 537 5
537 559 8
537 538 9
538 539 8
539 560 11
540 563 8
541 565 11
541 542 7
542 566 5
542 543 8
543 544 6
544 567 10
545 546 10
547 571 5
548 549 10
549 573 11
549 550 7
550 574 10
550 551 9
551 552 6
552 575 9
553 577 8
553 554 9
554 555 6
555 578 7
555 556 10
556 579 12
557 582 6
557 558 8
558 583 8
559 584 8
560 586 10
560 561 7
561 587 6
561 562 8
562 563 12
563 564 8
564 565 7
565 588 5
565 566 9
566 589 12
567 568 10
568 569 9
569 591 9
570 571 6
571 593 11
571 572 9
573 594 9
573 574 6
574 595 8
575 596 12
575 576 11
576 597 9
576 577 9
577 598 12
578 579 11
579 599 10
579 580 9
580 600 12
580 581 5
581 601 6
581 582 8
582 583 8
583 602 7
584 604 8
584 585 11
585 605 9
585 586 8
586 606 10
586 587 8
587 607 6
588 610 8
588 589 9
589 590 12
590 611 7
591 614 8
591 592 12
592 615 10
593 618 8
594 620 8
594 595 9
595 621 6
596 623 6
596 597 7
597 598 6
598 624 11
599 600 11
600 601 8
601 626 12
602 603 9
603 627 5
603 604 9
604 628 10
604 605 10
605 629 5
605 606 11
606 630 11
606 607 5
607 631 7
607 608 6
608 632 5
609 633 6
609 610 8
610 634 8
611 612 10
612 613 10
613 636 9
613 614 6
614 615 8
615 637 5
615 616 8
616 638 10
617 618 12
618 639 5
619 620 7
620 621 11
621 640 12
621 622 6
622 641 5
622 623 12
623 642 7
624 625 7
626 646 10
627 648 5
627 628 6
628 629 9
629 630 5
630 631 12
631 632 11
632 649 7
633 634 6
634 635 11
635 651 5
636 654 5
637 655 10
637 638 9
638 656 7
639 658 11
640 641 8
641 662 6
641 642 12
642 663 5
642 643 9
644 665 9
644 645 11
645 666 11
646 668 6
646 647 8
648 669 5
649 650 8
650 671 6
651 673 12
651 652 12
652 674 10
652 653 12
653 675 9
653 654 5
655 676 6
655 656 8
657 658 11
658 659 11
659 677 7
659 660 10
660 678 11
660 661 5
661 679 11
662 680 12
662 663 7
664 682 11
665 684 6
665 666 11
666 667 11
667 685 8
667 668 10
668 686 6
669 687 5
670 690 5
671 692 12
671 672 9
672 693 9
673 695 12
673 674 9
674 696 5
674 675 11
677 700 12
677 678 8
678 679 12
679 701 6
680 703 7
681 705 12
681 682 5
682 683 11
683 706 10
683 684 11
684 707 9
685 686 7
687 711 7
687 688 8
688 712 10
688 689 12
689 713 9
689 690 12
690 691 8
691 714 5
692 716 12
692 693 7
693 717 6
693 694 8
694 718 8
694 695 12
695 719 7
695 696 8
696 720 11
697 723 7
698 725 10
699 700 12
701 702 9
702 703 5
703 704 11
704 705 10
706 707 7
707 708 7
709 710 12
710 711 5
711 712 7
712 713 6
714 715 9
715 716 12
716 717 5
717 718 12
718 719 9
719 720 6
720 721 6
721 722 6
722 723 5
723 724 5
724 725 9
10 0.05 0.05 0.05
