486
0 -1.0 -1.0 14.0 382.0 33.0
1 -1.0 -1.0 7.0 393.0 71.0
2 -1.0 -1.0 5.0 258.0 25.0
3 -1.0 -1.0 6.0 400.0 59.0
4 -1.0 -1.0 16.0 318.0 17.0
5 -1.0 -1.0 14.0 38.0 75.0
6 -1.0 -1.0 11.0 294.0 95.0
7 -1.0 -1.0 5.0 79.0 47.0
8 -1.0 -1.0 15.0 200.0 42.0
9 -1.0 -1.0 6.0 358.0 66.0
10 -1.0 -1.0 8.0 115.0 69.0
11 -1.0 -1.0 12.0 200.0 74.0
12 -1.0 -1.0 15.0 51.0 72.0
13 -1.0 -1.0 7.0 286.0 77.0
14 -1.0 -1.0 6.0 41.0 18.0
15 -1.0 -1.0 5.0 95.0 97.0
16 -1.0 -1.0 12.0 316.0 61.0
17 -1.0 -1.0 9.0 24.0 38.0
18 -1.0 -1.0 19.0 331.0 44.0
19 -1.0 -1.0 16.0 316.0 89.0
20 -1.0 -1.0 9.0 378.0 40.0
21 -1.0 -1.0 6.0 89.0 42.0
22 -1.0 -1.0 6.0 320.0 36.0
23 -1.0 -1.0 12.0 22.0 76.0
24 -1.0 -1.0 13.0 274.0 35.0
25 -1.0 -1.0 18.0 141.0 93.0
26 -1.0 -1.0 16.0 262.0 44.0
27 -1.0 -1.0 19.0 375.0 77.0
28 -1.0 -1.0 9.0 94.0 40.0
29 -1.0 -1.0 9.0 279.0 24.0
30 -1.0 -1.0 17.0 260.0 46.0
31 -1.0 -1.0 13.0 227.0 34.0
32 -1.0 -1.0 8.0 167.0 97.0
33 -1.0 -1.0 15.0 27.0 73.0
34 -1.0 -1.0 11.0 380.0 23.0
35 -1.0 -1.0 18.0 329.0 27.0
36 -1.0 -1.0 5.0 381.0 41.0
37 -1.0 -1.0 16.0 241.0 48.0
38 -1.0 -1.0 7.0 21.0 33.0
39 -1.0 -1.0 17.0 106.0 22.0
40 -1.0 -1.0 14.0 88.0 97.0
41 -1.0 -1.0 10.0 341.0 87.0
42 -1.0 -1.0 5.0 30.0 21.0
43 -1.0 -1.0 16.0 118.0 59.0
44 -1.0 -1.0 16.0 141.0 87.0
45 -1.0 -1.0 15.0 263.0 66.0
46 -1.0 -1.0 5.0 169.0 43.0
47 -1.0 -1.0 13.0 150.0 30.0
48 -1.0 -1.0 14.0 271.0 71.0
49 -1.0 -1.0 4.0 304.0 30.0
50 -1.0 -1.0 18.0 49.0 67.0
51 -1.0 -1.0 18.0 184.0 95.0
52 -1.0 -1.0 20.0 341.0 83.0
53 -1.0 -1.0 12.0 399.0 72.0
54 -1.0 -1.0 9.0 69.0 36.0
55 -1.0 -1.0 20.0 282.0 24.0
56 -1.0 -1.0 5.0 160.0 78.0
57 -1.0 -1.0 7.0 319.0 44.0
58 -1.0 -1.0 11.0 331.0 17.0
59 -1.0 -1.0 18.0 246.0 21.0
60 -1.0 -1.0 18.0 309.0 40.0
61 -1.0 -1.0 8.0 244.0 67.0
62 -1.0 -1.0 15.0 293.0 32.0
63 -1.0 -1.0 16.0 322.0 63.0
64 -1.0 -1.0 16.0 130.0 68.0
65 -1.0 -1.0 5.0 146.0 96.0
66 -1.0 -1.0 16.0 359.0 23.0
67 -1.0 -1.0 18.0 51.0 50.0
68 -1.0 -1.0 10.0 223.0 63.0
69 -1.0 -1.0 16.0 44.0 72.0
70 -1.0 -1.0 5.0 334.0 73.0
71 -1.0 -1.0 20.0 186.0 41.0
72 -1.0 -1.0 13.0 34.0 46.0
73 -1.0 -1.0 20.0 228.0 76.0
74 -1.0 -1.0 6.0 387.0 64.0
75 -1.0 -1.0 7.0 329.0 59.0
76 -1.0 -1.0 16.0 159.0 100.0
77 -1.0 -1.0 13.0 186.0 68.0
78 -1.0 -1.0 13.0 263.0 46.0
79 -1.0 -1.0 16.0 162.0 64.0
80 -1.0 -1.0 10.0 151.0 51.0
81 -1.0 -1.0 13.0 147.0 66.0
82 -1.0 -1.0 13.0 288.0 74.0
83 -1.0 -1.0 4.0 312.0 35.0
84 -1.0 -1.0 15.0 178.0 73.0
85 -1.0 -1.0 9.0 354.0 97.0
86 -1.0 -1.0 6.0 188.0 83.0
87 -1.0 -1.0 18.0 21.0 71.0
88 -1.0 -1.0 14.0 162.0 43.0
89 -1.0 -1.0 20.0 236.0 94.0
90 -1.0 -1.0 12.0 294.0 30.0
91 -1.0 -1.0 20.0 27.0 91.0
92 -1.0 -1.0 16.0 371.0 94.0
93 -1.0 -1.0 5.0 181.0 43.0
94 -1.0 -1.0 12.0 164.0 48.0
95 -1.0 -1.0 14.0 81.0 60.0
96 -1.0 -1.0 14.0 123.0 52.0
97 -1.0 -1.0 8.0 129.0 19.0
98 -1.0 -1.0 17.0 383.0 47.0
99 -1.0 -1.0 13.0 314.0 51.0
100 -1.0 -1.0 17.0 377.0 51.0
101 -1.0 -1.0 12.0 240.0 90.0
102 -1.0 -1.0 15.0 65.0 29.0
103 -1.0 -1.0 5.0 44.0 25.0
104 -1.0 -1.0 8.0 129.0 52.0
105 -1.0 -1.0 16.0 283.0 69.0
106 -1.0 -1.0 10.0 110.0 54.0
107 -1.0 -1.0 12.0 380.0 52.0
108 -1.0 -1.0 14.0 372.0 27.0
109 -1.0 -1.0 19.0 164.0 63.0
110 -1.0 -1.0 13.0 333.0 64.0
111 -1.0 -1.0 10.0 67.0 46.0
112 -1.0 -1.0 16.0 87.0 47.0
113 -1.0 -1.0 19.0 173.0 39.0
114 -1.0 -1.0 15.0 204.0 22.0
115 -1.0 -1.0 4.0 364.0 71.0
116 -1.0 -1.0 4.0 198.0 53.0
117 -1.0 -1.0 11.0 328.0 54.0
118 -1.0 -1.0 17.0 340.0 46.0
119 -1.0 -1.0 19.0 140.0 44.0
120 -1.0 -1.0 6.0 288.0 98.0
121 -1.0 -1.0 11.0 225.0 29.0
122 -1.0 -1.0 5.0 359.0 24.0
123 -1.0 -1.0 20.0 34.0 16.0
124 -1.0 -1.0 7.0 218.0 33.0
125 -1.0 -1.0 15.0 37.0 65.0
126 -1.0 -1.0 8.0 189.0 63.0
127 -1.0 -1.0 12.0 159.0 44.0
128 -1.0 -1.0 14.0 176.0 86.0
129 -1.0 -1.0 16.0 30.0 15.0
130 -1.0 -1.0 11.0 147.0 29.0
131 -1.0 -1.0 18.0 175.0 81.0
132 -1.0 -1.0 9.0 36.0 15.0
133 -1.0 -1.0 17.0 39.0 28.0
134 -1.0 -1.0 10.0 26.0 24.0
135 -1.0 -1.0 16.0 29.0 26.0
136 -1.0 -1.0 13.0 112.0 70.0
137 -1.0 -1.0 6.0 80.0 49.0
138 -1.0 -1.0 19.0 118.0 80.0
139 -1.0 -1.0 20.0 201.0 51.0
140 -1.0 -1.0 17.0 184.0 36.0
141 -1.0 -1.0 7.0 32.0 67.0
142 -1.0 -1.0 20.0 359.0 89.0
143 -1.0 -1.0 14.0 148.0 45.0
144 -1.0 -1.0 15.0 204.0 26.0
145 -1.0 -1.0 12.0 210.0 62.0
146 -1.0 -1.0 11.0 336.0 80.0
147 -1.0 -1.0 16.0 197.0 73.0
148 -1.0 -1.0 12.0 48.0 40.0
149 -1.0 -1.0 17.0 289.0 45.0
150 -1.0 -1.0 13.0 154.0 32.0
151 -1.0 -1.0 10.0 383.0 81.0
152 -1.0 -1.0 19.0 305.0 57.0
153 -1.0 -1.0 9.0 151.0 56.0
154 -1.0 -1.0 12.0 112.0 55.0
155 -1.0 -1.0 13.0 227.0 47.0
156 -1.0 -1.0 5.0 351.0 16.0
157 -1.0 -1.0 4.0 285.0 85.0
158 -1.0 -1.0 9.0 161.0 82.0
159 -1.0 -1.0 18.0 22.0 74.0
160 -1.0 -1.0 20.0 200.0 48.0
161 -1.0 -1.0 17.0 304.0 51.0
162 -1.0 -1.0 5.0 254.0 29.0
163 -1.0 -1.0 11.0 272.0 64.0
164 -1.0 -1.0 20.0 43.0 30.0
165 -1.0 -1.0 7.0 326.0 83.0
166 -1.0 -1.0 4.0 272.0 66.0
167 -1.0 -1.0 17.0 213.0 71.0
168 -1.0 -1.0 12.0 368.0 59.0
169 -1.0 -1.0 17.0 256.0 16.0
170 -1.0 -1.0 14.0 214.0 57.0
171 -1.0 -1.0 6.0 389.0 46.0
172 -1.0 -1.0 12.0 68.0 63.0
173 -1.0 -1.0 5.0 199.0 65.0
174 -1.0 -1.0 6.0 353.0 28.0
175 -1.0 -1.0 5.0 292.0 23.0
176 -1.0 -1.0 7.0 133.0 22.0
177 -1.0 -1.0 20.0 343.0 39.0
178 -1.0 -1.0 9.0 35.0 64.0
179 -1.0 -1.0 11.0 15.0 99.0
180 -1.0 -1.0 10.0 23.0 81.0
181 -1.0 -1.0 4.0 256.0 86.0
182 -1.0 -1.0 13.0 298.0 26.0
183 -1.0 -1.0 14.0 332.0 81.0
184 -1.0 -1.0 19.0 94.0 58.0
185 -1.0 -1.0 12.0 52.0 79.0
186 -1.0 -1.0 11.0 297.0 99.0
187 -1.0 -1.0 17.0 129.0 56.0
188 -1.0 -1.0 20.0 137.0 84.0
189 -1.0 -1.0 10.0 103.0 55.0
190 -1.0 -1.0 15.0 241.0 21.0
191 -1.0 -1.0 8.0 66.0 17.0
192 -1.0 -1.0 15.0 381.0 54.0
193 -1.0 -1.0 6.0 83.0 43.0
194 -1.0 -1.0 6.0 213.0 41.0
195 -1.0 -1.0 4.0 21.0 51.0
196 -1.0 -1.0 10.0 338.0 52.0
197 -1.0 -1.0 5.0 316.0 37.0
198 -1.0 -1.0 4.0 152.0 87.0
199 -1.0 -1.0 20.0 30.0 27.0
200 -1.0 -1.0 10.0 15.0 79.0
201 -1.0 -1.0 20.0 35.0 74.0
202 -1.0 -1.0 4.0 249.0 49.0
203 -1.0 -1.0 9.0 71.0 33.0
204 -1.0 -1.0 5.0 226.0 29.0
205 -1.0 -1.0 16.0 121.0 73.0
206 -1.0 -1.0 17.0 358.0 70.0
207 -1.0 -1.0 14.0 18.0 48.0
208 -1.0 -1.0 8.0 347.0 79.0
209 -1.0 -1.0 7.0 356.0 17.0
210 -1.0 -1.0 10.0 366.0 21.0
211 -1.0 -1.0 6.0 157.0 80.0
212 -1.0 -1.0 20.0 330.0 93.0
213 -1.0 -1.0 9.0 56.0 60.0
214 -1.0 -1.0 9.0 226.0 41.0
215 -1.0 -1.0 10.0 167.0 16.0
216 -1.0 -1.0 5.0 337.0 17.0
217 -1.0 -1.0 10.0 187.0 90.0
218 -1.0 -1.0 20.0 59.0 67.0
219 -1.0 -1.0 6.0 340.0 35.0
220 -1.0 -1.0 16.0 328.0 89.0
221 -1.0 -1.0 7.0 395.0 99.0
222 -1.0 -1.0 4.0 360.0 72.0
223 -1.0 -1.0 8.0 130.0 63.0
224 -1.0 -1.0 17.0 238.0 24.0
225 -1.0 -1.0 7.0 26.0 47.0
226 -1.0 -1.0 17.0 39.0 79.0
227 -1.0 -1.0 16.0 98.0 70.0
228 -1.0 -1.0 7.0 249.0 72.0
229 -1.0 -1.0 4.0 351.0 72.0
230 -1.0 -1.0 12.0 230.0 78.0
231 -1.0 -1.0 16.0 223.0 28.0
232 -1.0 -1.0 13.0 152.0 82.0
233 -1.0 -1.0 17.0 393.0 29.0
234 -1.0 -1.0 8.0 49.0 26.0
235 -1.0 -1.0 5.0 71.0 50.0
236 -1.0 -1.0 4.0 303.0 96.0
237 -1.0 -1.0 4.0 120.0 96.0
238 -1.0 -1.0 19.0 180.0 62.0
239 -1.0 -1.0 13.0 220.0 63.0
240 -1.0 -1.0 18.0 68.0 73.0
241 -1.0 -1.0 5.0 339.0 19.0
242 -1.0 -1.0 13.0 243.0 48.0
243 -1.0 -1.0 13.0 62.0 85.0
244 -1.0 -1.0 5.0 254.0 91.0
245 -1.0 -1.0 14.0 368.0 64.0
246 -1.0 -1.0 12.0 160.0 94.0
247 -1.0 -1.0 7.0 354.0 29.0
248 -1.0 -1.0 20.0 174.0 76.0
249 -1.0 -1.0 20.0 78.0 93.0
250 -1.0 -1.0 11.0 46.0 23.0
251 -1.0 -1.0 18.0 91.0 23.0
252 -1.0 -1.0 15.0 90.0 77.0
253 -1.0 -1.0 11.0 190.0 66.0
254 -1.0 -1.0 4.0 344.0 60.0
255 -1.0 -1.0 11.0 361.0 37.0
256 -1.0 -1.0 11.0 32.0 50.0
257 -1.0 -1.0 18.0 349.0 88.0
258 -1.0 -1.0 11.0 368.0 91.0
259 -1.0 -1.0 10.0 322.0 45.0
260 -1.0 -1.0 5.0 274.0 29.0
261 -1.0 -1.0 12.0 31.0 55.0
262 -1.0 -1.0 7.0 324.0 62.0
263 -1.0 -1.0 16.0 300.0 61.0
264 -1.0 -1.0 16.0 28.0 49.0
265 -1.0 -1.0 5.0 50.0 27.0
266 -1.0 -1.0 9.0 77.0 16.0
267 -1.0 -1.0 5.0 377.0 75.0
268 -1.0 -1.0 20.0 273.0 75.0
269 -1.0 -1.0 19.0 346.0 77.0
270 -1.0 -1.0 11.0 191.0 65.0
271 -1.0 -1.0 20.0 239.0 69.0
272 -1.0 -1.0 20.0 250.0 31.0
273 -1.0 -1.0 8.0 46.0 96.0
274 -1.0 -1.0 5.0 196.0 22.0
275 -1.0 -1.0 16.0 81.0 62.0
276 -1.0 -1.0 8.0 181.0 95.0
277 -1.0 -1.0 20.0 155.0 95.0
278 -1.0 -1.0 18.0 195.0 30.0
279 -1.0 -1.0 8.0 393.0 73.0
280 -1.0 -1.0 6.0 230.0 34.0
281 -1.0 -1.0 14.0 100.0 59.0
282 -1.0 -1.0 7.0 216.0 86.0
283 -1.0 -1.0 16.0 18.0 28.0
284 -1.0 -1.0 7.0 334.0 27.0
285 -1.0 -1.0 16.0 313.0 82.0
286 -1.0 -1.0 14.0 327.0 21.0
287 -1.0 -1.0 17.0 99.0 70.0
288 -1.0 -1.0 8.0 307.0 23.0
289 -1.0 -1.0 7.0 381.0 65.0
290 -1.0 -1.0 5.0 333.0 46.0
291 -1.0 -1.0 17.0 237.0 96.0
292 -1.0 -1.0 14.0 23.0 84.0
293 -1.0 -1.0 14.0 15.0 97.0
294 -1.0 -1.0 4.0 108.0 48.0
295 -1.0 -1.0 20.0 382.0 62.0
296 -1.0 -1.0 4.0 56.0 23.0
297 -1.0 -1.0 18.0 225.0 16.0
298 -1.0 -1.0 13.0 177.0 49.0
299 -1.0 -1.0 5.0 101.0 36.0
300 -1.0 -1.0 7.0 262.0 62.0
301 -1.0 -1.0 17.0 175.0 21.0
302 -1.0 -1.0 17.0 244.0 84.0
303 -1.0 -1.0 18.0 178.0 22.0
304 -1.0 -1.0 14.0 137.0 99.0
305 -1.0 -1.0 15.0 278.0 18.0
306 -1.0 -1.0 20.0 313.0 93.0
307 -1.0 -1.0 4.0 288.0 26.0
308 -1.0 -1.0 16.0 100.0 40.0
309 -1.0 -1.0 20.0 283.0 96.0
310 -1.0 -1.0 13.0 135.0 72.0
311 -1.0 -1.0 20.0 153.0 41.0
312 -1.0 -1.0 5.0 308.0 24.0
313 -1.0 -1.0 5.0 211.0 92.0
314 -1.0 -1.0 14.0 51.0 100.0
315 -1.0 -1.0 6.0 164.0 81.0
316 -1.0 -1.0 9.0 57.0 47.0
317 -1.0 -1.0 16.0 365.0 25.0
318 -1.0 -1.0 11.0 88.0 60.0
319 -1.0 -1.0 19.0 302.0 92.0
320 -1.0 -1.0 14.0 388.0 41.0
321 -1.0 -1.0 10.0 383.0 38.0
322 -1.0 -1.0 12.0 22.0 85.0
323 -1.0 -1.0 12.0 31.0 73.0
324 -1.0 -1.0 11.0 146.0 89.0
325 -1.0 -1.0 16.0 369.0 54.0
326 -1.0 -1.0 19.0 278.0 82.0
327 -1.0 -1.0 4.0 398.0 41.0
328 -1.0 -1.0 8.0 285.0 50.0
329 -1.0 -1.0 5.0 238.0 63.0
330 -1.0 -1.0 11.0 346.0 90.0
331 -1.0 -1.0 19.0 347.0 29.0
332 -1.0 -1.0 5.0 265.0 40.0
333 -1.0 -1.0 5.0 66.0 35.0
334 -1.0 -1.0 11.0 205.0 67.0
335 -1.0 -1.0 15.0 39.0 39.0
336 -1.0 -1.0 11.0 161.0 81.0
337 -1.0 -1.0 4.0 176.0 38.0
338 -1.0 -1.0 14.0 153.0 55.0
339 -1.0 -1.0 13.0 253.0 100.0
340 -1.0 -1.0 10.0 137.0 56.0
341 -1.0 -1.0 6.0 294.0 72.0
342 -1.0 -1.0 7.0 75.0 94.0
343 -1.0 -1.0 8.0 251.0 23.0
344 -1.0 -1.0 9.0 347.0 52.0
345 -1.0 -1.0 19.0 142.0 23.0
346 -1.0 -1.0 19.0 185.0 46.0
347 -1.0 -1.0 14.0 59.0 22.0
348 -1.0 -1.0 12.0 284.0 43.0
349 -1.0 -1.0 15.0 386.0 77.0
350 -1.0 -1.0 15.0 378.0 75.0
351 -1.0 -1.0 4.0 284.0 75.0
352 -1.0 -1.0 16.0 66.0 50.0
353 -1.0 -1.0 16.0 159.0 19.0
354 -1.0 -1.0 15.0 212.0 43.0
355 -1.0 -1.0 9.0 204.0 37.0
356 -1.0 -1.0 4.0 22.0 84.0
357 -1.0 -1.0 20.0 352.0 82.0
358 -1.0 -1.0 9.0 400.0 67.0
359 -1.0 -1.0 9.0 205.0 96.0
360 -1.0 -1.0 15.0 247.0 82.0
361 -1.0 -1.0 15.0 388.0 23.0
362 -1.0 -1.0 18.0 367.0 16.0
363 -1.0 -1.0 11.0 91.0 83.0
364 -1.0 -1.0 4.0 205.0 64.0
365 -1.0 -1.0 8.0 211.0 63.0
366 -1.0 -1.0 4.0 391.0 23.0
367 -1.0 -1.0 8.0 227.0 67.0
368 -1.0 -1.0 4.0 150.0 54.0
369 -1.0 -1.0 14.0 208.0 99.0
370 -1.0 -1.0 4.0 112.0 88.0
371 -1.0 -1.0 14.0 258.0 85.0
372 -1.0 -1.0 7.0 299.0 33.0
373 -1.0 -1.0 12.0 117.0 85.0
374 -1.0 -1.0 5.0 163.0 64.0
375 -1.0 -1.0 18.0 321.0 26.0
376 -1.0 -1.0 17.0 70.0 52.0
377 -1.0 -1.0 9.0 56.0 82.0
378 -1.0 -1.0 9.0 201.0 84.0
379 -1.0 -1.0 17.0 221.0 68.0
380 -1.0 -1.0 4.0 234.0 28.0
381 -1.0 -1.0 7.0 234.0 40.0
382 -1.0 -1.0 16.0 150.0 27.0
383 -1.0 -1.0 4.0 385.0 56.0
384 -1.0 -1.0 14.0 341.0 85.0
385 -1.0 -1.0 14.0 293.0 22.0
386 -1.0 -1.0 5.0 99.0 16.0
387 -1.0 -1.0 15.0 154.0 66.0
388 -1.0 -1.0 18.0 148.0 83.0
389 -1.0 -1.0 18.0 239.0 16.0
390 -1.0 -1.0 8.0 311.0 95.0
391 -1.0 -1.0 14.0 346.0 95.0
392 -1.0 -1.0 10.0 311.0 69.0
393 -1.0 -1.0 16.0 398.0 29.0
394 -1.0 -1.0 16.0 77.0 92.0
395 -1.0 -1.0 4.0 326.0 26.0
396 -1.0 -1.0 17.0 143.0 79.0
397 -1.0 -1.0 4.0 127.0 94.0
398 -1.0 -1.0 20.0 156.0 31.0
399 -1.0 -1.0 12.0 30.0 15.0
400 -1.0 -1.0 12.0 43.0 49.0
401 -1.0 -1.0 4.0 380.0 82.0
402 -1.0 -1.0 14.0 71.0 59.0
403 -1.0 -1.0 10.0 64.0 44.0
404 -1.0 -1.0 17.0 253.0 84.0
405 -1.0 -1.0 18.0 141.0 70.0
406 -1.0 -1.0 18.0 280.0 19.0
407 -1.0 -1.0 6.0 162.0 45.0
408 -1.0 -1.0 19.0 135.0 55.0
409 -1.0 -1.0 5.0 316.0 18.0
410 -1.0 -1.0 11.0 207.0 52.0
411 -1.0 -1.0 13.0 278.0 18.0
412 -1.0 -1.0 12.0 393.0 20.0
413 -1.0 -1.0 10.0 259.0 85.0
414 -1.0 -1.0 11.0 370.0 66.0
415 -1.0 -1.0 9.0 252.0 28.0
416 -1.0 -1.0 17.0 380.0 81.0
417 -1.0 -1.0 4.0 126.0 43.0
418 -1.0 -1.0 18.0 123.0 53.0
419 -1.0 -1.0 12.0 345.0 22.0
420 -1.0 -1.0 5.0 59.0 23.0
421 -1.0 -1.0 9.0 209.0 70.0
422 -1.0 -1.0 7.0 295.0 39.0
423 -1.0 -1.0 8.0 186.0 46.0
424 -1.0 -1.0 7.0 331.0 57.0
425 -1.0 -1.0 16.0 318.0 76.0
426 -1.0 -1.0 7.0 222.0 33.0
427 -1.0 -1.0 7.0 168.0 84.0
428 -1.0 -1.0 19.0 167.0 38.0
429 -1.0 -1.0 8.0 268.0 40.0
430 -1.0 -1.0 9.0 246.0 41.0
431 -1.0 -1.0 8.0 144.0 35.0
432 -1.0 -1.0 4.0 384.0 78.0
433 -1.0 -1.0 14.0 344.0 31.0
434 -1.0 -1.0 15.0 141.0 56.0
435 -1.0 -1.0 9.0 160.0 32.0
436 -1.0 -1.0 12.0 196.0 92.0
437 -1.0 -1.0 17.0 302.0 94.0
438 -1.0 -1.0 13.0 95.0 21.0
439 -1.0 -1.0 11.0 132.0 66.0
440 -1.0 -1.0 12.0 214.0 92.0
441 -1.0 -1.0 13.0 232.0 44.0
442 -1.0 -1.0 8.0 209.0 92.0
443 -1.0 -1.0 18.0 40.0 88.0
444 -1.0 -1.0 4.0 200.0 94.0
445 -1.0 -1.0 13.0 283.0 63.0
446 -1.0 -1.0 20.0 253.0 81.0
447 -1.0 -1.0 17.0 58.0 37.0
448 -1.0 -1.0 16.0 141.0 85.0
449 -1.0 -1.0 18.0 296.0 38.0
450 -1.0 -1.0 18.0 369.0 29.0
451 -1.0 -1.0 19.0 341.0 46.0
452 -1.0 -1.0 10.0 121.0 30.0
453 -1.0 -1.0 12.0 132.0 58.0
454 -1.0 -1.0 10.0 252.0 50.0
455 -1.0 -1.0 14.0 322.0 56.0
456 -1.0 -1.0 10.0 329.0 20.0
457 -1.0 -1.0 12.0 374.0 84.0
458 -1.0 -1.0 10.0 89.0 36.0
459 -1.0 -1.0 11.0 297.0 91.0
460 -1.0 -1.0 7.0 373.0 17.0
461 -1.0 -1.0 5.0 182.0 46.0
462 -1.0 -1.0 16.0 27.0 29.0
463 -1.0 -1.0 13.0 281.0 81.0
464 -1.0 -1.0 5.0 50.0 99.0
465 -1.0 -1.0 16.0 177.0 39.0
466 -1.0 -1.0 4.0 374.0 39.0
467 -1.0 -1.0 12.0 251.0 94.0
468 -1.0 -1.0 12.0 197.0 21.0
469 -1.0 -1.0 7.0 179.0 16.0
470 -1.0 -1.0 9.0 95.0 71.0
471 -1.0 -1.0 9.0 293.0 75.0
472 -1.0 -1.0 12.0 236.0 15.0
473 -1.0 -1.0 15.0 139.0 24.0
474 -1.0 -1.0 15.0 286.0 37.0
475 -1.0 -1.0 5.0 288.0 80.0
476 -1.0 -1.0 8.0 108.0 36.0
477 -1.0 -1.0 8.0 121.0 89.0
478 -1.0 -1.0 5.0 89.0 50.0
479 -1.0 -1.0 12.0 129.0 25.0
480 -1.0 -1.0 5.0 317.0 50.0
481 -1.0 -1.0 18.0 350.0 40.0
482 -1.0 -1.0 7.0 67.0 49.0
483 -1.0 -1.0 10.0 185.0 75.0
484 -1.0 -1.0 15.0 329.0 33.0
485 -1.0 -1.0 13.0 349.0 82.0
648
0 1 8
1 19 9
1 2 12
2 3 7
3 20 6
3 4 9
4 21 11
4 5 12
6 7 5
7 24 12
8 27 10
8 9 11
9 10 11
10 28 8
10 11 11
11 29 8
11 12 6
12 13 7
14 15 10
15 16 6
16 31 7
16 17 11
17 32 12
17 18 6
19 34 9
20 36 12
20 21 11
22 37 12
23 39 7
24 25 10
25 26 9
26 42 9
26 27 6
27 43 11
28 29 9
29 45 10
30 47 10
31 50 9
31 32 9
32 51 12
33 34 8
34 53 12
34 35 12
35 36 10
36 54 6
37 57 10
38 58 6
38 39 12
39 59 7
39 40 9
40 60 8
40 41 11
42 61 8
42 43 7
43 62 12
43 44 12
46 47 8
47 48 6
48 65 10
48 49 7
49 66 8
49 50 10
50 51 12
51 67 12
51 52 5
52 68 10
54 70 11
54 55 6
55 56 12
56 57 9
58 72 12
58 59 12
59 73 6
59 60 11
60 74 8
61 62 5
62 76 12
63 77 11
64 79 7
65 66 11
67 81 11
67 68 5
68 82 11
69 84 7
69 70 9
70 85 8
71 72 8
72 89 9
72 73 12
73 74 9
74 90 11
75 91 10
76 93 7
77 95 10
77 78 6
78 96 9
78 79 5
79 97 10
80 102 12
80 81 8
81 82 9
83 104 11
83 84 12
84 85 12
85 105 10
85 86 7
86 106 6
86 87 8
87 107 9
87 88 9
88 108 8
89 110 8
90 112 12
91 114 8
91 92 9
92 115 11
93 94 5
94 95 6
95 117 8
95 96 10
96 97 5
97 118 10
97 98 6
98 99 12
99 119 5
99 100 12
100 120 10
100 101 10
101 121 7
101 102 7
103 104 6
104 123 8
105 106 6
106 124 9
106 107 7
107 125 11
107 108 7
108 126 7
108 109 5
109 110 7
110 127 11
110 111 11
111 128 10
111 112 11
112 113 12
113 129 11
113 114 11
114 130 6
114 115 12
115 131 8
115 116 8
116 132 6
117 133 10
118 134 5
119 120 9
120 135 10
120 121 9
121 136 8
122 139 7
123 141 7
124 144 9
124 125 11
125 145 6
125 126 6
126 146 11
127 147 12
127 128 6
128 148 11
129 150 8
129 130 7
130 151 5
130 131 6
131 152 10
131 132 11
132 153 9
133 154 7
134 155 6
135 136 9
136 156 5
136 137 5
137 157 12
137 138 12
138 139 12
139 158 10
140 159 11
140 141 11
141 142 8
142 160 9
142 143 12
143 144 12
144 145 10
145 161 7
145 146 7
147 163 6
147 148 7
148 149 9
149 164 12
149 150 5
150 165 6
150 151 8
151 166 9
151 152 9
152 167 10
152 153 7
153 168 12
154 171 10
155 172 10
156 157 10
157 175 10
158 176 7
159 177 12
160 179 5
161 182 12
162 163 11
163 183 10
164 165 10
165 185 12
165 166 12
166 167 8
167 186 8
167 168 12
168 187 10
168 169 6
169 170 7
170 188 10
170 171 8
171 189 12
172 190 11
172 173 9
173 191 6
173 174 8
174 192 9
175 195 8
177 196 12
177 178 8
178 197 6
178 179 6
179 198 12
179 180 5
180 181 12
181 182 7
182 199 8
183 202 6
183 184 9
186 204 10
186 187 12
187 205 11
188 207 7
188 189 9
189 208 8
190 191 5
191 209 9
191 192 8
192 210 10
192 193 12
193 211 9
193 194 11
194 212 6
194 195 12
195 213 8
196 214 7
196 197 7
197 215 12
197 198 8
198 216 5
199 219 10
199 200 10
200 220 10
200 201 8
201 221 10
201 202 11
202 222 11
203 226 5
203 204 6
204 205 7
205 227 6
205 206 11
206 207 8
207 228 8
207 208 9
208 229 6
209 210 8
210 211 10
211 230 7
211 212 7
212 213 10
213 231 8
214 234 6
214 215 7
215 216 8
216 235 7
216 217 9
217 236 6
217 218 11
218 219 9
219 237 5
219 220 9
220 238 9
220 221 11
221 239 5
221 222 5
222 240 12
222 223 12
223 241 10
223 224 6
224 242 5
224 225 8
225 226 9
226 243 8
227 244 10
228 246 10
228 229 5
229 247 9
230 250 10
231 232 12
232 233 11
233 252 7
234 253 12
235 255 5
235 236 5
236 256 11
237 258 11
237 238 6
238 239 7
239 240 6
240 259 11
240 241 9
241 260 7
241 242 7
244 262 8
244 245 11
245 263 5
245 246 6
246 264 5
246 247 5
247 265 6
248 267 6
248 249 7
249 268 11
250 270 7
250 251 5
251 271 10
253 254 6
254 255 11
255 273 7
255 256 5
256 274 8
256 257 12
257 275 12
257 258 11
259 260 8
261 278 11
262 281 10
262 263 11
263 264 11
264 282 9
264 265 8
265 266 5
266 267 11
267 283 8
267 268 8
268 269 5
269 284 10
269 270 7
270 285 6
270 271 7
271 286 10
271 272 11
272 287 11
273 290 8
273 274 11
274 275 11
275 291 11
276 294 9
277 295 8
277 278 11
278 296 11
278 279 8
279 280 11
280 281 12
281 297 10
282 298 12
284 301 10
284 285 8
285 286 12
286 287 12
287 302 5
288 289 8
289 304 7
289 290 10
290 305 6
291 307 11
291 292 11
292 293 5
293 308 11
293 294 8
294 309 7
295 312 9
295 296 7
297 315 7
298 317 11
299 319 10
300 301 9
302 321 9
302 303 5
303 322 10
304 305 11
305 324 6
305 306 8
306 307 11
307 325 10
308 326 8
308 309 11
309 327 9
309 310 6
310 328 5
310 311 10
311 329 8
311 312 5
312 330 6
313 332 10
313 314 12
314 333 10
314 315 11
315 316 5
316 334 10
316 317 10
317 335 7
317 318 11
318 319 12
319 320 8
321 338 7
321 322 12
322 339 12
322 323 6
323 340 6
325 343 12
326 327 8
327 345 8
327 328 8
328 346 7
328 329 9
329 330 5
330 347 11
330 331 7
331 348 11
331 332 6
332 333 8
333 349 5
334 335 5
335 350 8
336 354 7
336 337 11
337 355 7
338 357 9
338 339 8
339 340 6
341 358 11
342 361 8
342 343 6
343 362 7
343 344 11
345 346 7
346 364 7
347 366 9
347 348 9
348 367 10
349 369 11
350 372 12
350 351 10
351 352 11
352 373 12
353 375 7
353 354 12
354 376 6
354 355 12
355 377 8
355 356 11
356 378 10
356 357 6
357 379 10
358 359 10
359 381 12
359 360 11
360 382 6
360 361 5
361 383 12
361 362 12
363 385 9
364 365 9
365 386 10
365 366 8
366 387 11
366 367 9
367 368 12
368 388 11
368 369 6
369 389 8
369 370 12
370 390 12
370 371 12
371 391 6
371 372 12
372 392 6
373 374 8
374 393 11
374 375 12
375 394 5
375 376 12
376 395 8
376 377 7
377 396 5
377 378 11
378 397 7
378 379 12
380 398 6
381 382 5
382 400 11
382 383 12
383 401 9
384 402 8
384 385 11
385 403 12
386 405 12
386 387 11
387 406 5
388 408 12
388 389 5
389 390 6
390 409 9
390 391 5
391 410 6
391 392 8
393 412 11
393 394 11
394 413 6
394 395 7
395 396 12
396 414 8
396 397 8
397 415 7
398 417 5
399 418 11
400 401 10
401 419 7
402 403 11
403 421 12
404 423 12
404 405 12
405 406 9
406 424 8
406 407 5
407 408 5
408 425 6
409 410 10
411 428 12
411 412 6
412 429 5
412 413 10
414 431 6
414 415 6
415 432 5
416 417 5
417 434 9
418 435 6
419 438 12
419 420 7
420 439 7
421 422 7
422 423 9
423 440 9
426 444 6
426 427 12
427 428 12
428 429 6
429 445 9
430 447 10
430 431 11
431 448 12
431 432 10
432 449 7
432 433 12
434 450 9
435 436 5
436 451 11
436 437 6
437 452 10
437 438 6
438 453 7
438 439 6
439 454 11
440 458 7
441 462 12
441 442 12
442 463 6
442 443 9
443 464 10
443 444 8
444 465 9
445 467 8
445 446 10
446 468 8
446 447 6
447 469 7
447 448 11
448 470 11
448 449 11
449 471 12
450 474 7
451 475 7
451 452 6
452 476 9
452 453 8
453 477 6
453 454 9
454 478 5
454 455 10
455 456 5
456 479 5
456 457 12
457 458 7
458 459 7
459 460 9
461 480 5
461 462 7
462 481 6
462 463 5
463 464 5
464 465 6
465 466 7
467 482 5
467 468 10
468 483 6
468 469 11
469 484 8
469 470 10
470 485 8
470 471 12
471 472 10
472 473 12
473 474 6
475 476 11
476 477 10
477 478 10
480 481 5
482 483 11
483 484 9
484 485 8
10 0.05 0.05 0.05
