600
0 -1.0 -1.0 19.0 286.0 31.0
1 -1.0 -1.0 9.0 379.0 30.0
2 -1.0 -1.0 12.0 342.0 87.0
3 -1.0 -1.0 20.0 253.0 29.0
4 -1.0 -1.0 8.0 120.0 71.0
5 -1.0 -1.0 7.0 319.0 48.0
6 -1.0 -1.0 11.0 146.0 79.0
7 -1.0 -1.0 11.0 208.0 54.0
8 -1.0 -1.0 8.0 230.0 27.0
9 -1.0 -1.0 7.0 351.0 46.0
10 -1.0 -1.0 18.0 31.0 50.0
11 -1.0 -1.0 13.0 91.0 78.0
12 -1.0 -1.0 19.0 45.0 45.0
13 -1.0 -1.0 15.0 314.0 92.0
14 -1.0 -1.0 7.0 214.0 62.0
15 -1.0 -1.0 17.0 342.0 46.0
16 -1.0 -1.0 11.0 381.0 51.0
17 -1.0 -1.0 9.0 398.0 72.0
18 -1.0 -1.0 18.0 196.0 59.0
19 -1.0 -1.0 19.0 176.0 76.0
20 -1.0 -1.0 18.0 367.0 29.0
21 -1.0 -1.0 14.0 328.0 75.0
22 -1.0 -1.0 19.0 373.0 28.0
23 -1.0 -1.0 7.0 298.0 21.0
24 -1.0 -1.0 17.0 214.0 58.0
25 -1.0 -1.0 12.0 278.0 76.0
26 -1.0 -1.0 14.0 282.0 89.0
27 -1.0 -1.0 9.0 280.0 40.0
28 -1.0 -1.0 17.0 109.0 57.0
29 -1.0 -1.0 8.0 314.0 16.0
30 -1.0 -1.0 20.0 177.0 79.0
31 -1.0 -1.0 18.0 245.0 41.0
32 -1.0 -1.0 4.0 371.0 79.0
33 -1.0 -1.0 17.0 151.0 24.0
34 -1.0 -1.0 17.0 61.0 64.0
35 -1.0 -1.0 20.0 251.0 15.0
36 -1.0 -1.0 17.0 302.0 41.0
37 -1.0 -1.0 10.0 22.0 92.0
38 -1.0 -1.0 4.0 156.0 62.0
39 -1.0 -1.0 14.0 212.0 94.0
40 -1.0 -1.0 14.0 27.0 28.0
41 -1.0 -1.0 19.0 136.0 34.0
42 -1.0 -1.0 9.0 142.0 23.0
43 -1.0 -1.0 5.0 63.0 58.0
44 -1.0 -1.0 8.0 201.0 40.0
45 -1.0 -1.0 10.0 311.0 24.0
46 -1.0 -1.0 18.0 113.0 48.0
47 -1.0 -1.0 10.0 345.0 93.0
48 -1.0 -1.0 9.0 217.0 97.0
49 -1.0 -1.0 5.0 223.0 50.0
50 -1.0 -1.0 10.0 338.0 55.0
51 -1.0 -1.0 19.0 243.0 93.0
52 -1.0 -1.0 17.0 244.0 94.0
53 -1.0 -1.0 20.0 337.0 73.0
54 -1.0 -1.0 18.0 119.0 69.0
55 -1.0 -1.0 16.0 30.0 57.0
56 -1.0 -1.0 20.0 368.0 82.0
57 -1.0 -1.0 12.0 108.0 58.0
58 -1.0 -1.0 11.0 38.0 92.0
59 -1.0 -1.0 12.0 45.0 18.0
60 -1.0 -1.0 5.0 296.0 60.0
61 -1.0 -1.0 5.0 119.0 72.0
62 -1.0 -1.0 19.0 219.0 78.0
63 -1.0 -1.0 4.0 265.0 89.0
64 -1.0 -1.0 13.0 105.0 77.0
65 -1.0 -1.0 5.0 323.0 58.0
66 -1.0 -1.0 15.0 336.0 84.0
67 -1.0 -1.0 15.0 263.0 24.0
68 -1.0 -1.0 20.0 302.0 34.0
69 -1.0 -1.0 4.0 365.0 44.0
70 -1.0 -1.0 18.0 389.0 83.0
71 -1.0 -1.0 10.0 397.0 27.0
72 -1.0 -1.0 10.0 143.0 46.0
73 -1.0 -1.0 19.0 334.0 99.0
74 -1.0 -1.0 12.0 361.0 72.0
75 -1.0 -1.0 20.0 237.0 23.0
76 -1.0 -1.0 13.0 37.0 59.0
77 -1.0 -1.0 11.0 385.0 17.0
78 -1.0 -1.0 18.0 68.0 91.0
79 -1.0 -1.0 19.0 45.0 76.0
80 -1.0 -1.0 6.0 362.0 61.0
81 -1.0 -1.0 14.0 380.0 20.0
82 -1.0 -1.0 19.0 104.0 38.0
83 -1.0 -1.0 12.0 292.0 68.0
84 -1.0 -1.0 11.0 290.0 26.0
85 -1.0 -1.0 14.0 103.0 55.0
86 -1.0 -1.0 12.0 126.0 22.0
87 -1.0 -1.0 4.0 177.0 28.0
88 -1.0 -1.0 16.0 201.0 22.0
89 -1.0 -1.0 5.0 149.0 26.0
90 -1.0 -1.0 18.0 113.0 27.0
91 -1.0 -1.0 18.0 21.0 96.0
92 -1.0 -1.0 5.0 295.0 16.0
93 -1.0 -1.0 20.0 234.0 90.0
94 -1.0 -1.0 11.0 201.0 24.0
95 -1.0 -1.0 12.0 282.0 15.0
96 -1.0 -1.0 8.0 358.0 86.0
97 -1.0 -1.0 7.0 298.0 76.0
98 -1.0 -1.0 17.0 324.0 22.0
99 -1.0 -1.0 9.0 283.0 75.0
100 -1.0 -1.0 16.0 53.0 66.0
101 -1.0 -1.0 14.0 205.0 23.0
102 -1.0 -1.0 14.0 241.0 83.0
103 -1.0 -1.0 14.0 307.0 75.0
104 -1.0 -1.0 6.0 49.0 71.0
105 -1.0 -1.0 13.0 191.0 95.0
106 -1.0 -1.0 6.0 152.0 87.0
107 -1.0 -1.0 13.0 161.0 97.0
108 -1.0 -1.0 13.0 374.0 69.0
109 -1.0 -1.0 20.0 181.0 96.0
110 -1.0 -1.0 18.0 152.0 70.0
111 -1.0 -1.0 15.0 343.0 58.0
112 -1.0 -1.0 20.0 251.0 75.0
113 -1.0 -1.0 6.0 69.0 36.0
114 -1.0 -1.0 4.0 308.0 68.0
115 -1.0 -1.0 18.0 271.0 41.0
116 -1.0 -1.0 18.0 380.0 86.0
117 -1.0 -1.0 7.0 263.0 58.0
118 -1.0 -1.0 9.0 244.0 64.0
119 -1.0 -1.0 7.0 342.0 28.0
120 -1.0 -1.0 9.0 225.0 30.0
121 -1.0 -1.0 20.0 188.0 77.0
122 -1.0 -1.0 6.0 227.0 22.0
123 -1.0 -1.0 5.0 214.0 45.0
124 -1.0 -1.0 11.0 141.0 74.0
125 -1.0 -1.0 17.0 369.0 24.0
126 -1.0 -1.0 7.0 266.0 37.0
127 -1.0 -1.0 13.0 244.0 69.0
128 -1.0 -1.0 4.0 31.0 93.0
129 -1.0 -1.0 16.0 243.0 21.0
130 -1.0 -1.0 5.0 321.0 73.0
131 -1.0 -1.0 5.0 144.0 76.0
132 -1.0 -1.0 17.0 57.0 91.0
133 -1.0 -1.0 6.0 38.0 18.0
134 -1.0 -1.0 17.0 171.0 16.0
135 -1.0 -1.0 10.0 142.0 80.0
136 -1.0 -1.0 10.0 147.0 50.0
137 -1.0 -1.0 16.0 129.0 81.0
138 -1.0 -1.0 5.0 159.0 78.0
139 -1.0 -1.0 5.0 147.0 65.0
140 -1.0 -1.0 18.0 309.0 30.0
141 -1.0 -1.0 6.0 78.0 90.0
142 -1.0 -1.0 17.0 65.0 88.0
143 -1.0 -1.0 4.0 368.0 100.0
144 -1.0 -1.0 17.0 393.0 29.0
145 -1.0 -1.0 11.0 126.0 16.0
146 -1.0 -1.0 8.0 19.0 32.0
147 -1.0 -1.0 17.0 308.0 20.0
148 -1.0 -1.0 4.0 284.0 53.0
149 -1.0 -1.0 6.0 190.0 58.0
150 -1.0 -1.0 17.0 114.0 42.0
151 -1.0 -1.0 4.0 192.0 46.0
152 -1.0 -1.0 16.0 367.0 20.0
153 -1.0 -1.0 7.0 178.0 94.0
154 -1.0 -1.0 20.0 344.0 82.0
155 -1.0 -1.0 7.0 237.0 70.0
156 -1.0 -1.0 6.0 41.0 91.0
157 -1.0 -1.0 16.0 141.0 46.0
158 -1.0 -1.0 5.0 306.0 65.0
159 -1.0 -1.0 10.0 77.0 34.0
160 -1.0 -1.0 5.0 70.0 37.0
161 -1.0 -1.0 17.0 168.0 42.0
162 -1.0 -1.0 6.0 278.0 46.0
163 -1.0 -1.0 8.0 179.0 68.0
164 -1.0 -1.0 8.0 384.0 69.0
165 -1.0 -1.0 4.0 233.0 68.0
166 -1.0 -1.0 17.0 324.0 57.0
167 -1.0 -1.0 5.0 352.0 19.0
168 -1.0 -1.0 19.0 307.0 85.0
169 -1.0 -1.0 20.0 366.0 94.0
170 -1.0 -1.0 4.0 185.0 15.0
171 -1.0 -1.0 18.0 193.0 63.0
172 -1.0 -1.0 17.0 156.0 32.0
173 -1.0 -1.0 7.0 164.0 51.0
174 -1.0 -1.0 8.0 228.0 18.0
175 -1.0 -1.0 14.0 382.0 75.0
176 -1.0 -1.0 13.0 165.0 51.0
177 -1.0 -1.0 20.0 367.0 74.0
178 -1.0 -1.0 15.0 159.0 67.0
179 -1.0 -1.0 7.0 81.0 97.0
180 -1.0 -1.0 14.0 194.0 85.0
181 -1.0 -1.0 7.0 226.0 56.0
182 -1.0 -1.0 11.0 367.0 29.0
183 -1.0 -1.0 18.0 155.0 67.0
184 -1.0 -1.0 8.0 238.0 47.0
185 -1.0 -1.0 8.0 42.0 54.0
186 -1.0 -1.0 11.0 195.0 72.0
187 -1.0 -1.0 7.0 23.0 61.0
188 -1.0 -1.0 13.0 147.0 86.0
189 -1.0 -1.0 16.0 229.0 41.0
190 -1.0 -1.0 6.0 312.0 51.0
191 -1.0 -1.0 20.0 162.0 72.0
192 -1.0 -1.0 7.0 288.0 54.0
193 -1.0 -1.0 20.0 197.0 51.0
194 -1.0 -1.0 4.0 67.0 19.0
195 -1.0 -1.0 20.0 273.0 44.0
196 -1.0 -1.0 12.0 48.0 23.0
197 -1.0 -1.0 15.0 78.0 79.0
198 -1.0 -1.0 12.0 368.0 21.0
199 -1.0 -1.0 15.0 44.0 44.0
200 -1.0 -1.0 14.0 214.0 61.0
201 -1.0 -1.0 16.0 118.0 39.0
202 -1.0 -1.0 16.0 279.0 38.0
203 -1.0 -1.0 16.0 368.0 91.0
204 -1.0 -1.0 18.0 102.0 23.0
205 -1.0 -1.0 13.0 151.0 27.0
206 -1.0 -1.0 9.0 69.0 83.0
207 -1.0 -1.0 13.0 80.0 24.0
208 -1.0 -1.0 12.0 355.0 63.0
209 -1.0 -1.0 12.0 250.0 50.0
210 -1.0 -1.0 19.0 74.0 15.0
211 -1.0 -1.0 14.0 265.0 38.0
212 -1.0 -1.0 10.0 134.0 74.0
213 -1.0 -1.0 15.0 126.0 98.0
214 -1.0 -1.0 20.0 311.0 45.0
215 -1.0 -1.0 19.0 342.0 92.0
216 -1.0 -1.0 7.0 250.0 18.0
217 -1.0 -1.0 12.0 343.0 79.0
218 -1.0 -1.0 8.0 199.0 61.0
219 -1.0 -1.0 10.0 309.0 71.0
220 -1.0 -1.0 13.0 337.0 60.0
221 -1.0 -1.0 11.0 221.0 26.0
222 -1.0 -1.0 10.0 144.0 36.0
223 -1.0 -1.0 4.0 353.0 63.0
224 -1.0 -1.0 12.0 255.0 44.0
225 -1.0 -1.0 11.0 21.0 46.0
226 -1.0 -1.0 9.0 117.0 32.0
227 -1.0 -1.0 14.0 266.0 27.0
228 -1.0 -1.0 16.0 154.0 28.0
229 -1.0 -1.0 19.0 257.0 59.0
230 -1.0 -1.0 11.0 349.0 78.0
231 -1.0 -1.0 12.0 319.0 75.0
232 -1.0 -1.0 6.0 315.0 23.0
233 -1.0 -1.0 11.0 245.0 34.0
234 -1.0 -1.0 20.0 240.0 18.0
235 -1.0 -1.0 5.0 136.0 62.0
236 -1.0 -1.0 11.0 254.0 24.0
237 -1.0 -1.0 7.0 78.0 82.0
238 -1.0 -1.0 10.0 373.0 90.0
239 -1.0 -1.0 5.0 172.0 87.0
240 -1.0 -1.0 18.0 347.0 70.0
241 -1.0 -1.0 20.0 228.0 30.0
242 -1.0 -1.0 13.0 158.0 34.0
243 -1.0 -1.0 9.0 326.0 80.0
244 -1.0 -1.0 5.0 219.0 80.0
245 -1.0 -1.0 9.0 104.0 29.0
246 -1.0 -1.0 9.0 353.0 51.0
247 -1.0 -1.0 17.0 360.0 42.0
248 -1.0 -1.0 18.0 50.0 48.0
249 -1.0 -1.0 12.0 83.0 61.0
250 -1.0 -1.0 15.0 374.0 98.0
251 -1.0 -1.0 19.0 310.0 96.0
252 -1.0 -1.0 20.0 96.0 47.0
253 -1.0 -1.0 11.0 329.0 96.0
254 -1.0 -1.0 18.0 241.0 64.0
255 -1.0 -1.0 10.0 353.0 47.0
256 -1.0 -1.0 6.0 301.0 68.0
257 -1.0 -1.0 18.0 37.0 95.0
258 -1.0 -1.0 7.0 16.0 83.0
259 -1.0 -1.0 17.0 347.0 65.0
260 -1.0 -1.0 15.0 282.0 63.0
261 -1.0 -1.0 18.0 156.0 68.0
262 -1.0 -1.0 16.0 32.0 99.0
263 -1.0 -1.0 14.0 326.0 49.0
264 -1.0 -1.0 12.0 364.0 95.0
265 -1.0 -1.0 19.0 392.0 85.0
266 -1.0 -1.0 16.0 368.0 43.0
267 -1.0 -1.0 17.0 272.0 89.0
268 -1.0 -1.0 10.0 150.0 84.0
269 -1.0 -1.0 18.0 138.0 56.0
270 -1.0 -1.0 16.0 327.0 64.0
271 -1.0 -1.0 4.0 332.0 49.0
272 -1.0 -1.0 19.0 222.0 45.0
273 -1.0 -1.0 19.0 206.0 79.0
274 -1.0 -1.0 7.0 20.0 68.0
275 -1.0 -1.0 7.0 79.0 91.0
276 -1.0 -1.0 17.0 183.0 18.0
277 -1.0 -1.0 16.0 185.0 69.0
278 -1.0 -1.0 9.0 314.0 81.0
279 -1.0 -1.0 16.0 182.0 61.0
280 -1.0 -1.0 11.0 75.0 39.0
281 -1.0 -1.0 13.0 343.0 82.0
282 -1.0 -1.0 5.0 160.0 94.0
283 -1.0 -1.0 8.0 202.0 41.0
284 -1.0 -1.0 14.0 220.0 83.0
285 -1.0 -1.0 11.0 111.0 72.0
286 -1.0 -1.0 19.0 317.0 98.0
287 -1.0 -1.0 4.0 170.0 62.0
288 -1.0 -1.0 7.0 212.0 96.0
289 -1.0 -1.0 16.0 103.0 34.0
290 -1.0 -1.0 14.0 143.0 56.0
291 -1.0 -1.0 7.0 251.0 36.0
292 -1.0 -1.0 20.0 156.0 41.0
293 -1.0 -1.0 19.0 284.0 80.0
294 -1.0 -1.0 9.0 20.0 69.0
295 -1.0 -1.0 4.0 85.0 43.0
296 -1.0 -1.0 10.0 335.0 25.0
297 -1.0 -1.0 13.0 136.0 52.0
298 -1.0 -1.0 14.0 117.0 95.0
299 -1.0 -1.0 15.0 153.0 92.0
300 -1.0 -1.0 5.0 346.0 80.0
301 -1.0 -1.0 5.0 151.0 89.0
302 -1.0 -1.0 15.0 40.0 81.0
303 -1.0 -1.0 9.0 16.0 56.0
304 -1.0 -1.0 17.0 55.0 60.0
305 -1.0 -1.0 11.0 129.0 80.0
306 -1.0 -1.0 4.0 19.0 16.0
307 -1.0 -1.0 13.0 20.0 89.0
308 -1.0 -1.0 13.0 306.0 84.0
309 -1.0 -1.0 17.0 170.0 16.0
310 -1.0 -1.0 18.0 291.0 78.0
311 -1.0 -1.0 16.0 15.0 83.0
312 -1.0 -1.0 18.0 238.0 78.0
313 -1.0 -1.0 17.0 275.0 91.0
314 -1.0 -1.0 10.0 121.0 33.0
315 -1.0 -1.0 11.0 320.0 55.0
316 -1.0 -1.0 15.0 115.0 86.0
317 -1.0 -1.0 11.0 276.0 76.0
318 -1.0 -1.0 8.0 33.0 44.0
319 -1.0 -1.0 19.0 190.0 48.0
320 -1.0 -1.0 9.0 157.0 87.0
321 -1.0 -1.0 13.0 140.0 78.0
322 -1.0 -1.0 9.0 184.0 73.0
323 -1.0 -1.0 10.0 150.0 35.0
324 -1.0 -1.0 18.0 223.0 47.0
325 -1.0 -1.0 19.0 381.0 36.0
326 -1.0 -1.0 12.0 359.0 37.0
327 -1.0 -1.0 7.0 73.0 17.0
328 -1.0 -1.0 8.0 21.0 40.0
329 -1.0 -1.0 7.0 278.0 73.0
330 -1.0 -1.0 5.0 333.0 56.0
331 -1.0 -1.0 19.0 115.0 61.0
332 -1.0 -1.0 17.0 194.0 94.0
333 -1.0 -1.0 20.0 93.0 94.0
334 -1.0 -1.0 9.0 247.0 92.0
335 -1.0 -1.0 6.0 101.0 59.0
336 -1.0 -1.0 9.0 245.0 96.0
337 -1.0 -1.0 4.0 77.0 24.0
338 -1.0 -1.0 17.0 115.0 61.0
339 -1.0 -1.0 7.0 261.0 75.0
340 -1.0 -1.0 12.0 335.0 37.0
341 -1.0 -1.0 6.0 158.0 38.0
342 -1.0 -1.0 4.0 197.0 49.0
343 -1.0 -1.0 14.0 379.0 30.0
344 -1.0 -1.0 5.0 187.0 72.0
345 -1.0 -1.0 16.0 237.0 87.0
346 -1.0 -1.0 6.0 107.0 36.0
347 -1.0 -1.0 5.0 273.0 51.0
348 -1.0 -1.0 10.0 244.0 31.0
349 -1.0 -1.0 15.0 358.0 29.0
350 -1.0 -1.0 4.0 217.0 19.0
351 -1.0 -1.0 17.0 86.0 96.0
352 -1.0 -1.0 15.0 36.0 29.0
353 -1.0 -1.0 12.0 355.0 91.0
354 -1.0 -1.0 15.0 184.0 18.0
355 -1.0 -1.0 8.0 255.0 23.0
356 -1.0 -1.0 14.0 101.0 24.0
357 -1.0 -1.0 13.0 113.0 96.0
358 -1.0 -1.0 10.0 372.0 89.0
359 -1.0 -1.0 13.0 309.0 66.0
360 -1.0 -1.0 4.0 252.0 43.0
361 -1.0 -1.0 4.0 101.0 42.0
362 -1.0 -1.0 18.0 143.0 23.0
363 -1.0 -1.0 18.0 185.0 45.0
364 -1.0 -1.0 19.0 252.0 19.0
365 -1.0 -1.0 9.0 144.0 24.0
366 -1.0 -1.0 20.0 262.0 27.0
367 -1.0 -1.0 9.0 75.0 88.0
368 -1.0 -1.0 18.0 358.0 15.0
369 -1.0 -1.0 4.0 33.0 86.0
370 -1.0 -1.0 10.0 139.0 44.0
371 -1.0 -1.0 20.0 372.0 84.0
372 -1.0 -1.0 8.0 255.0 62.0
373 -1.0 -1.0 10.0 220.0 79.0
374 -1.0 -1.0 17.0 73.0 63.0
375 -1.0 -1.0 17.0 277.0 71.0
376 -1.0 -1.0 13.0 240.0 71.0
377 -1.0 -1.0 10.0 47.0 67.0
378 -1.0 -1.0 15.0 267.0 95.0
379 -1.0 -1.0 13.0 314.0 66.0
380 -1.0 -1.0 17.0 279.0 59.0
381 -1.0 -1.0 17.0 227.0 84.0
382 -1.0 -1.0 8.0 386.0 22.0
383 -1.0 -1.0 15.0 176.0 62.0
384 -1.0 -1.0 18.0 85.0 43.0
385 -1.0 -1.0 14.0 154.0 40.0
386 -1.0 -1.0 20.0 103.0 38.0
387 -1.0 -1.0 13.0 162.0 68.0
388 -1.0 -1.0 7.0 185.0 29.0
389 -1.0 -1.0 16.0 52.0 20.0
390 -1.0 -1.0 20.0 157.0 22.0
391 -1.0 -1.0 13.0 177.0 48.0
392 -1.0 -1.0 6.0 81.0 94.0
393 -1.0 -1.0 8.0 364.0 16.0
394 -1.0 -1.0 5.0 288.0 31.0
395 -1.0 -1.0 8.0 287.0 17.0
396 -1.0 -1.0 13.0 221.0 84.0
397 -1.0 -1.0 17.0 303.0 84.0
398 -1.0 -1.0 14.0 281.0 18.0
399 -1.0 -1.0 19.0 117.0 89.0
400 -1.0 -1.0 7.0 173.0 58.0
401 -1.0 -1.0 15.0 177.0 70.0
402 -1.0 -1.0 5.0 124.0 95.0
403 -1.0 -1.0 20.0 162.0 99.0
404 -1.0 -1.0 17.0 88.0 80.0
405 -1.0 -1.0 9.0 235.0 16.0
406 -1.0 -1.0 18.0 202.0 83.0
407 -1.0 -1.0 6.0 154.0 34.0
408 -1.0 -1.0 13.0 381.0 17.0
409 -1.0 -1.0 11.0 323.0 37.0
410 -1.0 -1.0 13.0 179.0 32.0
411 -1.0 -1.0 9.0 59.0 31.0
412 -1.0 -1.0 11.0 246.0 75.0
413 -1.0 -1.0 13.0 299.0 26.0
414 -1.0 -1.0 6.0 188.0 31.0
415 -1.0 -1.0 11.0 146.0 78.0
416 -1.0 -1.0 15.0 211.0 62.0
417 -1.0 -1.0 4.0 258.0 90.0
418 -1.0 -1.0 7.0 164.0 70.0
419 -1.0 -1.0 20.0 124.0 100.0
420 -1.0 -1.0 15.0 120.0 55.0
421 -1.0 -1.0 7.0 75.0 97.0
422 -1.0 -1.0 18.0 212.0 55.0
423 -1.0 -1.0 14.0 342.0 33.0
424 -1.0 -1.0 14.0 252.0 64.0
425 -1.0 -1.0 5.0 96.0 61.0
426 -1.0 -1.0 4.0 210.0 22.0
427 -1.0 -1.0 5.0 356.0 78.0
428 -1.0 -1.0 9.0 188.0 89.0
429 -1.0 -1.0 16.0 365.0 71.0
430 -1.0 -1.0 14.0 192.0 49.0
431 -1.0 -1.0 16.0 314.0 40.0
432 -1.0 -1.0 11.0 220.0 26.0
433 -1.0 -1.0 4.0 397.0 22.0
434 -1.0 -1.0 18.0 243.0 98.0
435 -1.0 -1.0 7.0 31.0 45.0
436 -1.0 -1.0 7.0 74.0 73.0
437 -1.0 -1.0 11.0 255.0 76.0
438 -1.0 -1.0 19.0 21.0 62.0
439 -1.0 -1.0 9.0 116.0 91.0
440 -1.0 -1.0 5.0 175.0 79.0
441 -1.0 -1.0 15.0 298.0 24.0
442 -1.0 -1.0 9.0 63.0 69.0
443 -1.0 -1.0 17.0 271.0 90.0
444 -1.0 -1.0 7.0 312.0 42.0
445 -1.0 -1.0 6.0 296.0 47.0
446 -1.0 -1.0 19.0 26.0 71.0
447 -1.0 -1.0 17.0 248.0 88.0
448 -1.0 -1.0 6.0 101.0 81.0
449 -1.0 -1.0 7.0 378.0 89.0
450 -1.0 -1.0 6.0 107.0 52.0
451 -1.0 -1.0 10.0 184.0 16.0
452 -1.0 -1.0 10.0 145.0 89.0
453 -1.0 -1.0 20.0 17.0 66.0
454 -1.0 -1.0 16.0 186.0 53.0
455 -1.0 -1.0 15.0 252.0 94.0
456 -1.0 -1.0 15.0 88.0 19.0
457 -1.0 -1.0 9.0 263.0 100.0
458 -1.0 -1.0 18.0 352.0 50.0
459 -1.0 -1.0 13.0 301.0 53.0
460 -1.0 -1.0 14.0 189.0 65.0
461 -1.0 -1.0 6.0 78.0 20.0
462 -1.0 -1.0 8.0 214.0 39.0
463 -1.0 -1.0 12.0 46.0 78.0
464 -1.0 -1.0 15.0 106.0 55.0
465 -1.0 -1.0 12.0 126.0 74.0
466 -1.0 -1.0 6.0 367.0 18.0
467 -1.0 -1.0 6.0 262.0 67.0
468 -1.0 -1.0 19.0 15.0 83.0
469 -1.0 -1.0 15.0 158.0 94.0
470 -1.0 -1.0 15.0 368.0 52.0
471 -1.0 -1.0 11.0 125.0 68.0
472 -1.0 -1.0 11.0 89.0 91.0
473 -1.0 -1.0 7.0 272.0 52.0
474 -1.0 -1.0 16.0 282.0 74.0
475 -1.0 -1.0 14.0 167.0 32.0
476 -1.0 -1.0 18.0 363.0 45.0
477 -1.0 -1.0 6.0 190.0 16.0
478 -1.0 -1.0 8.0 392.0 20.0
479 -1.0 -1.0 15.0 73.0 17.0
480 -1.0 -1.0 20.0 63.0 36.0
481 -1.0 -1.0 20.0 396.0 31.0
482 -1.0 -1.0 15.0 174.0 93.0
483 -1.0 -1.0 19.0 190.0 99.0
484 -1.0 -1.0 16.0 165.0 96.0
485 -1.0 -1.0 16.0 71.0 66.0
486 -1.0 -1.0 19.0 305.0 55.0
487 -1.0 -1.0 6.0 216.0 86.0
488 -1.0 -1.0 10.0 144.0 54.0
489 -1.0 -1.0 18.0 395.0 88.0
490 -1.0 -1.0 4.0 30.0 74.0
491 -1.0 -1.0 4.0 387.0 40.0
492 -1.0 -1.0 15.0 42.0 46.0
493 -1.0 -1.0 17.0 104.0 33.0
494 -1.0 -1.0 9.0 31.0 39.0
495 -1.0 -1.0 5.0 135.0 82.0
496 -1.0 -1.0 10.0 302.0 37.0
497 -1.0 -1.0 4.0 332.0 98.0
498 -1.0 -1.0 15.0 29.0 25.0
499 -1.0 -1.0 16.0 22.0 37.0
500 -1.0 -1.0 15.0 148.0 55.0
501 -1.0 -1.0 8.0 144.0 73.0
502 -1.0 -1.0 17.0 214.0 19.0
503 -1.0 -1.0 9.0 52.0 78.0
504 -1.0 -1.0 4.0 260.0 22.0
505 -1.0 -1.0 7.0 165.0 69.0
506 -1.0 -1.0 20.0 388.0 38.0
507 -1.0 -1.0 6.0 260.0 97.0
508 -1.0 -1.0 20.0 341.0 87.0
509 -1.0 -1.0 8.0 209.0 46.0
510 -1.0 -1.0 12.0 173.0 20.0
511 -1.0 -1.0 8.0 236.0 96.0
512 -1.0 -1.0 5.0 82.0 81.0
513 -1.0 -1.0 16.0 54.0 66.0
514 -1.0 -1.0 20.0 92.0 40.0
515 -1.0 -1.0 19.0 255.0 79.0
516 -1.0 -1.0 19.0 239.0 82.0
517 -1.0 -1.0 14.0 176.0 51.0
518 -1.0 -1.0 20.0 361.0 91.0
519 -1.0 -1.0 12.0 340.0 88.0
520 -1.0 -1.0 9.0 151.0 74.0
521 -1.0 -1.0 18.0 285.0 25.0
522 -1.0 -1.0 6.0 352.0 43.0
523 -1.0 -1.0 6.0 387.0 64.0
524 -1.0 -1.0 19.0 242.0 36.0
525 -1.0 -1.0 7.0 288.0 51.0
526 -1.0 -1.0 20.0 400.0 56.0
527 -1.0 -1.0 9.0 387.0 43.0
528 -1.0 -1.0 7.0 318.0 19.0
529 -1.0 -1.0 18.0 310.0 90.0
530 -1.0 -1.0 6.0 148.0 66.0
531 -1.0 -1.0 11.0 146.0 63.0
532 -1.0 -1.0 14.0 282.0 56.0
533 -1.0 -1.0 6.0 203.0 60.0
534 -1.0 -1.0 6.0 160.0 95.0
535 -1.0 -1.0 9.0 79.0 68.0
536 -1.0 -1.0 7.0 310.0 92.0
537 -1.0 -1.0 4.0 310.0 34.0
538 -1.0 -1.0 16.0 127.0 56.0
539 -1.0 -1.0 18.0 229.0 69.0
540 -1.0 -1.0 20.0 78.0 68.0
541 -1.0 -1.0 4.0 294.0 88.0
542 -1.0 -1.0 16.0 97.0 53.0
543 -1.0 -1.0 13.0 135.0 30.0
544 -1.0 -1.0 12.0 172.0 47.0
545 -1.0 -1.0 16.0 165.0 69.0
546 -1.0 -1.0 11.0 82.0 50.0
547 -1.0 -1.0 7.0 298.0 81.0
548 -1.0 -1.0 6.0 392.0 84.0
549 -1.0 -1.0 10.0 321.0 70.0
550 -1.0 -1.0 14.0 66.0 93.0
551 -1.0 -1.0 18.0 139.0 45.0
552 -1.0 -1.0 4.0 57.0 68.0
553 -1.0 -1.0 10.0 366.0 35.0
554 -1.0 -1.0 11.0 119.0 75.0
555 -1.0 -1.0 19.0 384.0 69.0
556 -1.0 -1.0 8.0 335.0 33.0
557 -1.0 -1.0 15.0 117.0 52.0
558 -1.0 -1.0 8.0 129.0 41.0
559 -1.0 -1.0 15.0 130.0 95.0
560 -1.0 -1.0 11.0 226.0 71.0
561 -1.0 -1.0 8.0 359.0 46.0
562 -1.0 -1.0 14.0 21.0 25.0
563 -1.0 -1.0 5.0 198.0 54.0
564 -1.0 -1.0 17.0 241.0 80.0
565 -1.0 -1.0 5.0 325.0 38.0
566 -1.0 -1.0 17.0 20.0 49.0
567 -1.0 -1.0 4.0 199.0 18.0
568 -1.0 -1.0 16.0 386.0 71.0
569 -1.0 -1.0 12.0 148.0 72.0
570 -1.0 -1.0 8.0 150.0 53.0
571 -1.0 -1.0 13.0 386.0 90.0
572 -1.0 -1.0 12.0 156.0 74.0
573 -1.0 -1.0 6.0 125.0 71.0
574 -1.0 -1.0 14.0 166.0 79.0
575 -1.0 -1.0 5.0 255.0 27.0
576 -1.0 -1.0 14.0 104.0 51.0
577 -1.0 -1.0 12.0 229.0 86.0
578 -1.0 -1.0 9.0 161.0 35.0
579 -1.0 -1.0 13.0 165.0 19.0
580 -1.0 -1.0 7.0 357.0 78.0
581 -1.0 -1.0 12.0 348.0 99.0
582 -1.0 -1.0 16.0 234.0 16.0
583 -1.0 -1.0 5.0 240.0 64.0
584 -1.0 -1.0 19.0 90.0 87.0
585 -1.0 -1.0 8.0 82.0 23.0
586 -1.0 -1.0 18.0 21.0 82.0
587 -1.0 -1.0 14.0 280.0 75.0
588 -1.0 -1.0 16.0 133.0 92.0
589 -1.0 -1.0 10.0 55.0 30.0
590 -1.0 -1.0 15.0 174.0 56.0
591 -1.0 -1.0 11.0 76.0 85.0
592 -1.0 -1.0 16.0 364.0 76.0
593 -1.0 -1.0 14.0 250.0 45.0
594 -1.0 -1.0 12.0 184.0 52.0
595 -1.0 -1.0 15.0 297.0 66.0
596 -1.0 -1.0 7.0 234.0 82.0
597 -1.0 -1.0 17.0 70.0 82.0
598 -1.0 -1.0 15.0 39.0 34.0
599 -1.0 -1.0 20.0 270.0 19.0
785
0 16 8
0 1 12
1 17 6
1 2 9
2 18 6
2 3 7
4 19 10
4 5 5
5 20 10
6 22 6
7 27 5
7 8 12
8 28 9
8 9 8
9 29 8
10 11 11
11 33 10
11 12 6
12 34 6
13 37 12
13 14 11
14 38 10
14 15 12
15 39 6
16 40 6
16 17 5
17 41 5
17 18 11
18 42 7
19 20 10
20 21 7
21 45 10
21 22 7
22 46 6
22 23 7
23 47 11
23 24 8
24 25 8
25 48 11
25 26 5
26 27 12
27 49 9
27 28 7
28 50 6
28 29 8
29 51 11
30 53 7
31 55 5
31 32 6
33 57 9
33 34 5
34 35 10
35 36 11
36 37 7
37 58 12
37 38 5
38 39 12
40 59 10
40 41 5
41 42 10
42 60 11
42 43 6
43 44 9
45 62 5
45 46 9
46 47 12
47 63 12
48 64 7
49 66 11
49 50 6
50 67 7
50 51 5
51 52 8
52 68 7
52 53 8
53 69 8
53 54 7
54 70 7
54 55 11
55 71 12
56 73 10
56 57 12
57 74 8
60 78 12
61 81 11
61 62 5
62 82 7
63 83 11
64 65 5
65 85 5
65 66 12
66 86 11
66 67 5
67 87 11
68 88 12
68 69 5
69 89 11
69 70 6
70 71 5
71 90 10
71 72 8
73 91 6
73 74 10
75 93 6
76 96 10
77 78 5
78 98 6
78 79 10
79 99 10
80 101 12
80 81 9
81 102 8
81 82 5
82 103 10
83 84 7
84 105 7
85 106 5
85 86 10
86 107 7
86 87 8
88 109 8
88 89 8
89 110 7
91 113 10
92 115 11
92 93 5
93 116 7
94 118 7
94 95 8
95 119 10
95 96 6
97 120 7
98 99 12
99 122 9
99 100 9
100 123 10
100 101 11
101 124 8
101 102 8
102 103 6
103 125 7
103 104 10
105 126 9
106 107 6
107 128 10
108 109 6
109 110 8
110 111 12
112 129 11
113 130 11
113 114 12
114 131 7
114 115 6
115 116 10
116 117 12
117 132 8
117 118 12
118 119 5
119 133 8
120 121 8
121 135 7
122 137 9
122 123 8
123 138 5
123 124 8
125 139 12
126 127 7
128 141 9
129 145 7
130 147 9
130 131 8
132 149 7
133 150 10
133 134 7
135 152 12
135 136 10
136 153 5
136 137 10
137 154 11
137 138 6
139 155 5
140 158 7
140 141 6
142 160 10
142 143 6
143 161 11
143 144 6
144 162 6
145 164 7
145 146 9
146 165 7
146 147 8
147 166 5
148 149 11
151 170 10
151 152 7
152 171 12
152 153 9
153 172 8
153 154 8
155 174 7
156 157 7
157 176 12
158 177 7
159 179 5
159 160 11
160 180 7
160 161 6
161 181 8
161 162 11
163 183 12
163 164 12
164 165 11
165 184 6
165 166 10
166 167 5
167 185 9
167 168 9
168 186 8
169 188 10
170 190 12
170 171 10
171 191 12
171 172 5
173 195 8
173 174 11
174 196 8
174 175 7
175 197 11
176 199 10
177 178 6
178 200 5
178 179 5
179 201 9
179 180 9
180 181 10
181 202 9
182 183 11
184 205 6
185 207 9
185 186 11
187 209 9
187 188 9
188 210 7
188 189 7
189 211 7
190 212 5
190 191 10
191 213 12
192 215 5
192 193 12
193 216 11
193 194 11
194 217 6
194 195 11
195 196 10
196 218 5
196 197 5
197 198 9
198 219 11
198 199 9
199 220 7
200 223 5
200 201 9
201 224 5
202 225 9
202 203 9
203 226 5
204 229 6
204 205 7
205 230 6
205 206 11
206 207 7
207 231 12
208 233 11
208 209 5
209 234 11
209 210 6
210 211 7
211 235 11
212 213 9
213 237 11
213 214 6
214 238 6
214 215 12
215 239 7
215 216 6
216 217 11
217 240 9
218 242 12
219 243 12
219 220 8
220 221 5
221 244 9
221 222 10
222 245 9
222 223 6
223 224 10
224 246 8
225 247 12
225 226 6
226 248 11
226 227 9
227 228 12
228 229 9
229 249 6
229 230 5
230 250 5
231 252 5
231 232 8
232 233 12
233 234 8
234 253 11
235 236 9
236 255 7
237 257 9
237 238 7
238 239 5
240 259 11
240 241 9
241 260 11
241 242 10
242 261 7
243 262 6
244 264 5
244 245 10
247 266 12
247 248 11
248 267 12
249 270 10
249 250 8
250 251 8
251 271 8
251 252 6
252 272 11
253 254 11
255 274 11
256 275 6
256 257 7
257 276 10
258 278 10
258 259 7
259 279 8
259 260 11
260 261 10
261 280 7
262 282 8
262 263 5
263 264 8
265 284 11
266 267 10
267 287 6
267 268 11
268 269 9
269 288 5
269 270 10
270 289 12
271 291 5
271 272 12
272 292 5
272 273 11
273 293 5
275 296 10
275 276 8
276 297 10
276 277 9
278 279 6
280 298 12
280 281 6
281 299 9
281 282 10
282 300 9
283 303 8
283 284 5
284 304 5
284 285 8
285 305 5
285 286 9
288 289 5
289 307 8
289 290 7
290 291 6
291 308 12
291 292 5
292 309 6
292 293 7
293 310 6
293 294 5
294 311 7
295 313 11
296 314 11
296 297 11
297 315 8
298 299 5
299 321 7
299 300 8
300 301 12
301 302 6
302 303 12
303 304 7
304 305 9
305 322 7
306 325 8
308 327 9
308 309 10
309 328 7
309 310 12
310 329 11
310 311 11
311 330 8
311 312 12
312 331 9
312 313 7
313 332 6
314 335 8
314 315 8
315 336 12
315 316 9
316 317 7
317 337 9
317 318 11
318 338 12
318 319 5
319 320 9
321 339 5
322 344 5
323 324 6
324 345 12
324 325 8
326 327 11
327 347 7
327 328 8
328 348 11
328 329 8
329 349 6
329 330 8
330 350 5
330 331 9
331 332 11
332 333 11
333 334 8
334 351 7
335 336 5
336 352 6
337 353 10
337 338 10
338 354 6
339 340 11
340 341 8
341 357 10
342 343 9
343 359 5
343 344 12
344 360 12
345 363 11
346 364 10
347 348 5
348 349 11
349 365 8
349 350 11
350 366 5
351 369 12
353 371 8
353 354 7
354 355 6
355 372 9
355 356 5
357 358 9
358 374 12
359 360 5
360 376 7
360 361 12
361 377 6
361 362 5
362 378 11
362 363 5
363 379 11
364 382 12
365 386 8
365 366 5
366 367 7
367 387 6
368 369 7
370 388 12
371 391 10
373 395 5
374 398 10
374 375 5
375 399 8
376 377 10
377 401 5
377 378 8
378 402 7
378 379 9
379 403 11
379 380 9
380 404 11
380 381 5
381 405 9
381 382 9
382 406 10
382 383 10
383 407 11
383 384 9
384 408 9
384 385 7
385 386 10
386 409 6
387 410 8
388 411 6
388 389 6
389 390 11
390 391 10
391 412 7
391 392 5
392 413 6
393 394 7
394 395 8
395 396 5
396 397 8
397 415 7
397 398 12
398 399 5
399 416 5
399 400 5
400 417 5
401 419 11
401 402 12
402 403 12
403 420 5
403 404 8
404 405 11
405 421 10
405 406 7
406 422 7
406 407 10
407 423 7
407 408 9
408 424 12
410 425 9
411 428 5
412 413 8
413 430 5
413 414 10
414 431 6
415 435 5
416 437 12
416 417 5
417 418 7
418 419 8
419 438 5
420 439 11
421 422 8
422 423 11
423 440 7
423 424 11
425 444 10
426 446 8
426 427 11
427 447 7
428 448 6
429 450 6
430 452 9
430 431 6
431 453 9
431 432 11
432 433 9
433 454 10
433 434 9
435 456 8
435 436 11
436 457 11
436 437 7
437 458 5
438 461 6
439 462 12
440 466 6
441 468 5
441 442 7
442 443 11
443 469 10
443 444 10
444 470 11
444 445 7
445 471 9
445 446 11
446 472 9
446 447 12
448 449 10
449 473 7
449 450 7
450 474 6
450 451 6
451 475 12
451 452 9
452 476 8
452 453 11
455 479 5
455 456 12
456 480 8
456 457 5
457 481 5
457 458 7
458 482 5
458 459 5
459 483 9
459 460 11
460 484 7
460 461 5
461 485 5
462 463 12
463 464 9
464 487 6
464 465 6
465 488 11
465 466 8
466 467 6
467 468 5
469 490 9
469 470 7
470 491 9
470 471 10
471 492 10
471 472 7
472 493 11
473 474 8
474 496 9
474 475 12
475 497 12
475 476 9
476 498 11
477 500 7
478 502 8
478 479 7
479 503 6
479 480 7
480 504 6
480 481 10
481 482 7
482 483 12
483 505 6
483 484 11
484 506 6
484 485 11
485 486 7
486 507 7
487 510 12
487 488 6
488 511 6
489 490 6
490 515 11
490 491 12
491 516 10
491 492 10
492 517 9
492 493 7
493 494 6
494 518 10
495 519 7
496 521 10
496 497 10
497 498 5
498 499 8
499 500 12
500 522 12
500 501 10
501 523 12
501 502 6
502 524 12
502 503 6
503 525 8
503 504 6
504 526 11
505 528 12
505 506 9
506 529 8
507 508 7
508 530 10
508 509 6
509 531 6
509 510 5
510 511 7
511 512 11
512 513 5
513 532 10
513 514 12
514 533 6
515 534 6
515 516 11
516 535 10
516 517 5
517 536 5
519 520 8
520 538 5
520 521 12
522 523 6
523 524 10
524 540 6
524 525 10
525 526 5
526 541 11
526 527 8
527 542 5
528 529 10
529 544 6
530 531 9
531 547 7
532 533 5
534 535 12
535 551 12
535 536 9
536 537 10
537 552 11
538 555 8
539 558 7
540 561 12
541 563 7
541 542 7
542 564 12
542 543 5
543 565 9
544 566 5
544 545 7
545 567 9
545 546 7
547 568 8
547 548 12
548 569 6
548 549 7
549 570 10
549 550 11
550 571 10
551 575 9
552 577 10
552 553 7
554 578 7
554 555 8
555 556 10
556 579 12
556 557 11
557 580 6
557 558 7
558 559 9
559 581 10
560 561 11
561 583 5
561 562 12
562 584 11
562 563 7
563 564 6
564 585 10
564 565 7
565 586 5
566 588 5
566 567 12
567 589 9
568 591 9
568 569 7
569 592 7
569 570 11
570 593 9
570 571 5
571 572 9
572 594 8
573 596 7
573 574 6
574 575 6
575 576 7
576 597 6
576 577 6
577 598 5
579 580 8
581 582 5
583 584 6
585 586 5
586 587 9
587 588 9
588 589 6
589 590 11
591 592 11
592 593 5
594 595 6
595 596 9
597 598 8
598 599 5
10 0.05 0.05 0.05
