600
0 -1.0 -1.0 15.0 152.0 50.0
1 -1.0 -1.0 15.0 333.0 25.0
2 -1.0 -1.0 15.0 275.0 80.0
3 -1.0 -1.0 13.0 157.0 18.0
4 -1.0 -1.0 11.0 337.0 43.0
5 -1.0 -1.0 12.0 51.0 73.0
6 -1.0 -1.0 19.0 348.0 61.0
7 -1.0 -1.0 9.0 282.0 74.0
8 -1.0 -1.0 17.0 29.0 36.0
9 -1.0 -1.0 18.0 378.0 42.0
10 -1.0 -1.0 12.0 24.0 30.0
11 -1.0 -1.0 6.0 50.0 29.0
12 -1.0 -1.0 7.0 301.0 87.0
13 -1.0 -1.0 11.0 173.0 80.0
14 -1.0 -1.0 18.0 98.0 24.0
15 -1.0 -1.0 9.0 324.0 80.0
16 -1.0 -1.0 20.0 156.0 71.0
17 -1.0 -1.0 20.0 193.0 15.0
18 -1.0 -1.0 8.0 169.0 89.0
19 -1.0 -1.0 5.0 373.0 95.0
20 -1.0 -1.0 6.0 61.0 27.0
21 -1.0 -1.0 11.0 107.0 51.0
22 -1.0 -1.0 18.0 330.0 47.0
23 -1.0 -1.0 10.0 74.0 79.0
24 -1.0 -1.0 10.0 102.0 37.0
25 -1.0 -1.0 4.0 107.0 17.0
26 -1.0 -1.0 19.0 240.0 44.0
27 -1.0 -1.0 5.0 348.0 87.0
28 -1.0 -1.0 16.0 216.0 98.0
29 -1.0 -1.0 14.0 92.0 100.0
30 -1.0 -1.0 7.0 384.0 70.0
31 -1.0 -1.0 7.0 57.0 24.0
32 -1.0 -1.0 10.0 149.0 23.0
33 -1.0 -1.0 10.0 97.0 60.0
34 -1.0 -1.0 20.0 175.0 62.0
35 -1.0 -1.0 17.0 183.0 48.0
36 -1.0 -1.0 10.0 82.0 55.0
37 -1.0 -1.0 18.0 208.0 17.0
38 -1.0 -1.0 17.0 262.0 99.0
39 -1.0 -1.0 8.0 45.0 40.0
40 -1.0 -1.0 4.0 113.0 70.0
41 -1.0 -1.0 9.0 106.0 66.0
42 -1.0 -1.0 20.0 152.0 19.0
43 -1.0 -1.0 5.0 93.0 95.0
44 -1.0 -1.0 17.0 182.0 88.0
45 -1.0 -1.0 19.0 282.0 84.0
46 -1.0 -1.0 5.0 242.0 42.0
47 -1.0 -1.0 8.0 373.0 97.0
48 -1.0 -1.0 12.0 360.0 71.0
49 -1.0 -1.0 8.0 141.0 28.0
50 -1.0 -1.0 18.0 204.0 82.0
51 -1.0 -1.0 5.0 61.0 79.0
52 -1.0 -1.0 13.0 248.0 93.0
53 -1.0 -1.0 14.0 221.0 98.0
54 -1.0 -1.0 9.0 208.0 51.0
55 -1.0 -1.0 10.0 119.0 29.0
56 -1.0 -1.0 4.0 260.0 36.0
57 -1.0 -1.0 12.0 100.0 81.0
58 -1.0 -1.0 15.0 181.0 96.0
59 -1.0 -1.0 20.0 179.0 86.0
60 -1.0 -1.0 16.0 35.0 72.0
61 -1.0 -1.0 20.0 319.0 80.0
62 -1.0 -1.0 19.0 142.0 53.0
63 -1.0 -1.0 19.0 172.0 51.0
64 -1.0 -1.0 14.0 289.0 25.0
65 -1.0 -1.0 10.0 288.0 29.0
66 -1.0 -1.0 19.0 385.0 18.0
67 -1.0 -1.0 20.0 65.0 41.0
68 -1.0 -1.0 18.0 250.0 52.0
69 -1.0 -1.0 17.0 169.0 24.0
70 -1.0 -1.0 5.0 20.0 77.0
71 -1.0 -1.0 19.0 334.0 37.0
72 -1.0 -1.0 15.0 287.0 50.0
73 -1.0 -1.0 8.0 345.0 88.0
74 -1.0 -1.0 4.0 168.0 36.0
75 -1.0 -1.0 19.0 40.0 100.0
76 -1.0 -1.0 8.0 118.0 29.0
77 -1.0 -1.0 12.0 321.0 95.0
78 -1.0 -1.0 5.0 96.0 70.0
79 -1.0 -1.0 4.0 299.0 46.0
80 -1.0 -1.0 19.0 157.0 89.0
81 -1.0 -1.0 17.0 20.0 76.0
82 -1.0 -1.0 15.0 52.0 45.0
83 -1.0 -1.0 17.0 282.0 72.0
84 -1.0 -1.0 12.0 321.0 72.0
85 -1.0 -1.0 17.0 98.0 54.0
86 -1.0 -1.0 9.0 96.0 29.0
87 -1.0 -1.0 14.0 111.0 23.0
88 -1.0 -1.0 13.0 113.0 29.0
89 -1.0 -1.0 5.0 174.0 20.0
90 -1.0 -1.0 9.0 342.0 80.0
91 -1.0 -1.0 17.0 222.0 84.0
92 -1.0 -1.0 19.0 203.0 68.0
93 -1.0 -1.0 18.0 282.0 23.0
94 -1.0 -1.0 20.0 139.0 30.0
95 -1.0 -1.0 18.0 234.0 80.0
96 -1.0 -1.0 10.0 375.0 39.0
97 -1.0 -1.0 8.0 298.0 45.0
98 -1.0 -1.0 19.0 224.0 97.0
99 -1.0 -1.0 4.0 245.0 52.0
100 -1.0 -1.0 6.0 67.0 30.0
101 -1.0 -1.0 12.0 237.0 69.0
102 -1.0 -1.0 18.0 109.0 59.0
103 -1.0 -1.0 20.0 337.0 94.0
104 -1.0 -1.0 12.0 105.0 98.0
105 -1.0 -1.0 10.0 225.0 77.0
106 -1.0 -1.0 19.0 89.0 37.0
107 -1.0 -1.0 9.0 122.0 55.0
108 -1.0 -1.0 5.0 25.0 42.0
109 -1.0 -1.0 5.0 232.0 69.0
110 -1.0 -1.0 11.0 297.0 35.0
111 -1.0 -1.0 13.0 67.0 30.0
112 -1.0 -1.0 4.0 58.0 64.0
113 -1.0 -1.0 10.0 118.0 51.0
114 -1.0 -1.0 16.0 301.0 93.0
115 -1.0 -1.0 6.0 323.0 37.0
116 -1.0 -1.0 19.0 381.0 93.0
117 -1.0 -1.0 8.0 67.0 66.0
118 -1.0 -1.0 10.0 138.0 84.0
119 -1.0 -1.0 17.0 94.0 50.0
120 -1.0 -1.0 7.0 324.0 100.0
121 -1.0 -1.0 14.0 347.0 75.0
122 -1.0 -1.0 13.0 283.0 53.0
123 -1.0 -1.0 9.0 179.0 78.0
124 -1.0 -1.0 12.0 307.0 69.0
125 -1.0 -1.0 10.0 245.0 42.0
126 -1.0 -1.0 9.0 338.0 69.0
127 -1.0 -1.0 4.0 303.0 17.0
128 -1.0 -1.0 10.0 190.0 25.0
129 -1.0 -1.0 11.0 376.0 49.0
130 -1.0 -1.0 14.0 187.0 36.0
131 -1.0 -1.0 16.0 364.0 39.0
132 -1.0 -1.0 17.0 341.0 96.0
133 -1.0 -1.0 18.0 130.0 15.0
134 -1.0 -1.0 5.0 191.0 18.0
135 -1.0 -1.0 13.0 349.0 23.0
136 -1.0 -1.0 9.0 380.0 27.0
137 -1.0 -1.0 4.0 274.0 88.0
138 -1.0 -1.0 15.0 164.0 71.0
139 -1.0 -1.0 12.0 83.0 39.0
140 -1.0 -1.0 19.0 65.0 51.0
141 -1.0 -1.0 6.0 184.0 27.0
142 -1.0 -1.0 14.0 117.0 40.0
143 -1.0 -1.0 5.0 103.0 82.0
144 -1.0 -1.0 7.0 320.0 26.0
145 -1.0 -1.0 4.0 23.0 43.0
146 -1.0 -1.0 4.0 271.0 57.0
147 -1.0 -1.0 7.0 269.0 55.0
148 -1.0 -1.0 4.0 110.0 38.0
149 -1.0 -1.0 5.0 328.0 73.0
150 -1.0 -1.0 6.0 284.0 63.0
151 -1.0 -1.0 15.0 329.0 38.0
152 -1.0 -1.0 12.0 263.0 46.0
153 -1.0 -1.0 20.0 337.0 88.0
154 -1.0 -1.0 16.0 332.0 49.0
155 -1.0 -1.0 19.0 329.0 85.0
156 -1.0 -1.0 12.0 381.0 33.0
157 -1.0 -1.0 13.0 138.0 34.0
158 -1.0 -1.0 15.0 318.0 78.0
159 -1.0 -1.0 11.0 335.0 53.0
160 -1.0 -1.0 20.0 272.0 41.0
161 -1.0 -1.0 8.0 150.0 27.0
162 -1.0 -1.0 14.0 364.0 98.0
163 -1.0 -1.0 11.0 354.0 76.0
164 -1.0 -1.0 6.0 317.0 84.0
165 -1.0 -1.0 18.0 273.0 76.0
166 -1.0 -1.0 15.0 133.0 70.0
167 -1.0 -1.0 20.0 290.0 36.0
168 -1.0 -1.0 19.0 351.0 90.0
169 -1.0 -1.0 16.0 20.0 56.0
170 -1.0 -1.0 13.0 257.0 52.0
171 -1.0 -1.0 19.0 351.0 38.0
172 -1.0 -1.0 8.0 316.0 76.0
173 -1.0 -1.0 7.0 29.0 90.0
174 -1.0 -1.0 15.0 327.0 47.0
175 -1.0 -1.0 4.0 240.0 72.0
176 -1.0 -1.0 14.0 141.0 34.0
177 -1.0 -1.0 20.0 77.0 28.0
178 -1.0 -1.0 17.0 395.0 28.0
179 -1.0 -1.0 19.0 319.0 22.0
180 -1.0 -1.0 9.0 126.0 72.0
181 -1.0 -1.0 14.0 54.0 17.0
182 -1.0 -1.0 8.0 144.0 96.0
183 -1.0 -1.0 17.0 382.0 41.0
184 -1.0 -1.0 11.0 392.0 55.0
185 -1.0 -1.0 13.0 33.0 79.0
186 -1.0 -1.0 17.0 230.0 76.0
187 -1.0 -1.0 10.0 333.0 50.0
188 -1.0 -1.0 20.0 319.0 79.0
189 -1.0 -1.0 14.0 367.0 84.0
190 -1.0 -1.0 4.0 204.0 26.0
191 -1.0 -1.0 8.0 275.0 97.0
192 -1.0 -1.0 12.0 122.0 15.0
193 -1.0 -1.0 4.0 163.0 60.0
194 -1.0 -1.0 5.0 115.0 77.0
195 -1.0 -1.0 8.0 99.0 41.0
196 -1.0 -1.0 9.0 70.0 62.0
197 -1.0 -1.0 4.0 240.0 19.0
198 -1.0 -1.0 7.0 185.0 80.0
199 -1.0 -1.0 8.0 368.0 38.0
200 -1.0 -1.0 13.0 347.0 35.0
201 -1.0 -1.0 10.0 111.0 34.0
202 -1.0 -1.0 8.0 328.0 72.0
203 -1.0 -1.0 20.0 190.0 56.0
204 -1.0 -1.0 13.0 126.0 20.0
205 -1.0 -1.0 20.0 247.0 59.0
206 -1.0 -1.0 11.0 85.0 19.0
207 -1.0 -1.0 13.0 218.0 38.0
208 -1.0 -1.0 18.0 76.0 32.0
209 -1.0 -1.0 6.0 265.0 26.0
210 -1.0 -1.0 19.0 158.0 64.0
211 -1.0 -1.0 16.0 177.0 37.0
212 -1.0 -1.0 17.0 181.0 82.0
213 -1.0 -1.0 20.0 128.0 45.0
214 -1.0 -1.0 5.0 278.0 87.0
215 -1.0 -1.0 17.0 120.0 53.0
216 -1.0 -1.0 15.0 351.0 35.0
217 -1.0 -1.0 15.0 162.0 68.0
218 -1.0 -1.0 17.0 326.0 17.0
219 -1.0 -1.0 9.0 156.0 55.0
220 -1.0 -1.0 14.0 265.0 85.0
221 -1.0 -1.0 4.0 362.0 86.0
222 -1.0 -1.0 4.0 238.0 95.0
223 -1.0 -1.0 15.0 325.0 62.0
224 -1.0 -1.0 7.0 94.0 28.0
225 -1.0 -1.0 8.0 284.0 44.0
226 -1.0 -1.0 10.0 326.0 30.0
227 -1.0 -1.0 6.0 130.0 32.0
228 -1.0 -1.0 4.0 328.0 21.0
229 -1.0 -1.0 17.0 320.0 32.0
230 -1.0 -1.0 4.0 321.0 53.0
231 -1.0 -1.0 10.0 138.0 22.0
232 -1.0 -1.0 9.0 171.0 88.0
233 -1.0 -1.0 11.0 54.0 98.0
234 -1.0 -1.0 15.0 373.0 58.0
235 -1.0 -1.0 17.0 175.0 85.0
236 -1.0 -1.0 15.0 214.0 97.0
237 -1.0 -1.0 17.0 212.0 83.0
238 -1.0 -1.0 16.0 277.0 72.0
239 -1.0 -1.0 11.0 167.0 37.0
240 -1.0 -1.0 7.0 59.0 63.0
241 -1.0 -1.0 17.0 316.0 75.0
242 -1.0 -1.0 15.0 183.0 62.0
243 -1.0 -1.0 5.0 268.0 26.0
244 -1.0 -1.0 15.0 334.0 35.0
245 -1.0 -1.0 11.0 52.0 25.0
246 -1.0 -1.0 16.0 375.0 80.0
247 -1.0 -1.0 20.0 65.0 42.0
248 -1.0 -1.0 15.0 150.0 67.0
249 -1.0 -1.0 9.0 172.0 38.0
250 -1.0 -1.0 7.0 124.0 66.0
251 -1.0 -1.0 15.0 205.0 16.0
252 -1.0 -1.0 12.0 228.0 96.0
253 -1.0 -1.0 7.0 285.0 85.0
254 -1.0 -1.0 12.0 260.0 48.0
255 -1.0 -1.0 16.0 148.0 87.0
256 -1.0 -1.0 10.0 235.0 57.0
257 -1.0 -1.0 14.0 396.0 30.0
258 -1.0 -1.0 5.0 34.0 85.0
259 -1.0 -1.0 19.0 357.0 88.0
260 -1.0 -1.0 11.0 317.0 34.0
261 -1.0 -1.0 20.0 92.0 33.0
262 -1.0 -1.0 15.0 398.0 26.0
263 -1.0 -1.0 18.0 90.0 87.0
264 -1.0 -1.0 9.0 394.0 58.0
265 -1.0 -1.0 12.0 161.0 60.0
266 -1.0 -1.0 12.0 297.0 58.0
267 -1.0 -1.0 14.0 400.0 68.0
268 -1.0 -1.0 16.0 31.0 16.0
269 -1.0 -1.0 9.0 396.0 78.0
270 -1.0 -1.0 6.0 69.0 25.0
271 -1.0 -1.0 19.0 113.0 36.0
272 -1.0 -1.0 17.0 275.0 65.0
273 -1.0 -1.0 15.0 259.0 22.0
274 -1.0 -1.0 6.0 155.0 50.0
275 -1.0 -1.0 8.0 155.0 27.0
276 -1.0 -1.0 13.0 99.0 24.0
277 -1.0 -1.0 6.0 339.0 24.0
278 -1.0 -1.0 16.0 351.0 85.0
279 -1.0 -1.0 18.0 31.0 93.0
280 -1.0 -1.0 9.0 219.0 32.0
281 -1.0 -1.0 10.0 186.0 45.0
282 -1.0 -1.0 19.0 188.0 72.0
283 -1.0 -1.0 19.0 309.0 77.0
284 -1.0 -1.0 18.0 203.0 43.0
285 -1.0 -1.0 13.0 380.0 68.0
286 -1.0 -1.0 5.0 89.0 20.0
287 -1.0 -1.0 4.0 170.0 54.0
288 -1.0 -1.0 5.0 83.0 79.0
289 -1.0 -1.0 18.0 201.0 78.0
290 -1.0 -1.0 7.0 62.0 81.0
291 -1.0 -1.0 13.0 289.0 69.0
292 -1.0 -1.0 12.0 44.0 74.0
293 -1.0 -1.0 19.0 267.0 34.0
294 -1.0 -1.0 17.0 34.0 63.0
295 -1.0 -1.0 10.0 121.0 40.0
296 -1.0 -1.0 10.0 100.0 40.0
297 -1.0 -1.0 19.0 30.0 46.0
298 -1.0 -1.0 12.0 142.0 23.0
299 -1.0 -1.0 5.0 309.0 76.0
300 -1.0 -1.0 14.0 258.0 95.0
301 -1.0 -1.0 12.0 248.0 52.0
302 -1.0 -1.0 11.0 356.0 19.0
303 -1.0 -1.0 5.0 164.0 62.0
304 -1.0 -1.0 19.0 131.0 54.0
305 -1.0 -1.0 6.0 74.0 52.0
306 -1.0 -1.0 14.0 128.0 66.0
307 -1.0 -1.0 19.0 317.0 87.0
308 -1.0 -1.0 19.0 189.0 40.0
309 -1.0 -1.0 19.0 278.0 18.0
310 -1.0 -1.0 10.0 326.0 62.0
311 -1.0 -1.0 17.0 258.0 53.0
312 -1.0 -1.0 16.0 186.0 37.0
313 -1.0 -1.0 15.0 281.0 25.0
314 -1.0 -1.0 15.0 355.0 77.0
315 -1.0 -1.0 6.0 172.0 83.0
316 -1.0 -1.0 8.0 105.0 31.0
317 -1.0 -1.0 20.0 202.0 72.0
318 -1.0 -1.0 6.0 108.0 27.0
319 -1.0 -1.0 5.0 211.0 57.0
320 -1.0 -1.0 6.0 263.0 93.0
321 -1.0 -1.0 5.0 240.0 49.0
322 -1.0 -1.0 10.0 24.0 66.0
323 -1.0 -1.0 13.0 162.0 68.0
324 -1.0 -1.0 17.0 190.0 72.0
325 -1.0 -1.0 13.0 54.0 86.0
326 -1.0 -1.0 18.0 233.0 85.0
327 -1.0 -1.0 20.0 25.0 62.0
328 -1.0 -1.0 15.0 308.0 15.0
329 -1.0 -1.0 14.0 104.0 47.0
330 -1.0 -1.0 17.0 323.0 94.0
331 -1.0 -1.0 18.0 195.0 45.0
332 -1.0 -1.0 19.0 320.0 45.0
333 -1.0 -1.0 9.0 398.0 76.0
334 -1.0 -1.0 12.0 40.0 86.0
335 -1.0 -1.0 14.0 299.0 61.0
336 -1.0 -1.0 20.0 187.0 55.0
337 -1.0 -1.0 12.0 192.0 62.0
338 -1.0 -1.0 12.0 76.0 40.0
339 -1.0 -1.0 16.0 216.0 97.0
340 -1.0 -1.0 16.0 358.0 82.0
341 -1.0 -1.0 16.0 240.0 41.0
342 -1.0 -1.0 10.0 191.0 34.0
343 -1.0 -1.0 6.0 78.0 69.0
344 -1.0 -1.0 12.0 268.0 95.0
345 -1.0 -1.0 19.0 118.0 44.0
346 -1.0 -1.0 10.0 164.0 34.0
347 -1.0 -1.0 9.0 387.0 95.0
348 -1.0 -1.0 9.0 145.0 19.0
349 -1.0 -1.0 5.0 252.0 36.0
350 -1.0 -1.0 5.0 388.0 28.0
351 -1.0 -1.0 18.0 178.0 36.0
352 -1.0 -1.0 12.0 175.0 42.0
353 -1.0 -1.0 14.0 74.0 60.0
354 -1.0 -1.0 5.0 171.0 62.0
355 -1.0 -1.0 6.0 76.0 78.0
356 -1.0 -1.0 9.0 210.0 20.0
357 -1.0 -1.0 4.0 396.0 90.0
358 -1.0 -1.0 15.0 45.0 43.0
359 -1.0 -1.0 5.0 146.0 49.0
360 -1.0 -1.0 16.0 32.0 19.0
361 -1.0 -1.0 4.0 137.0 95.0
362 -1.0 -1.0 16.0 277.0 88.0
363 -1.0 -1.0 17.0 389.0 52.0
364 -1.0 -1.0 16.0 242.0 43.0
365 -1.0 -1.0 10.0 34.0 66.0
366 -1.0 -1.0 6.0 105.0 18.0
367 -1.0 -1.0 4.0 95.0 20.0
368 -1.0 -1.0 7.0 318.0 89.0
369 -1.0 -1.0 14.0 318.0 49.0
370 -1.0 -1.0 7.0 349.0 42.0
371 -1.0 -1.0 5.0 138.0 96.0
372 -1.0 -1.0 18.0 101.0 66.0
373 -1.0 -1.0 12.0 369.0 57.0
374 -1.0 -1.0 8.0 20.0 89.0
375 -1.0 -1.0 8.0 222.0 83.0
376 -1.0 -1.0 7.0 65.0 46.0
377 -1.0 -1.0 9.0 205.0 28.0
378 -1.0 -1.0 4.0 336.0 85.0
379 -1.0 -1.0 11.0 346.0 86.0
380 -1.0 -1.0 12.0 143.0 18.0
381 -1.0 -1.0 7.0 100.0 93.0
382 -1.0 -1.0 20.0 373.0 65.0
383 -1.0 -1.0 14.0 238.0 73.0
384 -1.0 -1.0 14.0 304.0 76.0
385 -1.0 -1.0 17.0 372.0 86.0
386 -1.0 -1.0 4.0 85.0 66.0
387 -1.0 -1.0 14.0 224.0 65.0
388 -1.0 -1.0 16.0 129.0 19.0
389 -1.0 -1.0 13.0 318.0 77.0
390 -1.0 -1.0 12.0 176.0 17.0
391 -1.0 -1.0 18.0 59.0 17.0
392 -1.0 -1.0 5.0 311.0 44.0
393 -1.0 -1.0 6.0 132.0 19.0
394 -1.0 -1.0 8.0 366.0 67.0
395 -1.0 -1.0 10.0 295.0 84.0
396 -1.0 -1.0 10.0 129.0 27.0
397 -1.0 -1.0 10.0 234.0 89.0
398 -1.0 -1.0 4.0 288.0 39.0
399 -1.0 -1.0 4.0 269.0 66.0
400 -1.0 -1.0 6.0 89.0 36.0
401 -1.0 -1.0 5.0 299.0 86.0
402 -1.0 -1.0 20.0 364.0 94.0
403 -1.0 -1.0 9.0 124.0 84.0
404 -1.0 -1.0 16.0 374.0 99.0
405 -1.0 -1.0 19.0 56.0 39.0
406 -1.0 -1.0 11.0 346.0 45.0
407 -1.0 -1.0 20.0 145.0 88.0
408 -1.0 -1.0 8.0 308.0 93.0
409 -1.0 -1.0 20.0 215.0 92.0
410 -1.0 -1.0 12.0 236.0 62.0
411 -1.0 -1.0 15.0 360.0 87.0
412 -1.0 -1.0 12.0 114.0 25.0
413 -1.0 -1.0 13.0 58.0 23.0
414 -1.0 -1.0 14.0 295.0 17.0
415 -1.0 -1.0 4.0 296.0 23.0
416 -1.0 -1.0 19.0 201.0 25.0
417 -1.0 -1.0 4.0 304.0 66.0
418 -1.0 -1.0 10.0 395.0 79.0
419 -1.0 -1.0 15.0 331.0 22.0
420 -1.0 -1.0 7.0 188.0 62.0
421 -1.0 -1.0 12.0 23.0 23.0
422 -1.0 -1.0 5.0 317.0 38.0
423 -1.0 -1.0 20.0 368.0 77.0
424 -1.0 -1.0 19.0 304.0 82.0
425 -1.0 -1.0 16.0 384.0 26.0
426 -1.0 -1.0 8.0 132.0 64.0
427 -1.0 -1.0 8.0 206.0 29.0
428 -1.0 -1.0 17.0 126.0 69.0
429 -1.0 -1.0 6.0 183.0 49.0
430 -1.0 -1.0 7.0 39.0 89.0
431 -1.0 -1.0 10.0 210.0 37.0
432 -1.0 -1.0 7.0 74.0 46.0
433 -1.0 -1.0 15.0 366.0 98.0
434 -1.0 -1.0 20.0 173.0 57.0
435 -1.0 -1.0 4.0 104.0 16.0
436 -1.0 -1.0 14.0 344.0 69.0
437 -1.0 -1.0 8.0 172.0 94.0
438 -1.0 -1.0 18.0 374.0 52.0
439 -1.0 -1.0 17.0 208.0 85.0
440 -1.0 -1.0 18.0 72.0 71.0
441 -1.0 -1.0 15.0 48.0 59.0
442 -1.0 -1.0 20.0 246.0 67.0
443 -1.0 -1.0 16.0 51.0 49.0
444 -1.0 -1.0 17.0 278.0 65.0
445 -1.0 -1.0 9.0 391.0 31.0
446 -1.0 -1.0 12.0 263.0 53.0
447 -1.0 -1.0 19.0 195.0 23.0
448 -1.0 -1.0 13.0 282.0 50.0
449 -1.0 -1.0 17.0 400.0 54.0
450 -1.0 -1.0 19.0 390.0 64.0
451 -1.0 -1.0 20.0 96.0 37.0
452 -1.0 -1.0 17.0 93.0 76.0
453 -1.0 -1.0 9.0 309.0 25.0
454 -1.0 -1.0 16.0 277.0 42.0
455 -1.0 -1.0 17.0 29.0 49.0
456 -1.0 -1.0 11.0 122.0 87.0
457 -1.0 -1.0 10.0 323.0 93.0
458 -1.0 -1.0 14.0 79.0 71.0
459 -1.0 -1.0 11.0 18.0 16.0
460 -1.0 -1.0 5.0 91.0 25.0
461 -1.0 -1.0 19.0 28.0 40.0
462 -1.0 -1.0 4.0 142.0 35.0
463 -1.0 -1.0 9.0 202.0 84.0
464 -1.0 -1.0 18.0 279.0 58.0
465 -1.0 -1.0 10.0 115.0 59.0
466 -1.0 -1.0 4.0 216.0 17.0
467 -1.0 -1.0 9.0 103.0 76.0
468 -1.0 -1.0 5.0 38.0 35.0
469 -1.0 -1.0 20.0 238.0 48.0
470 -1.0 -1.0 10.0 173.0 63.0
471 -1.0 -1.0 12.0 224.0 29.0
472 -1.0 -1.0 15.0 389.0 87.0
473 -1.0 -1.0 7.0 286.0 64.0
474 -1.0 -1.0 6.0 154.0 36.0
475 -1.0 -1.0 19.0 353.0 42.0
476 -1.0 -1.0 12.0 372.0 96.0
477 -1.0 -1.0 17.0 312.0 86.0
478 -1.0 -1.0 18.0 74.0 15.0
479 -1.0 -1.0 15.0 35.0 99.0
480 -1.0 -1.0 11.0 253.0 29.0
481 -1.0 -1.0 11.0 230.0 58.0
482 -1.0 -1.0 10.0 98.0 34.0
483 -1.0 -1.0 18.0 324.0 81.0
484 -1.0 -1.0 9.0 133.0 99.0
485 -1.0 -1.0 15.0 277.0 21.0
486 -1.0 -1.0 8.0 285.0 49.0
487 -1.0 -1.0 5.0 138.0 89.0
488 -1.0 -1.0 14.0 274.0 44.0
489 -1.0 -1.0 11.0 175.0 63.0
490 -1.0 -1.0 11.0 357.0 34.0
491 -1.0 -1.0 15.0 262.0 67.0
492 -1.0 -1.0 12.0 391.0 32.0
493 -1.0 -1.0 19.0 328.0 75.0
494 -1.0 -1.0 15.0 398.0 48.0
495 -1.0 -1.0 15.0 299.0 87.0
496 -1.0 -1.0 14.0 302.0 37.0
497 -1.0 -1.0 13.0 294.0 18.0
498 -1.0 -1.0 17.0 213.0 46.0
499 -1.0 -1.0 17.0 115.0 28.0
500 -1.0 -1.0 16.0 242.0 61.0
501 -1.0 -1.0 17.0 126.0 62.0
502 -1.0 -1.0 10.0 158.0 16.0
503 -1.0 -1.0 14.0 30.0 25.0
504 -1.0 -1.0 14.0 33.0 94.0
505 -1.0 -1.0 13.0 332.0 31.0
506 -1.0 -1.0 18.0 106.0 52.0
507 -1.0 -1.0 5.0 63.0 50.0
508 -1.0 -1.0 19.0 24.0 17.0
509 -1.0 -1.0 17.0 243.0 55.0
510 -1.0 -1.0 9.0 38.0 79.0
511 -1.0 -1.0 15.0 83.0 76.0
512 -1.0 -1.0 19.0 53.0 46.0
513 -1.0 -1.0 18.0 180.0 69.0
514 -1.0 -1.0 10.0 251.0 99.0
515 -1.0 -1.0 8.0 217.0 53.0
516 -1.0 -1.0 19.0 15.0 60.0
517 -1.0 -1.0 8.0 338.0 77.0
518 -1.0 -1.0 12.0 398.0 87.0
519 -1.0 -1.0 4.0 142.0 18.0
520 -1.0 -1.0 9.0 348.0 80.0
521 -1.0 -1.0 6.0 174.0 60.0
522 -1.0 -1.0 13.0 47.0 62.0
523 -1.0 -1.0 6.0 80.0 22.0
524 -1.0 -1.0 19.0 295.0 72.0
525 -1.0 -1.0 12.0 110.0 97.0
526 -1.0 -1.0 17.0 233.0 20.0
527 -1.0 -1.0 4.0 348.0 19.0
528 -1.0 -1.0 16.0 94.0 17.0
529 -1.0 -1.0 8.0 176.0 97.0
530 -1.0 -1.0 14.0 310.0 36.0
531 -1.0 -1.0 7.0 299.0 83.0
532 -1.0 -1.0 5.0 26.0 62.0
533 -1.0 -1.0 5.0 161.0 52.0
534 -1.0 -1.0 9.0 161.0 91.0
535 -1.0 -1.0 17.0 76.0 54.0
536 -1.0 -1.0 4.0 308.0 77.0
537 -1.0 -1.0 16.0 310.0 68.0
538 -1.0 -1.0 11.0 218.0 18.0
539 -1.0 -1.0 9.0 271.0 93.0
540 -1.0 -1.0 18.0 199.0 80.0
541 -1.0 -1.0 7.0 338.0 18.0
542 -1.0 -1.0 17.0 84.0 100.0
543 -1.0 -1.0 18.0 203.0 41.0
544 -1.0 -1.0 4.0 161.0 37.0
545 -1.0 -1.0 13.0 298.0 90.0
546 -1.0 -1.0 10.0 162.0 29.0
547 -1.0 -1.0 4.0 230.0 47.0
548 -1.0 -1.0 16.0 270.0 47.0
549 -1.0 -1.0 8.0 336.0 73.0
550 -1.0 -1.0 17.0 285.0 35.0
551 -1.0 -1.0 19.0 283.0 26.0
552 -1.0 -1.0 4.0 145.0 83.0
553 -1.0 -1.0 11.0 139.0 84.0
554 -1.0 -1.0 15.0 325.0 95.0
555 -1.0 -1.0 11.0 15.0 90.0
556 -1.0 -1.0 5.0 20.0 36.0
557 -1.0 -1.0 8.0 151.0 79.0
558 -1.0 -1.0 5.0 74.0 81.0
559 -1.0 -1.0 20.0 202.0 68.0
560 -1.0 -1.0 17.0 21.0 56.0
561 -1.0 -1.0 15.0 51.0 17.0
562 -1.0 -1.0 18.0 235.0 94.0
563 -1.0 -1.0 19.0 202.0 77.0
564 -1.0 -1.0 13.0 298.0 85.0
565 -1.0 -1.0 5.0 222.0 24.0
566 -1.0 -1.0 6.0 254.0 96.0
567 -1.0 -1.0 16.0 243.0 41.0
568 -1.0 -1.0 17.0 368.0 22.0
569 -1.0 -1.0 16.0 211.0 47.0
570 -1.0 -1.0 10.0 104.0 71.0
571 -1.0 -1.0 18.0 295.0 63.0
572 -1.0 -1.0 17.0 353.0 36.0
573 -1.0 -1.0 6.0 241.0 47.0
574 -1.0 -1.0 6.0 374.0 84.0
575 -1.0 -1.0 10.0 21.0 43.0
576 -1.0 -1.0 16.0 214.0 45.0
577 -1.0 -1.0 6.0 397.0 46.0
578 -1.0 -1.0 20.0 159.0 54.0
579 -1.0 -1.0 20.0 52.0 98.0
580 -1.0 -1.0 10.0 397.0 44.0
581 -1.0 -1.0 19.0 314.0 54.0
582 -1.0 -1.0 7.0 292.0 41.0
583 -1.0 -1.0 20.0 212.0 92.0
584 -1.0 -1.0 19.0 39.0 39.0
585 -1.0 -1.0 10.0 217.0 77.0
586 -1.0 -1.0 17.0 196.0 56.0
587 -1.0 -1.0 7.0 307.0 38.0
588 -1.0 -1.0 17.0 67.0 79.0
589 -1.0 -1.0 4.0 33.0 30.0
590 -1.0 -1.0 20.0 258.0 95.0
591 -1.0 -1.0 13.0 48.0 29.0
592 -1.0 -1.0 9.0 28.0 17.0
593 -1.0 -1.0 8.0 159.0 71.0
594 -1.0 -1.0 6.0 383.0 70.0
595 -1.0 -1.0 4.0 134.0 92.0
596 -1.0 -1.0 5.0 191.0 51.0
597 -1.0 -1.0 8.0 282.0 28.0
598 -1.0 -1.0 13.0 154.0 44.0
599 -1.0 -1.0 8.0 108.0 57.0
793
0 1 7
1 2 8
2 20 5
2 3 12
3 21 7
3 4 12
4 22 12
5 24 9
5 6 12
6 25 9
7 8 11
8 26 5
8 9 11
9 27 9
9 10 9
10 28 10
10 11 5
11 29 5
12 30 8
13 31 8
14 32 10
14 15 12
15 33 12
15 16 8
17 36 6
17 18 9
19 37 12
20 41 12
20 21 10
21 22 10
22 42 5
22 23 6
23 24 7
24 43 9
24 25 7
25 44 8
26 27 10
27 46 8
27 28 6
28 47 9
28 29 5
29 48 6
30 50 5
31 51 10
32 53 8
32 33 9
33 54 11
34 35 12
35 56 6
35 36 11
36 57 11
37 58 12
37 38 5
38 59 12
39 60 8
39 40 5
40 61 8
40 41 6
41 62 5
42 64 5
43 66 10
43 44 5
44 67 7
45 69 8
46 71 7
46 47 11
47 72 6
47 48 6
48 73 11
48 49 10
49 74 9
49 50 6
50 75 11
51 76 5
51 52 5
52 53 7
53 54 11
54 77 10
54 55 10
55 78 8
56 79 11
56 57 12
58 59 12
59 81 8
60 82 6
60 61 12
61 83 10
61 62 8
62 63 7
63 84 8
63 64 5
64 85 6
64 65 11
65 86 6
65 66 10
66 87 6
66 67 6
67 88 8
67 68 9
68 69 8
69 89 12
69 70 6
70 90 5
70 71 6
71 91 10
71 72 11
72 92 8
72 73 9
73 93 10
73 74 6
74 94 6
74 75 8
76 96 5
77 98 9
77 78 12
78 99 9
79 101 12
80 104 7
81 105 7
82 106 12
82 83 7
83 107 12
84 109 5
84 85 5
85 86 5
86 110 6
86 87 11
87 111 6
87 88 7
89 113 5
89 90 5
90 114 8
90 91 12
91 92 6
92 115 5
92 93 6
93 94 11
94 116 9
95 118 12
96 97 11
97 120 5
98 99 8
99 122 9
99 100 11
100 101 6
101 123 5
101 102 11
102 124 9
102 103 12
103 125 11
103 104 8
104 126 11
105 127 9
106 128 5
106 107 9
107 129 12
107 108 6
108 130 7
108 109 10
110 132 6
110 111 11
111 133 9
112 135 10
112 113 6
113 114 5
115 136 8
116 117 9
117 137 11
117 118 10
118 138 9
118 119 11
119 139 5
120 141 12
120 121 11
121 142 6
122 143 8
123 124 6
124 125 7
125 126 7
127 145 12
128 146 9
128 129 11
129 147 8
129 130 11
130 148 6
131 132 8
132 149 8
132 133 6
133 134 11
134 150 9
134 135 5
137 155 11
137 138 6
138 139 8
139 156 12
139 140 5
140 141 6
141 142 5
142 157 8
144 162 7
144 145 5
145 163 11
146 164 12
146 147 7
147 165 7
147 148 10
148 166 9
149 168 11
150 170 12
151 171 5
151 152 12
152 172 8
153 154 12
154 174 12
154 155 10
156 176 6
158 179 12
158 159 12
159 180 12
159 160 8
160 181 8
160 161 5
161 182 5
162 184 7
162 163 10
164 185 6
164 165 7
165 166 5
166 186 10
167 188 11
167 168 6
168 189 7
168 169 8
169 190 6
169 170 8
171 172 10
172 192 11
173 194 11
175 196 7
175 176 11
176 197 11
176 177 9
177 198 6
177 178 8
178 199 5
179 202 11
179 180 12
180 181 6
181 203 10
181 182 12
182 204 7
182 183 8
183 205 7
183 184 11
184 206 7
186 209 7
186 187 7
187 210 9
187 188 9
188 211 8
188 189 7
189 190 10
190 212 10
191 214 11
192 216 12
192 193 12
193 194 5
194 217 8
194 195 5
196 220 8
196 197 10
197 198 6
198 199 12
199 221 8
200 223 7
200 201 9
201 224 7
201 202 6
202 225 10
203 204 11
204 227 5
204 205 5
205 206 11
206 228 5
206 207 9
207 229 8
208 230 11
208 209 12
209 231 8
209 210 7
210 232 12
210 211 12
211 233 8
212 234 9
212 213 6
213 235 11
213 214 8
214 236 11
214 215 10
215 216 10
216 237 10
218 219 8
219 220 5
221 241 12
221 222 9
222 242 11
222 223 5
223 243 10
223 224 6
224 244 8
224 225 9
225 245 8
225 226 9
226 246 11
227 247 8
228 249 11
228 229 7
229 250 8
230 231 10
231 232 9
232 233 7
234 253 6
234 235 12
235 254 11
235 236 9
236 255 12
237 256 9
237 238 6
238 257 12
239 259 6
240 262 9
240 241 10
241 242 10
242 243 9
243 244 11
244 245 6
245 263 8
245 246 6
246 264 9
247 266 11
247 248 9
248 267 7
248 249 6
249 268 8
249 250 7
250 269 12
251 270 6
252 253 12
253 275 6
253 254 12
254 276 11
254 255 11
255 277 10
256 257 10
257 278 7
257 258 5
258 259 8
259 279 8
259 260 12
261 281 7
262 283 11
263 287 8
263 264 10
264 288 12
264 265 11
265 289 12
265 266 9
266 290 7
266 267 7
267 291 11
267 268 9
268 292 11
268 269 11
269 293 10
270 294 9
270 271 10
271 272 12
272 273 8
273 295 12
273 274 11
274 296 10
275 276 11
276 277 12
277 298 5
279 301 9
280 302 10
280 281 11
281 303 6
281 282 11
282 304 12
282 283 12
283 305 5
283 284 8
284 285 12
285 306 6
286 307 5
286 287 11
287 308 10
287 288 9
288 289 9
289 309 11
289 290 8
290 291 8
291 310 7
291 292 6
292 293 9
294 311 10
295 312 8
295 296 9
296 313 12
296 297 7
297 314 10
298 299 7
299 316 5
299 300 8
301 319 6
302 320 8
302 303 12
303 304 6
304 305 11
306 321 7
307 323 10
307 308 6
308 324 12
309 326 12
310 328 6
311 331 7
312 333 10
312 313 9
313 334 6
313 314 12
314 315 11
317 318 10
318 319 11
319 336 10
321 340 12
321 322 11
322 323 5
323 341 9
323 324 7
324 342 6
324 325 5
325 343 11
325 326 12
326 327 6
327 344 11
327 328 11
328 329 5
329 345 7
329 330 9
332 347 5
332 333 9
333 334 5
334 348 12
335 351 8
336 356 10
337 338 8
338 358 5
339 360 7
339 340 10
341 342 5
342 362 8
342 343 8
344 363 7
345 364 12
346 347 7
347 366 10
348 349 10
349 368 6
350 369 9
350 351 7
351 370 8
351 352 11
352 353 12
353 354 12
354 355 11
355 356 7
356 371 10
356 357 9
357 372 8
358 374 11
358 359 7
359 375 9
359 360 8
360 376 12
361 378 12
364 381 9
364 365 9
366 382 8
366 367 5
368 384 6
369 386 9
369 370 9
371 390 5
371 372 6
372 391 7
372 373 9
373 392 11
374 375 7
375 376 7
376 394 5
376 377 12
377 378 8
379 397 5
380 381 9
381 399 10
382 403 11
383 384 8
384 405 8
384 385 11
385 406 5
385 386 6
387 388 12
388 407 8
388 389 9
389 408 9
389 390 8
390 391 11
391 392 7
392 393 9
394 411 10
395 413 10
395 396 9
396 414 10
396 397 10
397 398 8
398 415 11
399 417 9
399 400 8
401 402 8
402 403 11
403 404 11
405 419 7
405 406 8
406 420 11
407 423 8
407 408 9
408 424 9
409 410 10
410 411 6
411 412 5
412 428 7
413 414 7
414 429 7
415 416 11
417 431 11
418 435 9
418 419 5
419 436 10
419 420 7
420 437 12
421 438 8
421 422 10
422 439 12
422 423 9
423 440 5
423 424 5
424 441 5
424 425 5
425 442 5
425 426 11
426 443 12
426 427 5
427 444 7
429 448 9
429 430 5
430 449 10
431 452 9
431 432 10
432 453 7
433 454 11
434 456 7
434 435 7
435 457 8
435 436 7
436 458 12
436 437 10
437 459 6
438 461 12
438 439 9
439 440 6
440 441 6
441 462 5
441 442 6
442 463 6
442 443 12
443 444 5
444 464 9
444 445 11
445 465 7
445 446 5
446 466 11
447 469 11
447 448 11
448 470 8
448 449 7
449 471 10
450 473 7
450 451 12
451 474 9
451 452 10
452 453 8
453 475 7
454 476 6
455 477 10
455 456 6
456 478 12
456 457 5
457 458 10
458 479 10
458 459 12
459 480 9
459 460 6
462 484 8
462 463 9
463 485 7
464 487 12
464 465 5
465 488 6
465 466 9
466 489 8
466 467 5
467 490 6
468 469 6
469 493 12
469 470 11
470 494 8
470 471 8
471 472 8
472 473 8
473 495 7
473 474 9
475 497 6
476 498 11
477 478 9
478 500 8
479 502 7
479 480 8
480 503 5
481 504 5
482 506 8
482 483 7
483 507 10
483 484 9
484 508 12
484 485 10
485 509 6
485 486 6
486 510 7
486 487 6
487 511 8
487 488 6
488 512 7
488 489 12
489 513 10
489 490 8
490 514 10
490 491 7
491 492 8
492 515 11
493 494 5
494 517 6
495 518 8
496 497 6
497 519 11
498 520 5
498 499 10
499 521 12
500 523 11
500 501 7
501 524 8
501 502 5
502 525 11
502 503 12
503 526 5
504 528 7
504 505 10
505 529 10
505 506 7
506 530 8
506 507 5
507 531 9
507 508 12
508 509 5
509 510 5
510 511 9
511 532 5
511 512 10
512 533 6
512 513 10
513 534 11
513 514 6
514 535 8
515 516 11
517 538 6
518 539 5
520 542 12
520 521 7
521 543 9
521 522 7
522 544 10
522 523 7
523 545 11
523 524 8
524 546 9
524 525 6
525 526 9
526 547 12
526 527 10
527 528 10
528 529 11
529 548 12
529 530 11
530 531 8
532 533 12
533 551 11
533 534 6
534 552 10
534 535 12
535 553 5
535 536 10
536 554 5
537 538 11
538 555 6
539 557 6
539 540 6
540 558 11
540 541 8
542 559 11
542 543 6
543 544 7
544 560 11
544 545 12
545 561 10
545 546 7
546 562 9
549 567 10
549 550 10
550 568 5
551 571 6
551 552 7
552 572 8
552 553 7
553 573 12
553 554 10
554 574 6
555 577 6
555 556 9
557 579 7
557 558 9
558 580 12
560 583 6
560 561 5
561 584 6
561 562 5
562 585 7
563 564 11
564 586 12
565 588 5
565 566 6
566 567 10
567 568 5
568 589 10
568 569 12
569 570 9
570 571 12
571 590 5
571 572 12
572 573 6
573 591 9
573 574 5
574 592 7
574 575 11
575 593 8
576 594 12
576 577 5
577 595 11
578 597 11
578 579 12
579 580 9
580 598 12
580 581 7
581 582 11
582 599 12
583 584 8
584 585 10
586 587 12
587 588 10
591 592 11
592 593 8
594 595 12
595 596 10
596 597 12
10 0.05 0.05 0.05
