726
0 -1.0 -1.0 6.0 38.0 27.0
1 -1.0 -1.0 17.0 341.0 47.0
2 -1.0 -1.0 10.0 82.0 61.0
3 -1.0 -1.0 15.0 317.0 64.0
4 -1.0 -1.0 15.0 126.0 15.0
5 -1.0 -1.0 4.0 239.0 92.0
6 -1.0 -1.0 19.0 242.0 98.0
7 -1.0 -1.0 9.0 228.0 48.0
8 -1.0 -1.0 10.0 240.0 86.0
9 -1.0 -1.0 4.0 21.0 93.0
10 -1.0 -1.0 12.0 100.0 41.0
11 -1.0 -1.0 17.0 300.0 25.0
12 -1.0 -1.0 7.0 316.0 69.0
13 -1.0 -1.0 11.0 55.0 27.0
14 -1.0 -1.0 9.0 97.0 18.0
15 -1.0 -1.0 13.0 71.0 50.0
16 -1.0 -1.0 19.0 115.0 48.0
17 -1.0 -1.0 19.0 265.0 36.0
18 -1.0 -1.0 14.0 332.0 35.0
19 -1.0 -1.0 9.0 206.0 26.0
20 -1.0 -1.0 16.0 210.0 72.0
21 -1.0 -1.0 20.0 131.0 17.0
22 -1.0 -1.0 15.0 172.0 72.0
23 -1.0 -1.0 7.0 251.0 58.0
24 -1.0 -1.0 15.0 257.0 80.0
25 -1.0 -1.0 8.0 18.0 35.0
26 -1.0 -1.0 20.0 395.0 48.0
27 -1.0 -1.0 11.0 315.0 87.0
28 -1.0 -1.0 14.0 380.0 25.0
29 -1.0 -1.0 17.0 131.0 37.0
30 -1.0 -1.0 18.0 297.0 24.0
31 -1.0 -1.0 20.0 94.0 19.0
32 -1.0 -1.0 7.0 37.0 96.0
33 -1.0 -1.0 20.0 183.0 95.0
34 -1.0 -1.0 4.0 108.0 28.0
35 -1.0 -1.0 18.0 108.0 26.0
36 -1.0 -1.0 5.0 138.0 78.0
37 -1.0 -1.0 8.0 137.0 66.0
38 -1.0 -1.0 8.0 21.0 93.0
39 -1.0 -1.0 19.0 126.0 17.0
40 -1.0 -1.0 5.0 175.0 15.0
41 -1.0 -1.0 14.0 94.0 71.0
42 -1.0 -1.0 4.0 305.0 71.0
43 -1.0 -1.0 6.0 50.0 99.0
44 -1.0 -1.0 9.0 200.0 94.0
45 -1.0 -1.0 20.0 16.0 75.0
46 -1.0 -1.0 18.0 223.0 41.0
47 -1.0 -1.0 15.0 208.0 69.0
48 -1.0 -1.0 15.0 166.0 42.0
49 -1.0 -1.0 10.0 68.0 71.0
50 -1.0 -1.0 13.0 339.0 64.0
51 -1.0 -1.0 19.0 311.0 71.0
52 -1.0 -1.0 16.0 116.0 28.0
53 -1.0 -1.0 19.0 288.0 53.0
54 -1.0 -1.0 7.0 39.0 31.0
55 -1.0 -1.0 13.0 295.0 46.0
56 -1.0 -1.0 14.0 50.0 47.0
57 -1.0 -1.0 9.0 291.0 92.0
58 -1.0 -1.0 9.0 125.0 77.0
59 -1.0 -1.0 8.0 346.0 49.0
60 -1.0 -1.0 14.0 113.0 69.0
61 -1.0 -1.0 5.0 281.0 26.0
62 -1.0 -1.0 15.0 147.0 95.0
63 -1.0 -1.0 19.0 357.0 98.0
64 -1.0 -1.0 5.0 133.0 17.0
65 -1.0 -1.0 19.0 37.0 100.0
66 -1.0 -1.0 17.0 185.0 90.0
67 -1.0 -1.0 14.0 19.0 36.0
68 -1.0 -1.0 18.0 319.0 52.0
69 -1.0 -1.0 17.0 302.0 77.0
70 -1.0 -1.0 13.0 388.0 54.0
71 -1.0 -1.0 15.0 174.0 82.0
72 -1.0 -1.0 16.0 23.0 21.0
73 -1.0 -1.0 4.0 373.0 63.0
74 -1.0 -1.0 4.0 144.0 24.0
75 -1.0 -1.0 8.0 224.0 16.0
76 -1.0 -1.0 17.0 134.0 19.0
77 -1.0 -1.0 19.0 326.0 47.0
78 -1.0 -1.0 14.0 315.0 72.0
79 -1.0 -1.0 12.0 127.0 33.0
80 -1.0 -1.0 11.0 267.0 82.0
81 -1.0 -1.0 7.0 58.0 51.0
82 -1.0 -1.0 10.0 213.0 15.0
83 -1.0 -1.0 20.0 16.0 52.0
84 -1.0 -1.0 16.0 33.0 86.0
85 -1.0 -1.0 7.0 230.0 22.0
86 -1.0 -1.0 7.0 42.0 68.0
87 -1.0 -1.0 4.0 272.0 85.0
88 -1.0 -1.0 6.0 329.0 95.0
89 -1.0 -1.0 17.0 385.0 75.0
90 -1.0 -1.0 9.0 27.0 29.0
91 -1.0 -1.0 7.0 84.0 54.0
92 -1.0 -1.0 7.0 335.0 35.0
93 -1.0 -1.0 14.0 345.0 74.0
94 -1.0 -1.0 10.0 153.0 71.0
95 -1.0 -1.0 6.0 282.0 80.0
96 -1.0 -1.0 16.0 151.0 15.0
97 -1.0 -1.0 16.0 143.0 92.0
98 -1.0 -1.0 10.0 255.0 56.0
99 -1.0 -1.0 6.0 283.0 66.0
100 -1.0 -1.0 14.0 244.0 58.0
101 -1.0 -1.0 15.0 214.0 100.0
102 -1.0 -1.0 16.0 163.0 95.0
103 -1.0 -1.0 18.0 116.0 39.0
104 -1.0 -1.0 4.0 293.0 79.0
105 -1.0 -1.0 7.0 100.0 43.0
106 -1.0 -1.0 20.0 196.0 40.0
107 -1.0 -1.0 8.0 294.0 38.0
108 -1.0 -1.0 12.0 183.0 21.0
109 -1.0 -1.0 8.0 97.0 45.0
110 -1.0 -1.0 19.0 187.0 44.0
111 -1.0 -1.0 5.0 360.0 19.0
112 -1.0 -1.0 4.0 123.0 26.0
113 -1.0 -1.0 17.0 172.0 41.0
114 -1.0 -1.0 11.0 327.0 77.0
115 -1.0 -1.0 11.0 71.0 15.0
116 -1.0 -1.0 11.0 128.0 24.0
117 -1.0 -1.0 7.0 344.0 70.0
118 -1.0 -1.0 10.0 139.0 30.0
119 -1.0 -1.0 20.0 137.0 63.0
120 -1.0 -1.0 15.0 159.0 76.0
121 -1.0 -1.0 7.0 400.0 59.0
122 -1.0 -1.0 5.0 364.0 100.0
123 -1.0 -1.0 6.0 81.0 71.0
124 -1.0 -1.0 7.0 366.0 61.0
125 -1.0 -1.0 8.0 296.0 43.0
126 -1.0 -1.0 13.0 183.0 25.0
127 -1.0 -1.0 4.0 91.0 96.0
128 -1.0 -1.0 17.0 334.0 34.0
129 -1.0 -1.0 14.0 52.0 70.0
130 -1.0 -1.0 14.0 179.0 41.0
131 -1.0 -1.0 7.0 105.0 89.0
132 -1.0 -1.0 14.0 386.0 50.0
133 -1.0 -1.0 12.0 53.0 62.0
134 -1.0 -1.0 4.0 91.0 76.0
135 -1.0 -1.0 4.0 63.0 51.0
136 -1.0 -1.0 4.0 242.0 51.0
137 -1.0 -1.0 8.0 234.0 67.0
138 -1.0 -1.0 15.0 24.0 44.0
139 -1.0 -1.0 18.0 333.0 62.0
140 -1.0 -1.0 14.0 56.0 28.0
141 -1.0 -1.0 7.0 24.0 20.0
142 -1.0 -1.0 15.0 233.0 90.0
143 -1.0 -1.0 14.0 397.0 63.0
144 -1.0 -1.0 19.0 185.0 34.0
145 -1.0 -1.0 14.0 219.0 62.0
146 -1.0 -1.0 4.0 373.0 59.0
147 -1.0 -1.0 20.0 67.0 95.0
148 -1.0 -1.0 10.0 234.0 38.0
149 -1.0 -1.0 4.0 371.0 91.0
150 -1.0 -1.0 11.0 83.0 63.0
151 -1.0 -1.0 5.0 399.0 25.0
152 -1.0 -1.0 14.0 37.0 44.0
153 -1.0 -1.0 12.0 218.0 78.0
154 -1.0 -1.0 14.0 247.0 50.0
155 -1.0 -1.0 18.0 110.0 30.0
156 -1.0 -1.0 9.0 117.0 29.0
157 -1.0 -1.0 4.0 177.0 79.0
158 -1.0 -1.0 19.0 112.0 22.0
159 -1.0 -1.0 14.0 148.0 77.0
160 -1.0 -1.0 6.0 359.0 92.0
161 -1.0 -1.0 19.0 347.0 43.0
162 -1.0 -1.0 6.0 132.0 52.0
163 -1.0 -1.0 8.0 78.0 66.0
164 -1.0 -1.0 15.0 137.0 60.0
165 -1.0 -1.0 17.0 22.0 82.0
166 -1.0 -1.0 20.0 62.0 40.0
167 -1.0 -1.0 12.0 16.0 38.0
168 -1.0 -1.0 14.0 296.0 42.0
169 -1.0 -1.0 20.0 55.0 37.0
170 -1.0 -1.0 10.0 69.0 17.0
171 -1.0 -1.0 5.0 236.0 16.0
172 -1.0 -1.0 14.0 161.0 77.0
173 -1.0 -1.0 4.0 39.0 50.0
174 -1.0 -1.0 10.0 254.0 44.0
175 -1.0 -1.0 15.0 285.0 54.0
176 -1.0 -1.0 16.0 395.0 57.0
177 -1.0 -1.0 6.0 188.0 88.0
178 -1.0 -1.0 8.0 94.0 51.0
179 -1.0 -1.0 19.0 60.0 82.0
180 -1.0 -1.0 11.0 291.0 100.0
181 -1.0 -1.0 4.0 328.0 80.0
182 -1.0 -1.0 9.0 75.0 79.0
183 -1.0 -1.0 8.0 110.0 69.0
184 -1.0 -1.0 12.0 262.0 78.0
185 -1.0 -1.0 14.0 138.0 44.0
186 -1.0 -1.0 17.0 240.0 78.0
187 -1.0 -1.0 11.0 197.0 71.0
188 -1.0 -1.0 15.0 359.0 85.0
189 -1.0 -1.0 18.0 376.0 49.0
190 -1.0 -1.0 16.0 377.0 66.0
191 -1.0 -1.0 12.0 224.0 40.0
192 -1.0 -1.0 4.0 66.0 18.0
193 -1.0 -1.0 8.0 41.0 80.0
194 -1.0 -1.0 8.0 104.0 55.0
195 -1.0 -1.0 18.0 329.0 82.0
196 -1.0 -1.0 12.0 146.0 15.0
197 -1.0 -1.0 17.0 33.0 20.0
198 -1.0 -1.0 10.0 61.0 23.0
199 -1.0 -1.0 15.0 137.0 27.0
200 -1.0 -1.0 16.0 70.0 28.0
201 -1.0 -1.0 10.0 264.0 50.0
202 -1.0 -1.0 14.0 173.0 98.0
203 -1.0 -1.0 12.0 236.0 98.0
204 -1.0 -1.0 19.0 153.0 26.0
205 -1.0 -1.0 8.0 149.0 41.0
206 -1.0 -1.0 8.0 346.0 67.0
207 -1.0 -1.0 15.0 311.0 88.0
208 -1.0 -1.0 19.0 74.0 52.0
209 -1.0 -1.0 20.0 110.0 28.0
210 -1.0 -1.0 14.0 373.0 18.0
211 -1.0 -1.0 17.0 294.0 81.0
212 -1.0 -1.0 12.0 97.0 52.0
213 -1.0 -1.0 11.0 63.0 52.0
214 -1.0 -1.0 4.0 140.0 66.0
215 -1.0 -1.0 13.0 319.0 59.0
216 -1.0 -1.0 19.0 190.0 39.0
217 -1.0 -1.0 19.0 308.0 76.0
218 -1.0 -1.0 17.0 211.0 85.0
219 -1.0 -1.0 15.0 227.0 93.0
220 -1.0 -1.0 5.0 184.0 86.0
221 -1.0 -1.0 18.0 344.0 69.0
222 -1.0 -1.0 4.0 64.0 46.0
223 -1.0 -1.0 12.0 136.0 74.0
224 -1.0 -1.0 11.0 170.0 34.0
225 -1.0 -1.0 20.0 16.0 67.0
226 -1.0 -1.0 16.0 186.0 36.0
227 -1.0 -1.0 19.0 57.0 60.0
228 -1.0 -1.0 12.0 63.0 18.0
229 -1.0 -1.0 9.0 300.0 89.0
230 -1.0 -1.0 20.0 134.0 74.0
231 -1.0 -1.0 16.0 398.0 71.0
232 -1.0 -1.0 11.0 213.0 59.0
233 -1.0 -1.0 17.0 313.0 39.0
234 -1.0 -1.0 9.0 197.0 100.0
235 -1.0 -1.0 5.0 167.0 49.0
236 -1.0 -1.0 7.0 182.0 91.0
237 -1.0 -1.0 15.0 393.0 61.0
238 -1.0 -1.0 6.0 79.0 98.0
239 -1.0 -1.0 5.0 94.0 91.0
240 -1.0 -1.0 5.0 163.0 70.0
241 -1.0 -1.0 4.0 355.0 99.0
242 -1.0 -1.0 10.0 52.0 78.0
243 -1.0 -1.0 16.0 213.0 65.0
244 -1.0 -1.0 10.0 38.0 61.0
245 -1.0 -1.0 9.0 299.0 89.0
246 -1.0 -1.0 7.0 82.0 100.0
247 -1.0 -1.0 10.0 310.0 95.0
248 -1.0 -1.0 17.0 284.0 79.0
249 -1.0 -1.0 14.0 83.0 16.0
250 -1.0 -1.0 11.0 384.0 24.0
251 -1.0 -1.0 6.0 356.0 35.0
252 -1.0 -1.0 7.0 176.0 80.0
253 -1.0 -1.0 16.0 397.0 18.0
254 -1.0 -1.0 12.0 246.0 100.0
255 -1.0 -1.0 18.0 371.0 76.0
256 -1.0 -1.0 14.0 300.0 82.0
257 -1.0 -1.0 14.0 250.0 90.0
258 -1.0 -1.0 4.0 157.0 67.0
259 -1.0 -1.0 17.0 221.0 89.0
260 -1.0 -1.0 13.0 267.0 27.0
261 -1.0 -1.0 12.0 373.0 56.0
262 -1.0 -1.0 16.0 205.0 75.0
263 -1.0 -1.0 20.0 310.0 97.0
264 -1.0 -1.0 17.0 34.0 22.0
265 -1.0 -1.0 12.0 81.0 70.0
266 -1.0 -1.0 14.0 181.0 46.0
267 -1.0 -1.0 12.0 287.0 41.0
268 -1.0 -1.0 16.0 336.0 75.0
269 -1.0 -1.0 8.0 85.0 36.0
270 -1.0 -1.0 7.0 38.0 89.0
271 -1.0 -1.0 13.0 134.0 82.0
272 -1.0 -1.0 8.0 183.0 89.0
273 -1.0 -1.0 17.0 311.0 51.0
274 -1.0 -1.0 20.0 19.0 88.0
275 -1.0 -1.0 9.0 108.0 51.0
276 -1.0 -1.0 18.0 248.0 26.0
277 -1.0 -1.0 12.0 154.0 29.0
278 -1.0 -1.0 17.0 126.0 92.0
279 -1.0 -1.0 9.0 268.0 76.0
280 -1.0 -1.0 5.0 58.0 66.0
281 -1.0 -1.0 15.0 377.0 39.0
282 -1.0 -1.0 13.0 86.0 74.0
283 -1.0 -1.0 6.0 189.0 73.0
284 -1.0 -1.0 11.0 28.0 53.0
285 -1.0 -1.0 20.0 338.0 78.0
286 -1.0 -1.0 16.0 87.0 16.0
287 -1.0 -1.0 13.0 357.0 99.0
288 -1.0 -1.0 11.0 207.0 25.0
289 -1.0 -1.0 18.0 46.0 28.0
290 -1.0 -1.0 12.0 55.0 17.0
291 -1.0 -1.0 16.0 39.0 26.0
292 -1.0 -1.0 18.0 349.0 28.0
293 -1.0 -1.0 5.0 120.0 78.0
294 -1.0 -1.0 6.0 322.0 58.0
295 -1.0 -1.0 12.0 138.0 61.0
296 -1.0 -1.0 8.0 201.0 99.0
297 -1.0 -1.0 15.0 304.0 94.0
298 -1.0 -1.0 5.0 176.0 95.0
299 -1.0 -1.0 4.0 196.0 30.0
300 -1.0 -1.0 7.0 105.0 93.0
301 -1.0 -1.0 9.0 39.0 62.0
302 -1.0 -1.0 16.0 384.0 83.0
303 -1.0 -1.0 8.0 187.0 51.0
304 -1.0 -1.0 11.0 247.0 85.0
305 -1.0 -1.0 6.0 388.0 86.0
306 -1.0 -1.0 10.0 278.0 62.0
307 -1.0 -1.0 12.0 217.0 18.0
308 -1.0 -1.0 5.0 51.0 20.0
309 -1.0 -1.0 9.0 185.0 52.0
310 -1.0 -1.0 10.0 345.0 28.0
311 -1.0 -1.0 6.0 378.0 35.0
312 -1.0 -1.0 17.0 140.0 53.0
313 -1.0 -1.0 8.0 245.0 94.0
314 -1.0 -1.0 18.0 353.0 52.0
315 -1.0 -1.0 11.0 170.0 39.0
316 -1.0 -1.0 5.0 229.0 70.0
317 -1.0 -1.0 11.0 71.0 75.0
318 -1.0 -1.0 11.0 214.0 68.0
319 -1.0 -1.0 18.0 184.0 96.0
320 -1.0 -1.0 5.0 54.0 92.0
321 -1.0 -1.0 7.0 290.0 81.0
322 -1.0 -1.0 7.0 214.0 30.0
323 -1.0 -1.0 11.0 72.0 35.0
324 -1.0 -1.0 9.0 65.0 68.0
325 -1.0 -1.0 4.0 91.0 16.0
326 -1.0 -1.0 18.0 227.0 68.0
327 -1.0 -1.0 20.0 309.0 65.0
328 -1.0 -1.0 17.0 160.0 61.0
329 -1.0 -1.0 17.0 115.0 74.0
330 -1.0 -1.0 16.0 200.0 82.0
331 -1.0 -1.0 10.0 25.0 98.0
332 -1.0 -1.0 19.0 191.0 51.0
333 -1.0 -1.0 12.0 115.0 54.0
334 -1.0 -1.0 9.0 384.0 45.0
335 -1.0 -1.0 8.0 251.0 53.0
336 -1.0 -1.0 18.0 82.0 99.0
337 -1.0 -1.0 14.0 275.0 91.0
338 -1.0 -1.0 8.0 200.0 98.0
339 -1.0 -1.0 16.0 17.0 66.0
340 -1.0 -1.0 10.0 81.0 17.0
341 -1.0 -1.0 19.0 115.0 99.0
342 -1.0 -1.0 4.0 88.0 86.0
343 -1.0 -1.0 6.0 328.0 86.0
344 -1.0 -1.0 8.0 365.0 16.0
345 -1.0 -1.0 5.0 301.0 51.0
346 -1.0 -1.0 9.0 118.0 19.0
347 -1.0 -1.0 7.0 210.0 74.0
348 -1.0 -1.0 4.0 349.0 74.0
349 -1.0 -1.0 5.0 49.0 24.0
350 -1.0 -1.0 11.0 299.0 27.0
351 -1.0 -1.0 10.0 130.0 48.0
352 -1.0 -1.0 20.0 55.0 53.0
353 -1.0 -1.0 7.0 251.0 48.0
354 -1.0 -1.0 10.0 127.0 99.0
355 -1.0 -1.0 20.0 59.0 88.0
356 -1.0 -1.0 17.0 233.0 59.0
357 -1.0 -1.0 6.0 87.0 20.0
358 -1.0 -1.0 10.0 272.0 69.0
359 -1.0 -1.0 16.0 281.0 49.0
360 -1.0 -1.0 14.0 155.0 85.0
361 -1.0 -1.0 20.0 391.0 36.0
362 -1.0 -1.0 8.0 91.0 27.0
363 -1.0 -1.0 18.0 201.0 69.0
364 -1.0 -1.0 12.0 80.0 75.0
365 -1.0 -1.0 11.0 324.0 63.0
366 -1.0 -1.0 6.0 332.0 35.0
367 -1.0 -1.0 16.0 41.0 80.0
368 -1.0 -1.0 11.0 36.0 98.0
369 -1.0 -1.0 17.0 368.0 85.0
370 -1.0 -1.0 11.0 287.0 44.0
371 -1.0 -1.0 8.0 181.0 62.0
372 -1.0 -1.0 11.0 313.0 42.0
373 -1.0 -1.0 13.0 57.0 61.0
374 -1.0 -1.0 10.0 256.0 79.0
375 -1.0 -1.0 8.0 312.0 29.0
376 -1.0 -1.0 13.0 79.0 75.0
377 -1.0 -1.0 11.0 36.0 94.0
378 -1.0 -1.0 14.0 115.0 51.0
379 -1.0 -1.0 10.0 239.0 43.0
380 -1.0 -1.0 20.0 202.0 48.0
381 -1.0 -1.0 17.0 368.0 97.0
382 -1.0 -1.0 20.0 235.0 73.0
383 -1.0 -1.0 6.0 160.0 74.0
384 -1.0 -1.0 8.0 311.0 100.0
385 -1.0 -1.0 10.0 48.0 79.0
386 -1.0 -1.0 16.0 79.0 60.0
387 -1.0 -1.0 5.0 304.0 62.0
388 -1.0 -1.0 5.0 181.0 85.0
389 -1.0 -1.0 10.0 211.0 58.0
390 -1.0 -1.0 9.0 293.0 47.0
391 -1.0 -1.0 9.0 243.0 69.0
392 -1.0 -1.0 11.0 375.0 90.0
393 -1.0 -1.0 9.0 110.0 84.0
394 -1.0 -1.0 9.0 114.0 84.0
395 -1.0 -1.0 17.0 288.0 34.0
396 -1.0 -1.0 9.0 336.0 27.0
397 -1.0 -1.0 10.0 178.0 25.0
398 -1.0 -1.0 5.0 264.0 74.0
399 -1.0 -1.0 13.0 138.0 18.0
400 -1.0 -1.0 5.0 100.0 69.0
401 -1.0 -1.0 10.0 265.0 73.0
402 -1.0 -1.0 19.0 98.0 46.0
403 -1.0 -1.0 10.0 187.0 23.0
404 -1.0 -1.0 9.0 372.0 64.0
405 -1.0 -1.0 15.0 160.0 59.0
406 -1.0 -1.0 11.0 175.0 51.0
407 -1.0 -1.0 6.0 241.0 38.0
408 -1.0 -1.0 5.0 60.0 18.0
409 -1.0 -1.0 6.0 201.0 40.0
410 -1.0 -1.0 15.0 157.0 31.0
411 -1.0 -1.0 12.0 193.0 45.0
412 -1.0 -1.0 18.0 223.0 68.0
413 -1.0 -1.0 10.0 387.0 37.0
414 -1.0 -1.0 7.0 347.0 68.0
415 -1.0 -1.0 9.0 168.0 48.0
416 -1.0 -1.0 9.0 351.0 79.0
417 -1.0 -1.0 6.0 119.0 17.0
418 -1.0 -1.0 17.0 350.0 41.0
419 -1.0 -1.0 13.0 242.0 82.0
420 -1.0 -1.0 17.0 30.0 19.0
421 -1.0 -1.0 7.0 207.0 92.0
422 -1.0 -1.0 7.0 50.0 93.0
423 -1.0 -1.0 14.0 127.0 79.0
424 -1.0 -1.0 4.0 139.0 32.0
425 -1.0 -1.0 15.0 133.0 44.0
426 -1.0 -1.0 8.0 373.0 88.0
427 -1.0 -1.0 15.0 364.0 46.0
428 -1.0 -1.0 20.0 346.0 97.0
429 -1.0 -1.0 17.0 228.0 75.0
430 -1.0 -1.0 15.0 373.0 26.0
431 -1.0 -1.0 8.0 56.0 64.0
432 -1.0 -1.0 10.0 68.0 21.0
433 -1.0 -1.0 18.0 153.0 71.0
434 -1.0 -1.0 11.0 364.0 49.0
435 -1.0 -1.0 19.0 113.0 42.0
436 -1.0 -1.0 5.0 60.0 26.0
437 -1.0 -1.0 12.0 304.0 28.0
438 -1.0 -1.0 18.0 182.0 83.0
439 -1.0 -1.0 10.0 287.0 32.0
440 -1.0 -1.0 11.0 170.0 85.0
441 -1.0 -1.0 14.0 27.0 81.0
442 -1.0 -1.0 17.0 173.0 96.0
443 -1.0 -1.0 15.0 320.0 33.0
444 -1.0 -1.0 8.0 382.0 54.0
445 -1.0 -1.0 6.0 50.0 16.0
446 -1.0 -1.0 12.0 186.0 93.0
447 -1.0 -1.0 7.0 283.0 16.0
448 -1.0 -1.0 12.0 263.0 55.0
449 -1.0 -1.0 6.0 200.0 86.0
450 -1.0 -1.0 12.0 381.0 70.0
451 -1.0 -1.0 18.0 41.0 81.0
452 -1.0 -1.0 15.0 47.0 63.0
453 -1.0 -1.0 9.0 306.0 77.0
454 -1.0 -1.0 13.0 267.0 95.0
455 -1.0 -1.0 4.0 226.0 28.0
456 -1.0 -1.0 17.0 272.0 26.0
457 -1.0 -1.0 18.0 60.0 93.0
458 -1.0 -1.0 19.0 122.0 38.0
459 -1.0 -1.0 13.0 244.0 96.0
460 -1.0 -1.0 20.0 73.0 28.0
461 -1.0 -1.0 7.0 85.0 24.0
462 -1.0 -1.0 11.0 20.0 24.0
463 -1.0 -1.0 13.0 229.0 75.0
464 -1.0 -1.0 10.0 142.0 45.0
465 -1.0 -1.0 5.0 341.0 42.0
466 -1.0 -1.0 9.0 388.0 27.0
467 -1.0 -1.0 19.0 188.0 40.0
468 -1.0 -1.0 6.0 57.0 97.0
469 -1.0 -1.0 14.0 112.0 28.0
470 -1.0 -1.0 17.0 204.0 58.0
471 -1.0 -1.0 16.0 385.0 35.0
472 -1.0 -1.0 20.0 351.0 38.0
473 -1.0 -1.0 20.0 208.0 33.0
474 -1.0 -1.0 15.0 247.0 17.0
475 -1.0 -1.0 5.0 231.0 51.0
476 -1.0 -1.0 6.0 378.0 90.0
477 -1.0 -1.0 6.0 256.0 97.0
478 -1.0 -1.0 10.0 241.0 54.0
479 -1.0 -1.0 12.0 191.0 19.0
480 -1.0 -1.0 4.0 241.0 51.0
481 -1.0 -1.0 12.0 92.0 88.0
482 -1.0 -1.0 8.0 151.0 49.0
483 -1.0 -1.0 20.0 177.0 87.0
484 -1.0 -1.0 5.0 300.0 58.0
485 -1.0 -1.0 15.0 84.0 89.0
486 -1.0 -1.0 9.0 91.0 62.0
487 -1.0 -1.0 8.0 273.0 74.0
488 -1.0 -1.0 5.0 212.0 85.0
489 -1.0 -1.0 12.0 97.0 28.0
490 -1.0 -1.0 13.0 256.0 71.0
491 -1.0 -1.0 10.0 283.0 63.0
492 -1.0 -1.0 17.0 306.0 30.0
493 -1.0 -1.0 9.0 282.0 29.0
494 -1.0 -1.0 5.0 127.0 85.0
495 -1.0 -1.0 14.0 158.0 53.0
496 -1.0 -1.0 16.0 64.0 72.0
497 -1.0 -1.0 4.0 72.0 64.0
498 -1.0 -1.0 7.0 374.0 66.0
499 -1.0 -1.0 11.0 49.0 83.0
500 -1.0 -1.0 13.0 205.0 15.0
501 -1.0 -1.0 13.0 375.0 100.0
502 -1.0 -1.0 18.0 250.0 22.0
503 -1.0 -1.0 19.0 118.0 16.0
504 -1.0 -1.0 18.0 326.0 84.0
505 -1.0 -1.0 6.0 122.0 49.0
506 -1.0 -1.0 18.0 246.0 47.0
507 -1.0 -1.0 5.0 269.0 74.0
508 -1.0 -1.0 9.0 390.0 24.0
509 -1.0 -1.0 19.0 41.0 72.0
510 -1.0 -1.0 16.0 39.0 93.0
511 -1.0 -1.0 10.0 259.0 85.0
512 -1.0 -1.0 8.0 129.0 39.0
513 -1.0 -1.0 4.0 37.0 44.0
514 -1.0 -1.0 20.0 123.0 64.0
515 -1.0 -1.0 4.0 349.0 55.0
516 -1.0 -1.0 9.0 370.0 82.0
517 -1.0 -1.0 14.0 336.0 92.0
518 -1.0 -1.0 20.0 346.0 60.0
519 -1.0 -1.0 20.0 393.0 21.0
520 -1.0 -1.0 9.0 354.0 70.0
521 -1.0 -1.0 14.0 352.0 72.0
522 -1.0 -1.0 13.0 34.0 72.0
523 -1.0 -1.0 7.0 215.0 64.0
524 -1.0 -1.0 5.0 242.0 41.0
525 -1.0 -1.0 15.0 353.0 24.0
526 -1.0 -1.0 17.0 219.0 90.0
527 -1.0 -1.0 7.0 162.0 66.0
528 -1.0 -1.0 7.0 251.0 32.0
529 -1.0 -1.0 6.0 259.0 41.0
530 -1.0 -1.0 9.0 68.0 39.0
531 -1.0 -1.0 17.0 93.0 21.0
532 -1.0 -1.0 19.0 246.0 72.0
533 -1.0 -1.0 20.0 118.0 83.0
534 -1.0 -1.0 15.0 156.0 98.0
535 -1.0 -1.0 6.0 109.0 48.0
536 -1.0 -1.0 5.0 204.0 68.0
537 -1.0 -1.0 10.0 109.0 32.0
538 -1.0 -1.0 12.0 182.0 44.0
539 -1.0 -1.0 16.0 372.0 18.0
540 -1.0 -1.0 4.0 386.0 52.0
541 -1.0 -1.0 18.0 89.0 60.0
542 -1.0 -1.0 7.0 79.0 46.0
543 -1.0 -1.0 10.0 306.0 37.0
544 -1.0 -1.0 11.0 389.0 51.0
545 -1.0 -1.0 17.0 271.0 27.0
546 -1.0 -1.0 19.0 146.0 99.0
547 -1.0 -1.0 4.0 225.0 55.0
548 -1.0 -1.0 9.0 252.0 75.0
549 -1.0 -1.0 6.0 71.0 47.0
550 -1.0 -1.0 10.0 27.0 21.0
551 -1.0 -1.0 13.0 290.0 83.0
552 -1.0 -1.0 14.0 187.0 17.0
553 -1.0 -1.0 5.0 249.0 90.0
554 -1.0 -1.0 11.0 191.0 96.0
555 -1.0 -1.0 20.0 325.0 75.0
556 -1.0 -1.0 14.0 364.0 97.0
557 -1.0 -1.0 5.0 258.0 71.0
558 -1.0 -1.0 20.0 366.0 51.0
559 -1.0 -1.0 9.0 286.0 99.0
560 -1.0 -1.0 4.0 173.0 34.0
561 -1.0 -1.0 11.0 194.0 32.0
562 -1.0 -1.0 6.0 193.0 90.0
563 -1.0 -1.0 17.0 170.0 68.0
564 -1.0 -1.0 17.0 179.0 34.0
565 -1.0 -1.0 6.0 175.0 94.0
566 -1.0 -1.0 12.0 238.0 76.0
567 -1.0 -1.0 8.0 167.0 82.0
568 -1.0 -1.0 13.0 165.0 60.0
569 -1.0 -1.0 6.0 86.0 68.0
570 -1.0 -1.0 13.0 269.0 76.0
571 -1.0 -1.0 9.0 211.0 83.0
572 -1.0 -1.0 9.0 261.0 48.0
573 -1.0 -1.0 5.0 158.0 18.0
574 -1.0 -1.0 9.0 243.0 97.0
575 -1.0 -1.0 6.0 322.0 80.0
576 -1.0 -1.0 20.0 262.0 27.0
577 -1.0 -1.0 19.0 382.0 71.0
578 -1.0 -1.0 16.0 36.0 34.0
579 -1.0 -1.0 20.0 383.0 29.0
580 -1.0 -1.0 4.0 290.0 71.0
581 -1.0 -1.0 6.0 376.0 72.0
582 -1.0 -1.0 9.0 50.0 19.0
583 -1.0 -1.0 9.0 392.0 34.0
584 -1.0 -1.0 5.0 124.0 32.0
585 -1.0 -1.0 7.0 298.0 16.0
586 -1.0 -1.0 14.0 158.0 27.0
587 -1.0 -1.0 9.0 345.0 20.0
588 -1.0 -1.0 6.0 131.0 17.0
589 -1.0 -1.0 16.0 317.0 31.0
590 -1.0 -1.0 12.0 298.0 93.0
591 -1.0 -1.0 5.0 88.0 92.0
592 -1.0 -1.0 4.0 323.0 25.0
593 -1.0 -1.0 13.0 238.0 33.0
594 -1.0 -1.0 10.0 347.0 79.0
595 -1.0 -1.0 19.0 386.0 97.0
596 -1.0 -1.0 4.0 40.0 99.0
597 -1.0 -1.0 9.0 135.0 32.0
598 -1.0 -1.0 11.0 241.0 79.0
599 -1.0 -1.0 6.0 258.0 37.0
600 -1.0 -1.0 14.0 330.0 70.0
601 -1.0 -1.0 6.0 320.0 17.0
602 -1.0 -1.0 5.0 396.0 70.0
603 -1.0 -1.0 19.0 336.0 25.0
604 -1.0 -1.0 17.0 18.0 81.0
605 -1.0 -1.0 7.0 84.0 31.0
606 -1.0 -1.0 6.0 374.0 73.0
607 -1.0 -1.0 16.0 360.0 20.0
608 -1.0 -1.0 17.0 168.0 100.0
609 -1.0 -1.0 13.0 377.0 39.0
610 -1.0 -1.0 14.0 312.0 51.0
611 -1.0 -1.0 18.0 394.0 30.0
612 -1.0 -1.0 8.0 61.0 23.0
613 -1.0 -1.0 7.0 156.0 47.0
614 -1.0 -1.0 15.0 143.0 83.0
615 -1.0 -1.0 6.0 63.0 100.0
616 -1.0 -1.0 14.0 83.0 74.0
617 -1.0 -1.0 7.0 328.0 40.0
618 -1.0 -1.0 6.0 230.0 56.0
619 -1.0 -1.0 13.0 334.0 45.0
620 -1.0 -1.0 6.0 336.0 56.0
621 -1.0 -1.0 19.0 216.0 24.0
622 -1.0 -1.0 10.0 134.0 78.0
623 -1.0 -1.0 19.0 79.0 72.0
624 -1.0 -1.0 16.0 287.0 17.0
625 -1.0 -1.0 19.0 146.0 83.0
626 -1.0 -1.0 12.0 315.0 34.0
627 -1.0 -1.0 10.0 45.0 19.0
628 -1.0 -1.0 18.0 68.0 45.0
629 -1.0 -1.0 14.0 364.0 36.0
630 -1.0 -1.0 7.0 193.0 67.0
631 -1.0 -1.0 11.0 271.0 64.0
632 -1.0 -1.0 11.0 105.0 97.0
633 -1.0 -1.0 10.0 177.0 15.0
634 -1.0 -1.0 5.0 102.0 30.0
635 -1.0 -1.0 8.0 204.0 84.0
636 -1.0 -1.0 13.0 283.0 94.0
637 -1.0 -1.0 10.0 142.0 86.0
638 -1.0 -1.0 11.0 45.0 49.0
639 -1.0 -1.0 8.0 356.0 34.0
640 -1.0 -1.0 11.0 241.0 44.0
641 -1.0 -1.0 19.0 206.0 87.0
642 -1.0 -1.0 9.0 107.0 87.0
643 -1.0 -1.0 12.0 376.0 79.0
644 -1.0 -1.0 19.0 259.0 30.0
645 -1.0 -1.0 7.0 33.0 38.0
646 -1.0 -1.0 4.0 168.0 49.0
647 -1.0 -1.0 13.0 320.0 77.0
648 -1.0 -1.0 11.0 134.0 57.0
649 -1.0 -1.0 12.0 253.0 88.0
650 -1.0 -1.0 8.0 209.0 72.0
651 -1.0 -1.0 11.0 381.0 59.0
652 -1.0 -1.0 8.0 317.0 92.0
653 -1.0 -1.0 17.0 277.0 21.0
654 -1.0 -1.0 9.0 80.0 92.0
655 -1.0 -1.0 20.0 331.0 39.0
656 -1.0 -1.0 17.0 180.0 28.0
657 -1.0 -1.0 6.0 282.0 87.0
658 -1.0 -1.0 8.0 89.0 99.0
659 -1.0 -1.0 16.0 201.0 41.0
660 -1.0 -1.0 4.0 114.0 19.0
661 -1.0 -1.0 7.0 311.0 60.0
662 -1.0 -1.0 13.0 203.0 58.0
663 -1.0 -1.0 19.0 276.0 64.0
664 -1.0 -1.0 8.0 194.0 50.0
665 -1.0 -1.0 13.0 198.0 39.0
666 -1.0 -1.0 8.0 374.0 98.0
667 -1.0 -1.0 8.0 172.0 69.0
668 -1.0 -1.0 6.0 390.0 91.0
669 -1.0 -1.0 19.0 374.0 60.0
670 -1.0 -1.0 13.0 40.0 78.0
671 -1.0 -1.0 15.0 234.0 92.0
672 -1.0 -1.0 4.0 89.0 95.0
673 -1.0 -1.0 18.0 368.0 72.0
674 -1.0 -1.0 11.0 188.0 69.0
675 -1.0 -1.0 14.0 102.0 93.0
676 -1.0 -1.0 13.0 190.0 84.0
677 -1.0 -1.0 16.0 375.0 35.0
678 -1.0 -1.0 5.0 265.0 32.0
679 -1.0 -1.0 16.0 216.0 86.0
680 -1.0 -1.0 10.0 378.0 15.0
681 -1.0 -1.0 9.0 147.0 23.0
682 -1.0 -1.0 5.0 350.0 62.0
683 -1.0 -1.0 14.0 225.0 78.0
684 -1.0 -1.0 17.0 352.0 56.0
685 -1.0 -1.0 17.0 164.0 73.0
686 -1.0 -1.0 4.0 145.0 48.0
687 -1.0 -1.0 9.0 146.0 42.0
688 -1.0 -1.0 13.0 115.0 90.0
689 -1.0 -1.0 4.0 53.0 85.0
690 -1.0 -1.0 20.0 204.0 28.0
691 -1.0 -1.0 13.0 175.0 70.0
692 -1.0 -1.0 17.0 342.0 81.0
693 -1.0 -1.0 14.0 68.0 32.0
694 -1.0 -1.0 18.0 320.0 63.0
695 -1.0 -1.0 20.0 343.0 24.0
696 -1.0 -1.0 5.0 87.0 53.0
697 -1.0 -1.0 14.0 211.0 35.0
698 -1.0 -1.0 19.0 195.0 96.0
699 -1.0 -1.0 20.0 355.0 73.0
700 -1.0 -1.0 12.0 300.0 42.0
701 -1.0 -1.0 15.0 183.0 78.0
702 -1.0 -1.0 19.0 323.0 43.0
703 -1.0 -1.0 14.0 108.0 50.0
704 -1.0 -1.0 19.0 186.0 52.0
705 -1.0 -1.0 16.0 282.0 23.0
706 -1.0 -1.0 15.0 88.0 21.0
707 -1.0 -1.0 13.0 173.0 34.0
708 -1.0 -1.0 7.0 228.0 89.0
709 -1.0 -1.0 17.0 79.0 16.0
710 -1.0 -1.0 18.0 298.0 28.0
711 -1.0 -1.0 12.0 240.0 94.0
712 -1.0 -1.0 11.0 139.0 27.0
713 -1.0 -1.0 11.0 328.0 55.0
714 -1.0 -1.0 19.0 234.0 75.0
715 -1.0 -1.0 7.0 61.0 46.0
716 -1.0 -1.0 5.0 119.0 29.0
717 -1.0 -1.0 16.0 384.0 36.0
718 -1.0 -1.0 9.0 125.0 32.0
719 -1.0 -1.0 15.0 198.0 71.0
720 -1.0 -1.0 9.0 240.0 96.0
721 -1.0 -1.0 17.0 137.0 39.0
722 -1.0 -1.0 11.0 57.0 60.0
723 -1.0 -1.0 15.0 231.0 81.0
724 -1.0 -1.0 12.0 241.0 70.0
725 -1.0 -1.0 15.0 245.0 20.0
929
0 25 10
0 1 5
1 26 6
2 27 5
3 31 6
3 4 5
4 32 10
5 33 10
5 6 12
6 34 9
7 8 9
8 36 11
8 9 11
9 10 7
10 11 11
11 37 10
11 12 6
12 38 10
12 13 9
13 39 11
13 14 12
14 15 7
15 16 10
17 40 5
17 18 12
18 41 6
18 19 5
19 42 6
19 20 7
20 43 11
20 21 5
21 44 5
21 22 7
22 45 6
22 23 9
23 46 7
23 24 12
24 47 8
25 26 7
26 48 5
27 28 12
28 29 11
29 50 8
29 30 8
30 51 12
30 31 5
31 52 11
31 32 11
33 54 10
33 34 7
34 35 8
36 56 5
37 58 8
37 38 9
38 59 5
38 39 7
39 60 7
40 64 6
40 41 6
41 65 9
41 42 6
42 66 8
42 43 5
43 67 9
43 44 11
44 45 7
45 46 11
46 47 10
47 68 9
48 70 5
49 72 12
50 75 5
50 51 6
51 52 11
52 76 6
53 54 12
54 78 10
55 56 8
56 57 8
57 81 12
58 59 11
59 60 8
60 83 8
60 61 5
62 63 8
63 85 8
63 64 6
64 86 12
64 65 8
65 66 8
66 67 7
69 89 5
69 70 6
70 90 10
70 71 7
71 91 7
71 72 6
72 73 10
73 74 11
74 75 8
76 93 6
76 77 9
78 94 7
78 79 6
79 80 8
81 96 5
81 82 6
83 97 8
84 99 8
85 101 8
85 86 8
86 102 10
87 105 12
87 88 12
88 106 8
89 109 9
89 90 5
90 110 8
90 91 10
91 111 5
92 114 11
92 93 12
93 115 9
94 116 8
95 117 6
97 121 7
97 98 7
98 122 9
98 99 9
99 123 12
99 100 9
100 101 6
101 102 10
102 103 9
103 124 10
104 105 9
105 126 5
105 106 8
106 127 11
106 107 11
107 108 12
109 110 7
110 111 11
112 129 10
113 131 12
113 114 8
114 115 9
115 132 6
116 134 12
117 137 10
118 119 8
119 120 12
120 121 12
121 140 10
121 122 9
122 141 11
122 123 10
123 142 7
124 145 7
124 125 11
125 146 8
126 148 12
126 127 6
128 152 9
128 129 9
129 153 9
129 130 11
130 131 11
131 154 9
132 156 6
133 158 9
133 134 9
134 135 9
135 159 7
135 136 10
136 160 6
136 137 12
137 138 12
138 139 8
139 161 7
140 141 9
141 142 8
142 163 5
143 165 12
143 144 7
144 166 9
144 145 12
145 167 7
145 146 7
146 168 9
146 147 5
147 169 8
147 148 7
149 172 6
150 173 7
151 175 5
151 152 12
152 153 7
153 176 7
154 155 8
155 178 7
155 156 5
156 179 7
156 157 12
157 180 7
157 158 6
158 181 7
159 183 8
159 160 5
160 184 11
161 186 9
162 188 7
163 164 7
164 192 6
164 165 12
165 166 7
166 193 9
166 167 10
167 194 10
167 168 8
168 195 12
168 169 5
169 196 5
170 197 6
170 171 5
171 198 5
171 172 12
172 199 12
173 174 5
174 200 6
174 175 6
175 201 12
176 177 6
178 204 6
178 179 7
179 205 8
179 180 6
180 181 12
181 206 7
181 182 9
182 207 9
182 183 8
183 208 5
183 184 8
184 209 8
185 211 12
185 186 6
186 212 10
186 187 11
187 213 7
187 188 6
188 189 5
189 214 10
189 190 11
190 191 5
192 215 6
193 194 5
194 195 7
195 217 11
195 196 5
196 218 7
197 220 6
197 198 8
198 221 9
198 199 5
200 223 11
200 201 8
201 224 9
201 202 8
202 225 6
203 204 7
204 227 7
204 205 12
206 228 8
206 207 9
207 229 12
207 208 5
208 209 7
209 210 10
210 230 10
210 211 7
211 231 6
211 212 5
212 232 6
212 213 6
213 233 12
214 234 5
215 216 12
216 238 5
217 241 7
217 218 9
218 242 7
218 219 10
219 243 9
219 220 12
220 221 11
222 223 8
223 244 12
223 224 5
224 225 5
225 245 5
226 247 8
227 248 10
228 250 10
228 229 12
229 251 8
230 253 10
230 231 9
231 254 9
231 232 11
232 233 5
234 256 11
234 235 10
235 236 6
236 237 5
238 258 10
238 239 7
239 259 12
239 240 8
240 260 12
240 241 8
241 261 6
241 242 5
242 262 11
242 243 10
243 263 6
245 267 8
245 246 11
246 247 7
247 268 10
248 269 5
248 249 7
250 270 5
250 251 9
251 252 10
252 271 6
253 273 5
253 254 10
255 256 9
256 276 6
257 279 12
257 258 12
258 280 9
258 259 5
259 281 12
259 260 12
260 282 12
260 261 9
261 283 12
261 262 6
262 263 12
263 284 7
263 264 12
264 285 12
265 287 9
266 288 8
267 291 11
269 294 11
270 296 11
271 298 7
271 272 7
272 299 7
272 273 5
273 300 6
274 302 10
274 275 7
275 303 9
276 305 7
277 278 10
278 279 5
279 306 6
279 280 12
280 307 6
280 281 8
281 282 10
282 308 6
282 283 10
283 309 5
284 311 5
284 285 10
285 312 8
285 286 7
286 313 6
286 287 7
287 314 5
288 315 11
288 289 12
289 290 7
290 316 11
290 291 11
291 292 12
292 317 10
293 294 6
294 318 11
294 295 12
295 319 5
296 297 11
297 321 6
297 298 11
298 322 12
298 299 9
299 300 12
300 301 12
301 323 12
301 302 10
302 303 9
303 324 12
303 304 7
304 325 5
304 305 11
305 326 12
306 329 7
306 307 5
308 330 11
308 309 12
309 310 8
310 311 7
311 331 10
311 312 8
312 313 12
313 332 6
313 314 9
316 334 7
318 319 6
319 320 8
320 336 8
321 337 9
321 322 10
322 338 10
324 325 5
325 342 12
325 326 9
326 343 7
326 327 9
328 329 7
329 344 5
331 349 10
332 351 11
333 354 5
333 334 6
334 355 8
335 358 9
336 360 12
337 362 6
337 338 9
338 363 11
338 339 6
339 364 10
339 340 11
341 365 9
342 367 10
342 343 12
343 368 11
344 372 6
344 345 6
345 373 5
345 346 12
346 374 9
347 348 7
348 376 10
348 349 11
349 377 10
349 350 5
350 351 9
351 378 5
351 352 7
352 379 12
353 380 10
353 354 10
354 355 9
355 381 9
355 356 7
356 382 7
356 357 5
358 384 7
359 386 7
359 360 6
360 361 10
361 362 7
362 363 11
363 364 12
365 389 12
365 366 11
366 367 11
367 368 9
368 369 6
369 390 5
369 370 6
370 371 6
371 391 7
371 372 10
372 392 7
372 373 5
373 374 6
374 375 5
376 377 8
377 394 11
378 379 12
379 396 10
381 397 7
381 382 11
383 399 7
383 384 6
384 385 7
385 400 11
385 386 12
386 401 7
387 405 12
387 388 10
388 389 5
390 407 11
391 408 11
391 392 7
392 409 12
393 413 11
394 395 7
395 414 9
396 416 11
397 418 6
398 399 7
399 420 12
400 401 12
401 421 12
401 402 5
402 422 9
403 424 12
404 405 8
405 425 11
406 429 10
406 407 11
407 430 12
408 409 7
409 410 10
410 431 9
410 411 8
411 432 7
411 412 9
412 413 12
413 433 12
414 415 12
415 436 8
415 416 10
417 418 11
418 438 9
418 419 10
419 439 9
421 443 6
421 422 8
422 444 7
422 423 9
423 424 11
424 445 10
426 447 9
426 427 6
427 428 9
428 429 9
429 430 12
430 448 9
431 432 12
432 452 6
433 454 5
433 434 6
434 455 9
434 435 7
435 456 9
437 458 9
438 460 6
438 439 7
439 461 7
439 440 5
441 463 8
441 442 6
442 443 8
443 464 5
443 444 11
445 465 11
446 447 8
447 467 10
448 471 12
448 449 8
449 450 6
450 451 6
451 472 12
452 453 12
453 454 11
454 474 5
454 455 6
455 475 10
455 456 11
456 476 12
457 478 7
458 479 6
458 459 7
459 460 6
460 461 8
461 480 7
462 481 12
462 463 12
464 483 11
465 486 6
465 466 6
467 490 7
467 468 8
468 469 6
469 470 6
470 491 8
470 471 5
471 492 10
472 473 6
474 475 11
475 497 11
475 476 8
477 499 9
477 478 5
478 500 8
479 501 7
480 503 10
482 483 7
483 505 6
483 484 9
484 485 11
485 486 12
487 488 8
488 507 8
488 489 10
489 508 7
489 490 10
491 511 10
491 492 6
492 512 10
492 493 9
493 494 7
494 513 9
495 516 12
495 496 10
496 517 7
498 519 6
498 499 12
499 520 5
499 500 12
501 521 6
502 522 10
502 503 10
504 525 10
505 526 8
506 529 9
507 531 6
507 508 8
508 532 9
509 534 9
509 510 5
510 511 11
511 512 10
512 535 7
513 514 5
514 537 9
514 515 10
515 538 12
515 516 11
516 517 10
517 539 5
518 541 6
518 519 6
519 520 11
520 542 5
521 543 9
522 544 9
523 546 5
523 524 5
524 547 9
524 525 8
525 548 8
526 550 10
527 528 10
528 529 7
529 552 9
529 530 9
530 553 6
530 531 7
531 554 5
531 532 6
532 555 6
532 533 5
533 534 8
534 556 12
535 559 5
535 536 10
537 561 7
537 538 7
538 562 8
539 564 12
540 541 12
542 566 12
544 569 8
544 545 12
545 570 5
545 546 5
546 571 11
546 547 12
547 548 11
548 549 12
549 572 11
549 550 6
550 551 8
551 573 8
552 553 7
553 575 8
553 554 11
554 555 8
555 576 12
556 577 11
556 557 5
557 578 9
557 558 6
558 559 7
559 579 10
560 581 10
560 561 12
561 582 11
561 562 10
562 563 5
563 583 5
563 564 10
564 565 5
565 584 6
566 586 6
566 567 11
568 569 10
569 588 10
569 570 10
570 571 11
571 589 8
573 591 9
574 593 9
576 594 12
577 596 10
577 578 8
578 597 11
579 599 9
579 580 11
580 600 7
580 581 7
581 601 10
581 582 6
582 602 12
584 604 6
585 606 5
585 586 9
586 607 6
587 609 11
588 611 8
589 613 10
590 591 11
591 616 11
591 592 7
592 617 9
592 593 5
594 595 7
595 620 10
595 596 11
596 621 5
596 597 11
597 622 11
597 598 9
598 623 5
598 599 9
599 624 11
599 600 12
600 601 7
601 625 10
601 602 7
602 626 7
602 603 9
603 627 8
604 629 5
605 606 12
606 607 10
607 608 5
608 631 5
609 632 5
609 610 10
610 611 7
611 633 11
611 612 7
612 634 7
612 613 8
613 635 11
613 614 10
614 636 7
614 615 10
616 638 10
616 617 12
617 639 5
618 619 6
619 641 5
620 621 7
621 622 10
622 643 8
622 623 6
623 644 5
623 624 12
624 645 11
625 647 5
625 626 9
626 648 7
626 627 7
627 649 12
628 651 9
628 629 6
629 652 8
629 630 6
631 655 7
632 656 8
633 657 6
633 634 6
634 658 8
634 635 5
635 659 11
635 636 6
637 662 12
637 638 10
638 639 9
639 663 7
640 665 8
641 667 6
641 642 10
643 670 7
643 644 12
644 671 7
644 645 11
645 672 10
645 646 5
646 673 9
646 647 11
647 674 9
647 648 5
648 675 5
648 649 5
649 676 6
649 650 8
650 651 12
651 677 9
651 652 12
652 678 7
653 680 12
654 655 8
655 682 5
657 658 5
658 683 7
658 659 7
659 684 12
660 661 10
661 685 8
661 662 5
662 686 11
663 664 10
664 688 9
664 665 10
665 689 5
665 666 6
666 690 8
666 667 5
667 691 6
668 692 8
668 669 10
669 693 7
669 670 7
670 671 11
671 672 6
672 694 8
672 673 6
673 695 11
673 674 11
674 696 7
674 675 6
675 697 7
675 676 6
676 698 9
677 678 5
678 699 11
678 679 11
679 680 9
680 700 5
680 681 12
681 701 5
682 703 11
683 706 11
683 684 11
685 708 5
685 686 11
686 687 12
687 709 8
688 711 9
688 689 11
689 712 9
689 690 12
690 713 8
690 691 7
691 714 5
692 715 11
692 693 11
694 718 12
694 695 6
695 719 6
695 696 9
696 720 8
696 697 10
697 698 12
698 721 5
699 724 6
700 701 5
701 702 5
702 703 5
703 725 10
704 705 11
705 706 9
707 708 5
709 710 11
710 711 12
711 712 9
712 713 6
713 714 8
716 717 12
717 718 7
718 719 12
719 720 10
721 722 8
722 723 9
723 724 11
10 0.05 0.05 0.05
