486
0 -1.0 -1.0 5.0 384.0 53.0
1 -1.0 -1.0 18.0 117.0 87.0
2 -1.0 -1.0 17.0 271.0 83.0
3 -1.0 -1.0 14.0 284.0 60.0
4 -1.0 -1.0 11.0 325.0 18.0
5 -1.0 -1.0 7.0 207.0 49.0
6 -1.0 -1.0 19.0 98.0 18.0
7 -1.0 -1.0 20.0 250.0 73.0
8 -1.0 -1.0 15.0 378.0 21.0
9 -1.0 -1.0 18.0 164.0 91.0
10 -1.0 -1.0 14.0 37.0 33.0
11 -1.0 -1.0 7.0 389.0 45.0
12 -1.0 -1.0 6.0 52.0 33.0
13 -1.0 -1.0 13.0 302.0 65.0
14 -1.0 -1.0 15.0 274.0 95.0
15 -1.0 -1.0 4.0 162.0 30.0
16 -1.0 -1.0 12.0 204.0 69.0
17 -1.0 -1.0 6.0 358.0 58.0
18 -1.0 -1.0 11.0 62.0 53.0
19 -1.0 -1.0 19.0 126.0 20.0
20 -1.0 -1.0 10.0 226.0 87.0
21 -1.0 -1.0 8.0 161.0 94.0
22 -1.0 -1.0 11.0 38.0 90.0
23 -1.0 -1.0 9.0 97.0 94.0
24 -1.0 -1.0 10.0 139.0 89.0
25 -1.0 -1.0 11.0 24.0 99.0
26 -1.0 -1.0 12.0 346.0 50.0
27 -1.0 -1.0 19.0 219.0 58.0
28 -1.0 -1.0 10.0 398.0 25.0
29 -1.0 -1.0 5.0 247.0 37.0
30 -1.0 -1.0 19.0 232.0 56.0
31 -1.0 -1.0 16.0 40.0 49.0
32 -1.0 -1.0 19.0 59.0 33.0
33 -1.0 -1.0 15.0 64.0 63.0
34 -1.0 -1.0 10.0 290.0 48.0
35 -1.0 -1.0 12.0 240.0 67.0
36 -1.0 -1.0 14.0 269.0 28.0
37 -1.0 -1.0 11.0 137.0 99.0
38 -1.0 -1.0 8.0 186.0 94.0
39 -1.0 -1.0 20.0 233.0 78.0
40 -1.0 -1.0 4.0 233.0 32.0
41 -1.0 -1.0 5.0 224.0 58.0
42 -1.0 -1.0 10.0 250.0 61.0
43 -1.0 -1.0 17.0 349.0 50.0
44 -1.0 -1.0 17.0 83.0 91.0
45 -1.0 -1.0 9.0 121.0 61.0
46 -1.0 -1.0 7.0 381.0 67.0
47 -1.0 -1.0 20.0 92.0 34.0
48 -1.0 -1.0 15.0 252.0 56.0
49 -1.0 -1.0 8.0 375.0 47.0
50 -1.0 -1.0 9.0 208.0 19.0
51 -1.0 -1.0 8.0 248.0 16.0
52 -1.0 -1.0 6.0 136.0 16.0
53 -1.0 -1.0 15.0 17.0 99.0
54 -1.0 -1.0 11.0 263.0 85.0
55 -1.0 -1.0 8.0 237.0 54.0
56 -1.0 -1.0 14.0 369.0 78.0
57 -1.0 -1.0 18.0 72.0 94.0
58 -1.0 -1.0 9.0 105.0 59.0
59 -1.0 -1.0 15.0 343.0 66.0
60 -1.0 -1.0 17.0 180.0 87.0
61 -1.0 -1.0 8.0 257.0 67.0
62 -1.0 -1.0 8.0 24.0 75.0
63 -1.0 -1.0 18.0 212.0 37.0
64 -1.0 -1.0 15.0 100.0 70.0
65 -1.0 -1.0 6.0 299.0 82.0
66 -1.0 -1.0 6.0 143.0 21.0
67 -1.0 -1.0 8.0 196.0 18.0
68 -1.0 -1.0 18.0 107.0 24.0
69 -1.0 -1.0 14.0 55.0 95.0
70 -1.0 -1.0 18.0 367.0 90.0
71 -1.0 -1.0 19.0 122.0 77.0
72 -1.0 -1.0 10.0 265.0 22.0
73 -1.0 -1.0 5.0 109.0 58.0
74 -1.0 -1.0 13.0 186.0 67.0
75 -1.0 -1.0 10.0 381.0 67.0
76 -1.0 -1.0 12.0 162.0 29.0
77 -1.0 -1.0 18.0 130.0 38.0
78 -1.0 -1.0 9.0 50.0 54.0
79 -1.0 -1.0 14.0 213.0 100.0
80 -1.0 -1.0 13.0 303.0 44.0
81 -1.0 -1.0 8.0 268.0 82.0
82 -1.0 -1.0 14.0 361.0 94.0
83 -1.0 -1.0 17.0 171.0 57.0
84 -1.0 -1.0 8.0 266.0 68.0
85 -1.0 -1.0 17.0 211.0 17.0
86 -1.0 -1.0 6.0 324.0 52.0
87 -1.0 -1.0 20.0 113.0 74.0
88 -1.0 -1.0 8.0 114.0 32.0
89 -1.0 -1.0 19.0 124.0 99.0
90 -1.0 -1.0 12.0 285.0 75.0
91 -1.0 -1.0 16.0 381.0 99.0
92 -1.0 -1.0 19.0 60.0 94.0
93 -1.0 -1.0 6.0 180.0 20.0
94 -1.0 -1.0 16.0 18.0 59.0
95 -1.0 -1.0 20.0 368.0 54.0
96 -1.0 -1.0 17.0 319.0 15.0
97 -1.0 -1.0 20.0 180.0 73.0
98 -1.0 -1.0 5.0 232.0 34.0
99 -1.0 -1.0 13.0 138.0 67.0
100 -1.0 -1.0 5.0 32.0 32.0
101 -1.0 -1.0 9.0 165.0 43.0
102 -1.0 -1.0 4.0 391.0 64.0
103 -1.0 -1.0 11.0 168.0 63.0
104 -1.0 -1.0 11.0 260.0 75.0
105 -1.0 -1.0 6.0 259.0 18.0
106 -1.0 -1.0 16.0 337.0 60.0
107 -1.0 -1.0 14.0 272.0 42.0
108 -1.0 -1.0 15.0 231.0 23.0
109 -1.0 -1.0 20.0 55.0 75.0
110 -1.0 -1.0 17.0 325.0 98.0
111 -1.0 -1.0 17.0 383.0 94.0
112 -1.0 -1.0 7.0 342.0 42.0
113 -1.0 -1.0 7.0 20.0 55.0
114 -1.0 -1.0 13.0 124.0 100.0
115 -1.0 -1.0 13.0 263.0 48.0
116 -1.0 -1.0 5.0 193.0 74.0
117 -1.0 -1.0 18.0 386.0 40.0
118 -1.0 -1.0 4.0 129.0 64.0
119 -1.0 -1.0 17.0 355.0 81.0
120 -1.0 -1.0 14.0 125.0 47.0
121 -1.0 -1.0 12.0 120.0 40.0
122 -1.0 -1.0 7.0 50.0 53.0
123 -1.0 -1.0 9.0 67.0 75.0
124 -1.0 -1.0 4.0 323.0 56.0
125 -1.0 -1.0 19.0 268.0 69.0
126 -1.0 -1.0 12.0 105.0 54.0
127 -1.0 -1.0 15.0 216.0 88.0
128 -1.0 -1.0 9.0 249.0 61.0
129 -1.0 -1.0 7.0 36.0 46.0
130 -1.0 -1.0 16.0 347.0 47.0
131 -1.0 -1.0 9.0 376.0 30.0
132 -1.0 -1.0 4.0 22.0 45.0
133 -1.0 -1.0 7.0 129.0 84.0
134 -1.0 -1.0 15.0 238.0 48.0
135 -1.0 -1.0 7.0 188.0 99.0
136 -1.0 -1.0 10.0 117.0 32.0
137 -1.0 -1.0 12.0 137.0 26.0
138 -1.0 -1.0 17.0 46.0 31.0
139 -1.0 -1.0 8.0 39.0 50.0
140 -1.0 -1.0 7.0 146.0 63.0
141 -1.0 -1.0 17.0 271.0 91.0
142 -1.0 -1.0 8.0 209.0 47.0
143 -1.0 -1.0 15.0 324.0 61.0
144 -1.0 -1.0 13.0 352.0 72.0
145 -1.0 -1.0 17.0 172.0 40.0
146 -1.0 -1.0 11.0 39.0 70.0
147 -1.0 -1.0 9.0 171.0 34.0
148 -1.0 -1.0 11.0 391.0 22.0
149 -1.0 -1.0 16.0 206.0 59.0
150 -1.0 -1.0 20.0 74.0 62.0
151 -1.0 -1.0 8.0 229.0 46.0
152 -1.0 -1.0 4.0 262.0 83.0
153 -1.0 -1.0 9.0 181.0 73.0
154 -1.0 -1.0 6.0 22.0 91.0
155 -1.0 -1.0 17.0 69.0 76.0
156 -1.0 -1.0 16.0 66.0 69.0
157 -1.0 -1.0 10.0 232.0 96.0
158 -1.0 -1.0 16.0 77.0 88.0
159 -1.0 -1.0 12.0 334.0 93.0
160 -1.0 -1.0 10.0 21.0 32.0
161 -1.0 -1.0 6.0 288.0 48.0
162 -1.0 -1.0 16.0 86.0 31.0
163 -1.0 -1.0 20.0 261.0 83.0
164 -1.0 -1.0 12.0 282.0 57.0
165 -1.0 -1.0 17.0 355.0 23.0
166 -1.0 -1.0 14.0 189.0 79.0
167 -1.0 -1.0 9.0 284.0 15.0
168 -1.0 -1.0 14.0 323.0 37.0
169 -1.0 -1.0 10.0 148.0 30.0
170 -1.0 -1.0 19.0 268.0 65.0
171 -1.0 -1.0 6.0 301.0 57.0
172 -1.0 -1.0 13.0 168.0 30.0
173 -1.0 -1.0 12.0 114.0 83.0
174 -1.0 -1.0 10.0 360.0 72.0
175 -1.0 -1.0 13.0 47.0 62.0
176 -1.0 -1.0 14.0 258.0 52.0
177 -1.0 -1.0 19.0 274.0 74.0
178 -1.0 -1.0 11.0 153.0 62.0
179 -1.0 -1.0 17.0 88.0 67.0
180 -1.0 -1.0 12.0 382.0 62.0
181 -1.0 -1.0 7.0 114.0 31.0
182 -1.0 -1.0 14.0 342.0 25.0
183 -1.0 -1.0 12.0 300.0 69.0
184 -1.0 -1.0 15.0 191.0 66.0
185 -1.0 -1.0 12.0 304.0 72.0
186 -1.0 -1.0 4.0 22.0 93.0
187 -1.0 -1.0 11.0 60.0 71.0
188 -1.0 -1.0 17.0 213.0 74.0
189 -1.0 -1.0 5.0 129.0 30.0
190 -1.0 -1.0 9.0 259.0 78.0
191 -1.0 -1.0 18.0 376.0 88.0
192 -1.0 -1.0 11.0 379.0 55.0
193 -1.0 -1.0 15.0 284.0 38.0
194 -1.0 -1.0 14.0 126.0 54.0
195 -1.0 -1.0 5.0 255.0 49.0
196 -1.0 -1.0 17.0 155.0 28.0
197 -1.0 -1.0 6.0 201.0 73.0
198 -1.0 -1.0 15.0 117.0 87.0
199 -1.0 -1.0 13.0 103.0 30.0
200 -1.0 -1.0 9.0 18.0 76.0
201 -1.0 -1.0 16.0 120.0 20.0
202 -1.0 -1.0 5.0 108.0 55.0
203 -1.0 -1.0 13.0 174.0 57.0
204 -1.0 -1.0 19.0 133.0 26.0
205 -1.0 -1.0 6.0 93.0 44.0
206 -1.0 -1.0 10.0 77.0 96.0
207 -1.0 -1.0 7.0 105.0 37.0
208 -1.0 -1.0 5.0 148.0 92.0
209 -1.0 -1.0 4.0 86.0 55.0
210 -1.0 -1.0 18.0 291.0 51.0
211 -1.0 -1.0 9.0 179.0 49.0
212 -1.0 -1.0 14.0 155.0 35.0
213 -1.0 -1.0 20.0 239.0 98.0
214 -1.0 -1.0 15.0 202.0 64.0
215 -1.0 -1.0 17.0 328.0 74.0
216 -1.0 -1.0 6.0 153.0 58.0
217 -1.0 -1.0 5.0 15.0 15.0
218 -1.0 -1.0 6.0 187.0 64.0
219 -1.0 -1.0 10.0 83.0 25.0
220 -1.0 -1.0 8.0 93.0 67.0
221 -1.0 -1.0 14.0 196.0 19.0
222 -1.0 -1.0 14.0 333.0 20.0
223 -1.0 -1.0 14.0 39.0 47.0
224 -1.0 -1.0 14.0 377.0 75.0
225 -1.0 -1.0 5.0 127.0 63.0
226 -1.0 -1.0 10.0 237.0 42.0
227 -1.0 -1.0 4.0 217.0 26.0
228 -1.0 -1.0 20.0 111.0 31.0
229 -1.0 -1.0 11.0 120.0 26.0
230 -1.0 -1.0 4.0 104.0 53.0
231 -1.0 -1.0 18.0 186.0 26.0
232 -1.0 -1.0 5.0 126.0 74.0
233 -1.0 -1.0 6.0 301.0 71.0
234 -1.0 -1.0 9.0 50.0 75.0
235 -1.0 -1.0 5.0 261.0 61.0
236 -1.0 -1.0 15.0 131.0 91.0
237 -1.0 -1.0 14.0 280.0 27.0
238 -1.0 -1.0 16.0 382.0 18.0
239 -1.0 -1.0 5.0 114.0 61.0
240 -1.0 -1.0 18.0 266.0 34.0
241 -1.0 -1.0 19.0 348.0 51.0
242 -1.0 -1.0 18.0 302.0 73.0
243 -1.0 -1.0 11.0 56.0 45.0
244 -1.0 -1.0 17.0 304.0 68.0
245 -1.0 -1.0 6.0 167.0 53.0
246 -1.0 -1.0 8.0 341.0 36.0
247 -1.0 -1.0 13.0 340.0 95.0
248 -1.0 -1.0 15.0 122.0 38.0
249 -1.0 -1.0 18.0 57.0 78.0
250 -1.0 -1.0 16.0 161.0 76.0
251 -1.0 -1.0 10.0 44.0 85.0
252 -1.0 -1.0 11.0 189.0 96.0
253 -1.0 -1.0 16.0 298.0 88.0
254 -1.0 -1.0 5.0 181.0 42.0
255 -1.0 -1.0 4.0 36.0 26.0
256 -1.0 -1.0 7.0 304.0 25.0
257 -1.0 -1.0 17.0 398.0 89.0
258 -1.0 -1.0 20.0 140.0 76.0
259 -1.0 -1.0 11.0 293.0 90.0
260 -1.0 -1.0 9.0 106.0 92.0
261 -1.0 -1.0 7.0 103.0 15.0
262 -1.0 -1.0 12.0 238.0 30.0
263 -1.0 -1.0 16.0 196.0 94.0
264 -1.0 -1.0 16.0 274.0 18.0
265 -1.0 -1.0 18.0 41.0 59.0
266 -1.0 -1.0 17.0 237.0 55.0
267 -1.0 -1.0 16.0 342.0 95.0
268 -1.0 -1.0 13.0 110.0 92.0
269 -1.0 -1.0 15.0 31.0 68.0
270 -1.0 -1.0 14.0 280.0 47.0
271 -1.0 -1.0 16.0 47.0 34.0
272 -1.0 -1.0 16.0 318.0 24.0
273 -1.0 -1.0 16.0 318.0 83.0
274 -1.0 -1.0 10.0 312.0 50.0
275 -1.0 -1.0 6.0 210.0 57.0
276 -1.0 -1.0 12.0 15.0 78.0
277 -1.0 -1.0 19.0 86.0 99.0
278 -1.0 -1.0 5.0 191.0 44.0
279 -1.0 -1.0 18.0 368.0 59.0
280 -1.0 -1.0 10.0 139.0 95.0
281 -1.0 -1.0 18.0 279.0 26.0
282 -1.0 -1.0 19.0 90.0 53.0
283 -1.0 -1.0 17.0 167.0 20.0
284 -1.0 -1.0 14.0 27.0 90.0
285 -1.0 -1.0 7.0 362.0 30.0
286 -1.0 -1.0 17.0 276.0 59.0
287 -1.0 -1.0 6.0 73.0 19.0
288 -1.0 -1.0 6.0 287.0 23.0
289 -1.0 -1.0 18.0 108.0 54.0
290 -1.0 -1.0 18.0 98.0 15.0
291 -1.0 -1.0 8.0 28.0 61.0
292 -1.0 -1.0 19.0 259.0 44.0
293 -1.0 -1.0 7.0 141.0 92.0
294 -1.0 -1.0 9.0 337.0 85.0
295 -1.0 -1.0 8.0 98.0 44.0
296 -1.0 -1.0 4.0 340.0 16.0
297 -1.0 -1.0 7.0 127.0 71.0
298 -1.0 -1.0 18.0 359.0 95.0
299 -1.0 -1.0 16.0 27.0 32.0
300 -1.0 -1.0 13.0 246.0 78.0
301 -1.0 -1.0 4.0 150.0 42.0
302 -1.0 -1.0 8.0 145.0 46.0
303 -1.0 -1.0 9.0 232.0 63.0
304 -1.0 -1.0 20.0 296.0 84.0
305 -1.0 -1.0 11.0 231.0 78.0
306 -1.0 -1.0 11.0 285.0 47.0
307 -1.0 -1.0 14.0 242.0 42.0
308 -1.0 -1.0 15.0 29.0 68.0
309 -1.0 -1.0 18.0 125.0 24.0
310 -1.0 -1.0 15.0 222.0 37.0
311 -1.0 -1.0 15.0 234.0 68.0
312 -1.0 -1.0 18.0 365.0 18.0
313 -1.0 -1.0 7.0 342.0 96.0
314 -1.0 -1.0 15.0 175.0 28.0
315 -1.0 -1.0 17.0 135.0 79.0
316 -1.0 -1.0 8.0 128.0 59.0
317 -1.0 -1.0 12.0 168.0 20.0
318 -1.0 -1.0 14.0 15.0 39.0
319 -1.0 -1.0 4.0 310.0 95.0
320 -1.0 -1.0 6.0 239.0 64.0
321 -1.0 -1.0 7.0 162.0 92.0
322 -1.0 -1.0 5.0 126.0 21.0
323 -1.0 -1.0 16.0 362.0 19.0
324 -1.0 -1.0 8.0 252.0 100.0
325 -1.0 -1.0 15.0 308.0 22.0
326 -1.0 -1.0 17.0 124.0 81.0
327 -1.0 -1.0 10.0 159.0 100.0
328 -1.0 -1.0 8.0 197.0 66.0
329 -1.0 -1.0 5.0 302.0 96.0
330 -1.0 -1.0 15.0 57.0 19.0
331 -1.0 -1.0 11.0 386.0 18.0
332 -1.0 -1.0 9.0 308.0 99.0
333 -1.0 -1.0 8.0 384.0 19.0
334 -1.0 -1.0 7.0 284.0 59.0
335 -1.0 -1.0 7.0 205.0 95.0
336 -1.0 -1.0 17.0 145.0 63.0
337 -1.0 -1.0 18.0 147.0 17.0
338 -1.0 -1.0 9.0 330.0 88.0
339 -1.0 -1.0 4.0 136.0 28.0
340 -1.0 -1.0 12.0 355.0 59.0
341 -1.0 -1.0 4.0 365.0 51.0
342 -1.0 -1.0 6.0 325.0 89.0
343 -1.0 -1.0 10.0 396.0 65.0
344 -1.0 -1.0 5.0 382.0 36.0
345 -1.0 -1.0 8.0 40.0 43.0
346 -1.0 -1.0 5.0 274.0 38.0
347 -1.0 -1.0 16.0 360.0 61.0
348 -1.0 -1.0 17.0 185.0 27.0
349 -1.0 -1.0 10.0 80.0 62.0
350 -1.0 -1.0 12.0 213.0 42.0
351 -1.0 -1.0 6.0 276.0 79.0
352 -1.0 -1.0 13.0 255.0 47.0
353 -1.0 -1.0 4.0 179.0 35.0
354 -1.0 -1.0 5.0 160.0 53.0
355 -1.0 -1.0 16.0 272.0 27.0
356 -1.0 -1.0 20.0 139.0 29.0
357 -1.0 -1.0 9.0 152.0 33.0
358 -1.0 -1.0 5.0 185.0 27.0
359 -1.0 -1.0 20.0 271.0 74.0
360 -1.0 -1.0 19.0 87.0 97.0
361 -1.0 -1.0 14.0 167.0 83.0
362 -1.0 -1.0 9.0 104.0 74.0
363 -1.0 -1.0 17.0 131.0 85.0
364 -1.0 -1.0 8.0 228.0 63.0
365 -1.0 -1.0 13.0 64.0 77.0
366 -1.0 -1.0 19.0 35.0 22.0
367 -1.0 -1.0 11.0 169.0 94.0
368 -1.0 -1.0 4.0 273.0 91.0
369 -1.0 -1.0 5.0 157.0 29.0
370 -1.0 -1.0 9.0 172.0 34.0
371 -1.0 -1.0 5.0 151.0 61.0
372 -1.0 -1.0 17.0 105.0 89.0
373 -1.0 -1.0 18.0 189.0 34.0
374 -1.0 -1.0 18.0 141.0 44.0
375 -1.0 -1.0 9.0 386.0 53.0
376 -1.0 -1.0 9.0 112.0 80.0
377 -1.0 -1.0 19.0 88.0 75.0
378 -1.0 -1.0 12.0 318.0 45.0
379 -1.0 -1.0 7.0 187.0 68.0
380 -1.0 -1.0 13.0 51.0 20.0
381 -1.0 -1.0 11.0 345.0 79.0
382 -1.0 -1.0 16.0 318.0 37.0
383 -1.0 -1.0 19.0 287.0 96.0
384 -1.0 -1.0 20.0 353.0 24.0
385 -1.0 -1.0 14.0 369.0 65.0
386 -1.0 -1.0 18.0 218.0 27.0
387 -1.0 -1.0 5.0 49.0 56.0
388 -1.0 -1.0 5.0 245.0 96.0
389 -1.0 -1.0 8.0 275.0 65.0
390 -1.0 -1.0 20.0 356.0 55.0
391 -1.0 -1.0 11.0 230.0 15.0
392 -1.0 -1.0 15.0 207.0 77.0
393 -1.0 -1.0 17.0 378.0 65.0
394 -1.0 -1.0 15.0 159.0 84.0
395 -1.0 -1.0 19.0 32.0 84.0
396 -1.0 -1.0 8.0 336.0 20.0
397 -1.0 -1.0 12.0 142.0 23.0
398 -1.0 -1.0 14.0 26.0 76.0
399 -1.0 -1.0 7.0 206.0 78.0
400 -1.0 -1.0 16.0 267.0 38.0
401 -1.0 -1.0 17.0 265.0 22.0
402 -1.0 -1.0 7.0 108.0 18.0
403 -1.0 -1.0 11.0 327.0 30.0
404 -1.0 -1.0 8.0 325.0 34.0
405 -1.0 -1.0 13.0 63.0 52.0
406 -1.0 -1.0 10.0 83.0 34.0
407 -1.0 -1.0 11.0 286.0 15.0
408 -1.0 -1.0 14.0 32.0 47.0
409 -1.0 -1.0 18.0 395.0 66.0
410 -1.0 -1.0 18.0 299.0 30.0
411 -1.0 -1.0 17.0 364.0 70.0
412 -1.0 -1.0 8.0 231.0 74.0
413 -1.0 -1.0 10.0 95.0 60.0
414 -1.0 -1.0 20.0 100.0 44.0
415 -1.0 -1.0 4.0 208.0 70.0
416 -1.0 -1.0 9.0 131.0 17.0
417 -1.0 -1.0 15.0 381.0 49.0
418 -1.0 -1.0 7.0 205.0 77.0
419 -1.0 -1.0 20.0 106.0 16.0
420 -1.0 -1.0 15.0 393.0 55.0
421 -1.0 -1.0 12.0 106.0 42.0
422 -1.0 -1.0 11.0 178.0 67.0
423 -1.0 -1.0 14.0 140.0 52.0
424 -1.0 -1.0 18.0 359.0 25.0
425 -1.0 -1.0 8.0 81.0 78.0
426 -1.0 -1.0 13.0 19.0 68.0
427 -1.0 -1.0 10.0 166.0 71.0
428 -1.0 -1.0 12.0 378.0 66.0
429 -1.0 -1.0 20.0 357.0 79.0
430 -1.0 -1.0 7.0 78.0 94.0
431 -1.0 -1.0 13.0 280.0 46.0
432 -1.0 -1.0 18.0 29.0 82.0
433 -1.0 -1.0 13.0 24.0 36.0
434 -1.0 -1.0 4.0 349.0 53.0
435 -1.0 -1.0 19.0 299.0 34.0
436 -1.0 -1.0 12.0 28.0 65.0
437 -1.0 -1.0 17.0 238.0 32.0
438 -1.0 -1.0 6.0 333.0 52.0
439 -1.0 -1.0 18.0 56.0 67.0
440 -1.0 -1.0 17.0 255.0 40.0
441 -1.0 -1.0 13.0 160.0 22.0
442 -1.0 -1.0 6.0 212.0 59.0
443 -1.0 -1.0 20.0 196.0 70.0
444 -1.0 -1.0 8.0 249.0 55.0
445 -1.0 -1.0 4.0 168.0 73.0
446 -1.0 -1.0 20.0 86.0 74.0
447 -1.0 -1.0 6.0 165.0 18.0
448 -1.0 -1.0 7.0 347.0 43.0
449 -1.0 -1.0 18.0 90.0 63.0
450 -1.0 -1.0 10.0 252.0 47.0
451 -1.0 -1.0 5.0 120.0 43.0
452 -1.0 -1.0 17.0 398.0 50.0
453 -1.0 -1.0 13.0 399.0 86.0
454 -1.0 -1.0 16.0 171.0 49.0
455 -1.0 -1.0 18.0 55.0 16.0
456 -1.0 -1.0 8.0 37.0 55.0
457 -1.0 -1.0 9.0 176.0 15.0
458 -1.0 -1.0 11.0 398.0 74.0
459 -1.0 -1.0 17.0 95.0 70.0
460 -1.0 -1.0 7.0 283.0 64.0
461 -1.0 -1.0 10.0 217.0 67.0
462 -1.0 -1.0 7.0 202.0 96.0
463 -1.0 -1.0 10.0 101.0 71.0
464 -1.0 -1.0 4.0 104.0 51.0
465 -1.0 -1.0 13.0 85.0 35.0
466 -1.0 -1.0 11.0 345.0 56.0
467 -1.0 -1.0 6.0 394.0 60.0
468 -1.0 -1.0 4.0 275.0 63.0
469 -1.0 -1.0 5.0 56.0 64.0
470 -1.0 -1.0 18.0 155.0 56.0
471 -1.0 -1.0 7.0 50.0 59.0
472 -1.0 -1.0 14.0 116.0 95.0
473 -1.0 -1.0 17.0 255.0 96.0
474 -1.0 -1.0 12.0 298.0 26.0
475 -1.0 -1.0 12.0 119.0 76.0
476 -1.0 -1.0 4.0 238.0 20.0
477 -1.0 -1.0 9.0 231.0 51.0
478 -1.0 -1.0 6.0 232.0 94.0
479 -1.0 -1.0 16.0 293.0 97.0
480 -1.0 -1.0 7.0 302.0 32.0
481 -1.0 -1.0 7.0 227.0 55.0
482 -1.0 -1.0 17.0 223.0 31.0
483 -1.0 -1.0 7.0 306.0 19.0
484 -1.0 -1.0 15.0 27.0 67.0
485 -1.0 -1.0 18.0 320.0 50.0
609
0 1 6
1 16 7
2 17 9
3 19 8
3 4 6
4 20 6
5 22 6
6 25 7
7 8 8
8 27 10
8 9 8
9 10 5
10 28 7
10 11 6
11 29 6
12 33 8
13 34 11
14 15 7
15 36 5
16 38 9
17 18 7
18 19 12
19 40 10
19 20 7
20 21 7
21 41 11
21 22 9
22 42 10
22 23 8
23 43 12
23 24 5
24 44 10
24 25 8
25 45 7
25 26 11
28 48 8
28 29 12
29 30 8
30 49 10
30 31 7
31 32 9
32 50 5
32 33 5
33 51 11
34 52 8
34 35 9
35 53 12
36 55 11
37 56 9
37 38 6
38 39 7
39 57 6
40 59 5
41 61 11
41 42 6
42 43 9
43 62 5
43 44 11
44 45 12
45 63 5
46 65 7
47 67 12
47 48 9
49 69 8
50 71 12
50 51 8
51 72 8
52 74 7
52 53 10
53 75 5
53 54 9
54 76 10
54 55 12
55 77 8
56 78 6
58 81 10
58 59 5
59 82 5
59 60 5
60 61 8
61 83 7
63 85 7
63 64 5
64 86 8
64 65 11
65 66 7
66 67 6
67 87 9
68 88 6
68 69 9
69 89 10
69 70 10
70 71 12
71 72 12
72 73 6
73 74 6
74 90 10
74 75 11
75 76 9
76 77 11
78 91 5
78 79 11
80 92 6
80 81 9
81 82 9
83 94 7
84 96 11
84 85 10
85 86 9
86 97 10
87 98 12
88 99 5
88 89 12
89 100 8
91 105 8
93 108 5
93 94 8
94 109 6
95 96 6
97 112 10
99 114 10
99 100 10
100 101 6
102 103 6
103 118 5
103 104 9
104 119 10
105 120 8
106 123 8
106 107 6
107 124 7
107 108 5
108 125 12
108 109 11
109 126 8
109 110 7
111 128 11
111 112 8
112 129 8
112 113 10
113 130 6
115 135 7
115 116 5
116 136 5
116 117 11
118 138 5
118 119 8
119 139 6
120 140 12
120 121 12
121 141 12
121 122 10
122 142 10
123 124 5
124 144 6
124 125 9
125 126 6
126 145 9
127 148 7
127 128 9
128 129 11
129 149 10
129 130 8
130 150 7
130 131 10
132 151 11
133 154 5
133 134 5
134 155 8
134 135 8
135 136 12
136 156 12
137 138 5
138 139 8
139 157 12
140 141 9
141 158 5
141 142 10
142 143 7
143 159 12
145 146 9
146 161 10
146 147 11
147 148 8
148 162 6
149 150 9
150 163 7
151 152 12
152 153 10
153 165 8
153 154 7
154 155 11
156 166 8
157 168 12
158 170 12
159 172 7
159 160 8
160 173 9
161 177 10
163 180 6
163 164 7
164 181 6
165 185 8
166 189 5
167 168 7
168 191 7
169 192 12
169 170 11
170 171 12
171 193 10
171 172 10
172 173 11
173 194 11
173 174 8
174 195 10
174 175 7
175 176 6
176 196 8
176 177 12
177 197 6
177 178 9
178 198 5
179 200 11
180 201 5
180 181 7
181 182 7
182 183 11
183 202 6
183 184 5
184 203 12
184 185 12
185 186 10
186 187 11
187 204 12
187 188 12
188 205 6
188 189 8
190 207 9
191 209 7
192 210 6
194 212 8
194 195 12
195 213 6
196 214 7
196 197 8
197 198 6
198 215 8
198 199 8
199 216 5
199 200 10
200 217 5
201 219 6
202 203 5
204 205 9
205 223 6
206 225 6
206 207 8
207 226 7
207 208 7
208 227 7
208 209 6
209 228 7
210 229 12
211 231 11
211 212 7
212 213 11
214 233 8
215 235 5
215 216 12
216 217 10
217 236 12
217 218 5
218 237 10
218 219 8
220 238 12
221 222 6
222 241 11
223 224 11
224 225 10
225 226 10
226 243 9
226 227 11
227 228 12
229 244 7
229 230 12
230 245 5
232 233 5
233 249 10
233 234 6
234 250 5
234 235 9
235 251 8
236 253 8
236 237 10
238 255 10
238 239 7
239 240 5
240 256 9
241 258 5
241 242 10
244 245 7
245 263 8
245 246 12
246 264 7
247 248 5
248 265 10
249 250 12
250 266 6
250 251 5
251 267 6
251 252 8
252 268 8
252 253 10
254 269 6
254 255 7
255 270 9
256 257 8
257 272 9
257 258 8
258 273 7
259 275 11
259 260 7
261 277 10
261 262 8
263 279 12
263 264 12
265 282 11
266 267 12
267 284 6
267 268 7
269 270 12
270 288 7
270 271 6
272 290 12
272 273 9
273 274 10
274 291 10
274 275 9
276 293 7
277 295 6
278 279 11
280 281 8
281 298 10
281 282 7
282 299 5
282 283 7
283 300 12
284 301 11
285 303 12
285 286 6
286 304 8
286 287 12
287 305 8
288 307 12
289 309 12
289 290 12
290 310 9
292 313 5
292 293 11
293 294 7
294 314 9
294 295 5
295 296 7
296 315 6
297 318 12
298 319 5
298 299 11
299 320 12
299 300 6
300 321 5
301 324 9
301 302 10
302 325 12
302 303 11
303 326 5
303 304 11
304 327 11
304 305 8
305 306 9
306 307 12
307 328 10
307 308 11
308 329 7
308 309 5
309 330 5
309 310 5
310 311 9
312 313 5
314 332 11
316 334 12
316 317 6
317 335 12
317 318 8
318 336 10
319 320 12
320 338 9
320 321 7
321 339 5
321 322 8
322 323 7
323 340 5
323 324 5
324 341 5
324 325 12
325 342 12
325 326 5
326 327 5
327 343 10
328 346 8
328 329 9
329 330 10
330 347 9
331 332 5
332 353 5
332 333 5
333 354 8
334 356 5
334 335 9
335 357 9
335 336 10
336 358 5
336 337 11
337 359 7
338 361 12
338 339 10
339 362 9
340 341 7
341 364 10
341 342 9
342 365 6
343 367 11
343 344 12
344 345 5
345 346 6
346 368 5
347 370 7
347 348 10
348 371 10
348 349 8
349 372 11
349 350 11
350 351 6
351 373 8
351 352 5
352 374 7
353 376 10
353 354 7
354 355 11
355 377 10
356 378 12
356 357 5
357 358 7
358 379 5
358 359 7
359 360 10
360 361 12
361 380 11
361 362 9
362 363 10
364 382 5
364 365 6
365 383 6
365 366 8
366 367 5
367 384 6
368 386 12
368 369 8
369 370 5
370 387 9
370 371 11
371 388 5
371 372 11
372 389 9
373 374 6
374 375 7
375 376 8
376 391 9
377 393 8
378 394 6
380 398 6
381 382 9
382 401 8
382 383 8
383 402 11
384 404 6
385 386 10
387 406 6
387 388 7
388 389 9
389 407 7
389 390 12
391 392 11
392 410 7
392 393 6
393 411 8
394 395 5
395 412 10
396 413 6
396 397 5
397 414 12
397 398 9
398 399 8
399 415 6
399 400 12
400 416 12
401 418 11
401 402 6
402 403 6
403 419 5
403 404 11
404 420 9
404 405 6
405 421 6
406 422 10
407 424 9
408 425 10
408 409 12
410 427 11
410 411 6
411 428 5
412 429 7
413 414 12
414 431 8
415 432 7
415 416 8
416 433 6
416 417 8
417 434 9
417 418 10
418 435 5
419 437 5
419 420 8
420 421 10
421 438 11
422 442 5
422 423 7
423 424 10
424 443 10
425 445 9
426 447 6
426 427 9
427 448 7
427 428 9
428 449 12
429 451 6
429 430 12
430 452 8
432 433 11
433 454 10
433 434 10
434 455 9
434 435 5
435 456 9
435 436 11
436 437 6
437 457 8
438 439 12
439 459 6
439 440 8
440 460 11
440 441 12
441 461 6
441 442 10
443 462 12
444 463 11
444 445 11
445 464 9
445 446 9
446 447 7
447 448 8
448 465 7
448 449 7
449 466 9
450 451 12
451 467 5
451 452 8
452 468 11
452 453 12
453 469 12
454 472 6
454 455 12
455 456 12
457 458 11
459 474 12
459 460 5
460 461 11
461 475 8
462 478 11
463 480 5
463 464 12
464 481 11
465 484 12
465 466 12
466 485 9
467 468 12
468 469 7
470 471 9
471 472 12
473 474 8
475 476 5
476 477 5
477 478 10
478 479 8
479 480 5
480 481 6
481 482 11
482 483 10
483 484 11
484 485 12
10 0.05 0.05 0.05
