600
0 -1.0 -1.0 10.0 336.0 33.0
1 -1.0 -1.0 10.0 365.0 62.0
2 -1.0 -1.0 13.0 136.0 97.0
3 -1.0 -1.0 19.0 254.0 54.0
4 -1.0 -1.0 6.0 397.0 41.0
5 -1.0 -1.0 15.0 142.0 32.0
6 -1.0 -1.0 8.0 393.0 23.0
7 -1.0 -1.0 6.0 62.0 55.0
8 -1.0 -1.0 7.0 315.0 100.0
9 -1.0 -1.0 11.0 167.0 43.0
10 -1.0 -1.0 14.0 267.0 58.0
11 -1.0 -1.0 5.0 153.0 38.0
12 -1.0 -1.0 18.0 255.0 47.0
13 -1.0 -1.0 12.0 374.0 62.0
14 -1.0 -1.0 19.0 120.0 34.0
15 -1.0 -1.0 10.0 285.0 51.0
16 -1.0 -1.0 5.0 206.0 81.0
17 -1.0 -1.0 5.0 292.0 75.0
18 -1.0 -1.0 13.0 389.0 100.0
19 -1.0 -1.0 9.0 350.0 83.0
20 -1.0 -1.0 18.0 117.0 62.0
21 -1.0 -1.0 14.0 131.0 54.0
22 -1.0 -1.0 11.0 19.0 19.0
23 -1.0 -1.0 13.0 203.0 42.0
24 -1.0 -1.0 7.0 209.0 54.0
25 -1.0 -1.0 15.0 193.0 36.0
26 -1.0 -1.0 6.0 147.0 55.0
27 -1.0 -1.0 15.0 283.0 59.0
28 -1.0 -1.0 7.0 223.0 36.0
29 -1.0 -1.0 13.0 333.0 64.0
30 -1.0 -1.0 11.0 70.0 99.0
31 -1.0 -1.0 11.0 256.0 28.0
32 -1.0 -1.0 8.0 349.0 72.0
33 -1.0 -1.0 13.0 263.0 28.0
34 -1.0 -1.0 14.0 231.0 95.0
35 -1.0 -1.0 10.0 63.0 95.0
36 -1.0 -1.0 4.0 46.0 63.0
37 -1.0 -1.0 15.0 203.0 35.0
38 -1.0 -1.0 4.0 211.0 20.0
39 -1.0 -1.0 6.0 332.0 86.0
40 -1.0 -1.0 10.0 230.0 91.0
41 -1.0 -1.0 6.0 92.0 50.0
42 -1.0 -1.0 20.0 308.0 97.0
43 -1.0 -1.0 9.0 94.0 44.0
44 -1.0 -1.0 18.0 296.0 99.0
45 -1.0 -1.0 11.0 275.0 49.0
46 -1.0 -1.0 15.0 285.0 36.0
47 -1.0 -1.0 9.0 321.0 90.0
48 -1.0 -1.0 15.0 76.0 62.0
49 -1.0 -1.0 9.0 327.0 43.0
50 -1.0 -1.0 19.0 74.0 50.0
51 -1.0 -1.0 20.0 234.0 29.0
52 -1.0 -1.0 4.0 395.0 22.0
53 -1.0 -1.0 10.0 221.0 79.0
54 -1.0 -1.0 19.0 156.0 47.0
55 -1.0 -1.0 8.0 151.0 52.0
56 -1.0 -1.0 12.0 84.0 29.0
57 -1.0 -1.0 18.0 359.0 15.0
58 -1.0 -1.0 11.0 133.0 50.0
59 -1.0 -1.0 5.0 63.0 44.0
60 -1.0 -1.0 5.0 200.0 73.0
61 -1.0 -1.0 20.0 162.0 59.0
62 -1.0 -1.0 14.0 38.0 26.0
63 -1.0 -1.0 18.0 209.0 72.0
64 -1.0 -1.0 6.0 375.0 44.0
65 -1.0 -1.0 10.0 304.0 21.0
66 -1.0 -1.0 14.0 219.0 43.0
67 -1.0 -1.0 19.0 331.0 16.0
68 -1.0 -1.0 10.0 98.0 77.0
69 -1.0 -1.0 17.0 223.0 15.0
70 -1.0 -1.0 10.0 371.0 27.0
71 -1.0 -1.0 15.0 75.0 93.0
72 -1.0 -1.0 20.0 334.0 46.0
73 -1.0 -1.0 13.0 200.0 28.0
74 -1.0 -1.0 20.0 316.0 43.0
75 -1.0 -1.0 13.0 185.0 61.0
76 -1.0 -1.0 19.0 15.0 83.0
77 -1.0 -1.0 19.0 367.0 23.0
78 -1.0 -1.0 5.0 253.0 17.0
79 -1.0 -1.0 15.0 302.0 68.0
80 -1.0 -1.0 6.0 178.0 48.0
81 -1.0 -1.0 14.0 334.0 29.0
82 -1.0 -1.0 15.0 168.0 28.0
83 -1.0 -1.0 7.0 20.0 30.0
84 -1.0 -1.0 5.0 134.0 92.0
85 -1.0 -1.0 19.0 379.0 30.0
86 -1.0 -1.0 12.0 67.0 45.0
87 -1.0 -1.0 4.0 163.0 76.0
88 -1.0 -1.0 18.0 140.0 49.0
89 -1.0 -1.0 20.0 324.0 95.0
90 -1.0 -1.0 14.0 261.0 30.0
91 -1.0 -1.0 14.0 163.0 44.0
92 -1.0 -1.0 11.0 396.0 42.0
93 -1.0 -1.0 8.0 247.0 47.0
94 -1.0 -1.0 9.0 114.0 95.0
95 -1.0 -1.0 18.0 352.0 92.0
96 -1.0 -1.0 14.0 52.0 78.0
97 -1.0 -1.0 14.0 59.0 67.0
98 -1.0 -1.0 10.0 171.0 36.0
99 -1.0 -1.0 18.0 211.0 98.0
100 -1.0 -1.0 14.0 363.0 64.0
101 -1.0 -1.0 16.0 312.0 29.0
102 -1.0 -1.0 16.0 174.0 100.0
103 -1.0 -1.0 5.0 280.0 35.0
104 -1.0 -1.0 4.0 251.0 18.0
105 -1.0 -1.0 18.0 155.0 53.0
106 -1.0 -1.0 4.0 382.0 90.0
107 -1.0 -1.0 10.0 170.0 86.0
108 -1.0 -1.0 7.0 242.0 46.0
109 -1.0 -1.0 8.0 102.0 49.0
110 -1.0 -1.0 6.0 205.0 98.0
111 -1.0 -1.0 14.0 384.0 25.0
112 -1.0 -1.0 18.0 244.0 75.0
113 -1.0 -1.0 7.0 253.0 65.0
114 -1.0 -1.0 13.0 59.0 92.0
115 -1.0 -1.0 13.0 155.0 85.0
116 -1.0 -1.0 6.0 246.0 39.0
117 -1.0 -1.0 7.0 17.0 66.0
118 -1.0 -1.0 15.0 331.0 71.0
119 -1.0 -1.0 17.0 197.0 79.0
120 -1.0 -1.0 19.0 299.0 37.0
121 -1.0 -1.0 19.0 29.0 82.0
122 -1.0 -1.0 16.0 190.0 46.0
123 -1.0 -1.0 12.0 151.0 91.0
124 -1.0 -1.0 16.0 269.0 97.0
125 -1.0 -1.0 6.0 119.0 23.0
126 -1.0 -1.0 10.0 204.0 83.0
127 -1.0 -1.0 6.0 227.0 77.0
128 -1.0 -1.0 5.0 359.0 20.0
129 -1.0 -1.0 13.0 90.0 72.0
130 -1.0 -1.0 18.0 132.0 87.0
131 -1.0 -1.0 7.0 49.0 39.0
132 -1.0 -1.0 15.0 327.0 24.0
133 -1.0 -1.0 7.0 376.0 81.0
134 -1.0 -1.0 6.0 218.0 97.0
135 -1.0 -1.0 12.0 341.0 69.0
136 -1.0 -1.0 14.0 303.0 92.0
137 -1.0 -1.0 11.0 174.0 48.0
138 -1.0 -1.0 13.0 62.0 54.0
139 -1.0 -1.0 6.0 204.0 59.0
140 -1.0 -1.0 13.0 16.0 42.0
141 -1.0 -1.0 20.0 159.0 44.0
142 -1.0 -1.0 20.0 260.0 38.0
143 -1.0 -1.0 12.0 206.0 18.0
144 -1.0 -1.0 14.0 132.0 43.0
145 -1.0 -1.0 12.0 244.0 98.0
146 -1.0 -1.0 8.0 350.0 39.0
147 -1.0 -1.0 4.0 334.0 30.0
148 -1.0 -1.0 5.0 378.0 81.0
149 -1.0 -1.0 8.0 34.0 62.0
150 -1.0 -1.0 14.0 324.0 21.0
151 -1.0 -1.0 4.0 245.0 69.0
152 -1.0 -1.0 14.0 179.0 76.0
153 -1.0 -1.0 13.0 64.0 73.0
154 -1.0 -1.0 6.0 144.0 29.0
155 -1.0 -1.0 9.0 310.0 57.0
156 -1.0 -1.0 4.0 151.0 76.0
157 -1.0 -1.0 7.0 279.0 78.0
158 -1.0 -1.0 9.0 222.0 69.0
159 -1.0 -1.0 6.0 247.0 99.0
160 -1.0 -1.0 12.0 115.0 53.0
161 -1.0 -1.0 11.0 383.0 94.0
162 -1.0 -1.0 16.0 177.0 55.0
163 -1.0 -1.0 19.0 274.0 91.0
164 -1.0 -1.0 13.0 134.0 45.0
165 -1.0 -1.0 14.0 301.0 83.0
166 -1.0 -1.0 10.0 390.0 31.0
167 -1.0 -1.0 13.0 164.0 90.0
168 -1.0 -1.0 11.0 248.0 33.0
169 -1.0 -1.0 9.0 111.0 36.0
170 -1.0 -1.0 15.0 362.0 95.0
171 -1.0 -1.0 7.0 352.0 33.0
172 -1.0 -1.0 10.0 163.0 47.0
173 -1.0 -1.0 10.0 256.0 36.0
174 -1.0 -1.0 16.0 184.0 59.0
175 -1.0 -1.0 4.0 259.0 31.0
176 -1.0 -1.0 5.0 220.0 66.0
177 -1.0 -1.0 5.0 162.0 36.0
178 -1.0 -1.0 6.0 65.0 77.0
179 -1.0 -1.0 7.0 339.0 67.0
180 -1.0 -1.0 6.0 256.0 67.0
181 -1.0 -1.0 12.0 90.0 68.0
182 -1.0 -1.0 11.0 373.0 39.0
183 -1.0 -1.0 10.0 60.0 60.0
184 -1.0 -1.0 18.0 79.0 92.0
185 -1.0 -1.0 15.0 299.0 80.0
186 -1.0 -1.0 4.0 355.0 67.0
187 -1.0 -1.0 18.0 164.0 57.0
188 -1.0 -1.0 15.0 147.0 79.0
189 -1.0 -1.0 7.0 315.0 59.0
190 -1.0 -1.0 10.0 140.0 99.0
191 -1.0 -1.0 19.0 332.0 86.0
192 -1.0 -1.0 8.0 301.0 52.0
193 -1.0 -1.0 20.0 56.0 20.0
194 -1.0 -1.0 4.0 161.0 32.0
195 -1.0 -1.0 10.0 131.0 43.0
196 -1.0 -1.0 15.0 201.0 18.0
197 -1.0 -1.0 7.0 110.0 56.0
198 -1.0 -1.0 4.0 291.0 99.0
199 -1.0 -1.0 5.0 358.0 62.0
200 -1.0 -1.0 20.0 352.0 65.0
201 -1.0 -1.0 8.0 108.0 57.0
202 -1.0 -1.0 18.0 15.0 21.0
203 -1.0 -1.0 18.0 343.0 39.0
204 -1.0 -1.0 18.0 19.0 22.0
205 -1.0 -1.0 10.0 255.0 86.0
206 -1.0 -1.0 14.0 334.0 70.0
207 -1.0 -1.0 15.0 253.0 23.0
208 -1.0 -1.0 14.0 225.0 22.0
209 -1.0 -1.0 19.0 180.0 47.0
210 -1.0 -1.0 18.0 239.0 97.0
211 -1.0 -1.0 6.0 355.0 97.0
212 -1.0 -1.0 16.0 287.0 41.0
213 -1.0 -1.0 15.0 366.0 97.0
214 -1.0 -1.0 12.0 326.0 94.0
215 -1.0 -1.0 18.0 279.0 26.0
216 -1.0 -1.0 15.0 165.0 23.0
217 -1.0 -1.0 16.0 138.0 79.0
218 -1.0 -1.0 5.0 228.0 25.0
219 -1.0 -1.0 8.0 299.0 31.0
220 -1.0 -1.0 19.0 167.0 78.0
221 -1.0 -1.0 20.0 227.0 39.0
222 -1.0 -1.0 14.0 161.0 18.0
223 -1.0 -1.0 11.0 105.0 88.0
224 -1.0 -1.0 10.0 356.0 26.0
225 -1.0 -1.0 6.0 91.0 36.0
226 -1.0 -1.0 10.0 180.0 40.0
227 -1.0 -1.0 17.0 21.0 74.0
228 -1.0 -1.0 12.0 168.0 20.0
229 -1.0 -1.0 7.0 243.0 79.0
230 -1.0 -1.0 13.0 237.0 27.0
231 -1.0 -1.0 17.0 179.0 49.0
232 -1.0 -1.0 17.0 230.0 83.0
233 -1.0 -1.0 8.0 184.0 18.0
234 -1.0 -1.0 6.0 15.0 30.0
235 -1.0 -1.0 5.0 328.0 93.0
236 -1.0 -1.0 4.0 193.0 50.0
237 -1.0 -1.0 10.0 196.0 60.0
238 -1.0 -1.0 16.0 382.0 77.0
239 -1.0 -1.0 14.0 282.0 56.0
240 -1.0 -1.0 10.0 294.0 42.0
241 -1.0 -1.0 7.0 361.0 24.0
242 -1.0 -1.0 14.0 372.0 41.0
243 -1.0 -1.0 10.0 162.0 69.0
244 -1.0 -1.0 8.0 386.0 42.0
245 -1.0 -1.0 19.0 366.0 16.0
246 -1.0 -1.0 20.0 366.0 60.0
247 -1.0 -1.0 4.0 313.0 48.0
248 -1.0 -1.0 20.0 298.0 98.0
249 -1.0 -1.0 8.0 86.0 55.0
250 -1.0 -1.0 5.0 363.0 65.0
251 -1.0 -1.0 15.0 275.0 61.0
252 -1.0 -1.0 18.0 224.0 81.0
253 -1.0 -1.0 20.0 371.0 68.0
254 -1.0 -1.0 19.0 112.0 48.0
255 -1.0 -1.0 4.0 111.0 27.0
256 -1.0 -1.0 17.0 270.0 78.0
257 -1.0 -1.0 9.0 82.0 53.0
258 -1.0 -1.0 7.0 50.0 26.0
259 -1.0 -1.0 17.0 70.0 26.0
260 -1.0 -1.0 4.0 239.0 48.0
261 -1.0 -1.0 17.0 40.0 58.0
262 -1.0 -1.0 12.0 393.0 77.0
263 -1.0 -1.0 14.0 272.0 81.0
264 -1.0 -1.0 9.0 232.0 93.0
265 -1.0 -1.0 19.0 104.0 94.0
266 -1.0 -1.0 10.0 157.0 58.0
267 -1.0 -1.0 14.0 160.0 55.0
268 -1.0 -1.0 16.0 221.0 42.0
269 -1.0 -1.0 18.0 363.0 87.0
270 -1.0 -1.0 18.0 23.0 53.0
271 -1.0 -1.0 5.0 269.0 17.0
272 -1.0 -1.0 13.0 275.0 19.0
273 -1.0 -1.0 7.0 126.0 93.0
274 -1.0 -1.0 11.0 235.0 23.0
275 -1.0 -1.0 16.0 314.0 24.0
276 -1.0 -1.0 14.0 155.0 40.0
277 -1.0 -1.0 19.0 368.0 23.0
278 -1.0 -1.0 5.0 19.0 75.0
279 -1.0 -1.0 17.0 77.0 61.0
280 -1.0 -1.0 11.0 77.0 49.0
281 -1.0 -1.0 10.0 368.0 49.0
282 -1.0 -1.0 11.0 82.0 18.0
283 -1.0 -1.0 13.0 25.0 27.0
284 -1.0 -1.0 8.0 254.0 85.0
285 -1.0 -1.0 14.0 36.0 70.0
286 -1.0 -1.0 12.0 108.0 36.0
287 -1.0 -1.0 13.0 376.0 48.0
288 -1.0 -1.0 20.0 38.0 44.0
289 -1.0 -1.0 13.0 267.0 61.0
290 -1.0 -1.0 16.0 87.0 81.0
291 -1.0 -1.0 20.0 22.0 20.0
292 -1.0 -1.0 16.0 296.0 65.0
293 -1.0 -1.0 6.0 296.0 89.0
294 -1.0 -1.0 12.0 34.0 69.0
295 -1.0 -1.0 9.0 135.0 34.0
296 -1.0 -1.0 10.0 121.0 86.0
297 -1.0 -1.0 11.0 74.0 20.0
298 -1.0 -1.0 20.0 210.0 15.0
299 -1.0 -1.0 4.0 365.0 96.0
300 -1.0 -1.0 7.0 125.0 95.0
301 -1.0 -1.0 6.0 327.0 18.0
302 -1.0 -1.0 15.0 47.0 60.0
303 -1.0 -1.0 8.0 221.0 37.0
304 -1.0 -1.0 14.0 15.0 33.0
305 -1.0 -1.0 9.0 359.0 33.0
306 -1.0 -1.0 9.0 18.0 93.0
307 -1.0 -1.0 10.0 78.0 60.0
308 -1.0 -1.0 14.0 76.0 80.0
309 -1.0 -1.0 5.0 237.0 85.0
310 -1.0 -1.0 13.0 303.0 85.0
311 -1.0 -1.0 20.0 183.0 19.0
312 -1.0 -1.0 15.0 385.0 46.0
313 -1.0 -1.0 16.0 375.0 46.0
314 -1.0 -1.0 15.0 193.0 34.0
315 -1.0 -1.0 12.0 175.0 44.0
316 -1.0 -1.0 12.0 44.0 18.0
317 -1.0 -1.0 15.0 318.0 87.0
318 -1.0 -1.0 13.0 160.0 98.0
319 -1.0 -1.0 4.0 300.0 98.0
320 -1.0 -1.0 13.0 16.0 78.0
321 -1.0 -1.0 19.0 86.0 77.0
322 -1.0 -1.0 17.0 112.0 23.0
323 -1.0 -1.0 16.0 375.0 98.0
324 -1.0 -1.0 14.0 181.0 22.0
325 -1.0 -1.0 5.0 348.0 96.0
326 -1.0 -1.0 6.0 353.0 98.0
327 -1.0 -1.0 4.0 41.0 49.0
328 -1.0 -1.0 4.0 344.0 93.0
329 -1.0 -1.0 6.0 90.0 65.0
330 -1.0 -1.0 16.0 114.0 54.0
331 -1.0 -1.0 13.0 100.0 58.0
332 -1.0 -1.0 9.0 97.0 88.0
333 -1.0 -1.0 8.0 155.0 56.0
334 -1.0 -1.0 8.0 231.0 79.0
335 -1.0 -1.0 19.0 315.0 95.0
336 -1.0 -1.0 18.0 121.0 27.0
337 -1.0 -1.0 17.0 186.0 21.0
338 -1.0 -1.0 14.0 153.0 95.0
339 -1.0 -1.0 7.0 400.0 38.0
340 -1.0 -1.0 14.0 31.0 61.0
341 -1.0 -1.0 9.0 20.0 68.0
342 -1.0 -1.0 14.0 152.0 40.0
343 -1.0 -1.0 9.0 116.0 94.0
344 -1.0 -1.0 14.0 174.0 36.0
345 -1.0 -1.0 6.0 299.0 66.0
346 -1.0 -1.0 7.0 239.0 48.0
347 -1.0 -1.0 11.0 383.0 97.0
348 -1.0 -1.0 4.0 377.0 16.0
349 -1.0 -1.0 16.0 117.0 79.0
350 -1.0 -1.0 5.0 216.0 39.0
351 -1.0 -1.0 5.0 75.0 96.0
352 -1.0 -1.0 19.0 278.0 37.0
353 -1.0 -1.0 4.0 150.0 77.0
354 -1.0 -1.0 6.0 105.0 39.0
355 -1.0 -1.0 16.0 164.0 29.0
356 -1.0 -1.0 5.0 129.0 82.0
357 -1.0 -1.0 20.0 369.0 76.0
358 -1.0 -1.0 16.0 49.0 30.0
359 -1.0 -1.0 15.0 98.0 18.0
360 -1.0 -1.0 6.0 183.0 99.0
361 -1.0 -1.0 4.0 28.0 48.0
362 -1.0 -1.0 4.0 331.0 29.0
363 -1.0 -1.0 16.0 150.0 92.0
364 -1.0 -1.0 6.0 351.0 98.0
365 -1.0 -1.0 17.0 76.0 62.0
366 -1.0 -1.0 12.0 399.0 99.0
367 -1.0 -1.0 5.0 52.0 29.0
368 -1.0 -1.0 12.0 275.0 56.0
369 -1.0 -1.0 20.0 169.0 39.0
370 -1.0 -1.0 15.0 399.0 95.0
371 -1.0 -1.0 5.0 355.0 80.0
372 -1.0 -1.0 12.0 129.0 91.0
373 -1.0 -1.0 7.0 317.0 26.0
374 -1.0 -1.0 15.0 102.0 46.0
375 -1.0 -1.0 14.0 22.0 53.0
376 -1.0 -1.0 8.0 333.0 33.0
377 -1.0 -1.0 7.0 196.0 87.0
378 -1.0 -1.0 16.0 71.0 87.0
379 -1.0 -1.0 19.0 154.0 47.0
380 -1.0 -1.0 14.0 301.0 69.0
381 -1.0 -1.0 6.0 205.0 45.0
382 -1.0 -1.0 11.0 277.0 47.0
383 -1.0 -1.0 9.0 28.0 80.0
384 -1.0 -1.0 18.0 368.0 25.0
385 -1.0 -1.0 10.0 304.0 42.0
386 -1.0 -1.0 5.0 292.0 37.0
387 -1.0 -1.0 17.0 300.0 52.0
388 -1.0 -1.0 18.0 237.0 28.0
389 -1.0 -1.0 11.0 85.0 90.0
390 -1.0 -1.0 5.0 290.0 81.0
391 -1.0 -1.0 20.0 17.0 54.0
392 -1.0 -1.0 17.0 278.0 17.0
393 -1.0 -1.0 14.0 217.0 94.0
394 -1.0 -1.0 15.0 28.0 87.0
395 -1.0 -1.0 10.0 54.0 87.0
396 -1.0 -1.0 8.0 284.0 22.0
397 -1.0 -1.0 19.0 283.0 47.0
398 -1.0 -1.0 19.0 269.0 58.0
399 -1.0 -1.0 9.0 339.0 25.0
400 -1.0 -1.0 7.0 321.0 79.0
401 -1.0 -1.0 16.0 334.0 99.0
402 -1.0 -1.0 20.0 266.0 68.0
403 -1.0 -1.0 15.0 133.0 36.0
404 -1.0 -1.0 16.0 162.0 29.0
405 -1.0 -1.0 13.0 160.0 19.0
406 -1.0 -1.0 12.0 331.0 78.0
407 -1.0 -1.0 17.0 142.0 62.0
408 -1.0 -1.0 16.0 195.0 42.0
409 -1.0 -1.0 14.0 201.0 40.0
410 -1.0 -1.0 17.0 285.0 40.0
411 -1.0 -1.0 4.0 362.0 79.0
412 -1.0 -1.0 16.0 307.0 66.0
413 -1.0 -1.0 11.0 214.0 71.0
414 -1.0 -1.0 19.0 216.0 62.0
415 -1.0 -1.0 9.0 131.0 62.0
416 -1.0 -1.0 19.0 230.0 99.0
417 -1.0 -1.0 11.0 132.0 36.0
418 -1.0 -1.0 5.0 289.0 30.0
419 -1.0 -1.0 13.0 84.0 58.0
420 -1.0 -1.0 7.0 253.0 36.0
421 -1.0 -1.0 6.0 143.0 68.0
422 -1.0 -1.0 13.0 221.0 90.0
423 -1.0 -1.0 20.0 223.0 19.0
424 -1.0 -1.0 16.0 53.0 100.0
425 -1.0 -1.0 8.0 285.0 57.0
426 -1.0 -1.0 11.0 92.0 80.0
427 -1.0 -1.0 15.0 389.0 62.0
428 -1.0 -1.0 12.0 243.0 27.0
429 -1.0 -1.0 8.0 137.0 48.0
430 -1.0 -1.0 7.0 62.0 80.0
431 -1.0 -1.0 17.0 110.0 35.0
432 -1.0 -1.0 10.0 115.0 18.0
433 -1.0 -1.0 20.0 330.0 38.0
434 -1.0 -1.0 15.0 224.0 72.0
435 -1.0 -1.0 5.0 18.0 36.0
436 -1.0 -1.0 5.0 391.0 35.0
437 -1.0 -1.0 5.0 80.0 44.0
438 -1.0 -1.0 9.0 174.0 27.0
439 -1.0 -1.0 11.0 73.0 18.0
440 -1.0 -1.0 9.0 52.0 49.0
441 -1.0 -1.0 10.0 299.0 55.0
442 -1.0 -1.0 18.0 314.0 70.0
443 -1.0 -1.0 17.0 29.0 78.0
444 -1.0 -1.0 11.0 23.0 92.0
445 -1.0 -1.0 14.0 122.0 91.0
446 -1.0 -1.0 9.0 367.0 38.0
447 -1.0 -1.0 4.0 339.0 78.0
448 -1.0 -1.0 8.0 337.0 47.0
449 -1.0 -1.0 4.0 57.0 48.0
450 -1.0 -1.0 5.0 54.0 59.0
451 -1.0 -1.0 15.0 172.0 43.0
452 -1.0 -1.0 17.0 237.0 95.0
453 -1.0 -1.0 18.0 213.0 23.0
454 -1.0 -1.0 14.0 340.0 83.0
455 -1.0 -1.0 18.0 316.0 15.0
456 -1.0 -1.0 17.0 242.0 86.0
457 -1.0 -1.0 14.0 88.0 73.0
458 -1.0 -1.0 15.0 206.0 25.0
459 -1.0 -1.0 6.0 202.0 27.0
460 -1.0 -1.0 9.0 200.0 67.0
461 -1.0 -1.0 18.0 132.0 90.0
462 -1.0 -1.0 7.0 15.0 97.0
463 -1.0 -1.0 12.0 246.0 15.0
464 -1.0 -1.0 10.0 399.0 84.0
465 -1.0 -1.0 4.0 102.0 54.0
466 -1.0 -1.0 12.0 37.0 81.0
467 -1.0 -1.0 8.0 206.0 89.0
468 -1.0 -1.0 9.0 399.0 49.0
469 -1.0 -1.0 7.0 336.0 26.0
470 -1.0 -1.0 9.0 363.0 25.0
471 -1.0 -1.0 18.0 58.0 85.0
472 -1.0 -1.0 11.0 282.0 48.0
473 -1.0 -1.0 4.0 289.0 94.0
474 -1.0 -1.0 16.0 31.0 80.0
475 -1.0 -1.0 20.0 367.0 63.0
476 -1.0 -1.0 14.0 201.0 46.0
477 -1.0 -1.0 6.0 257.0 40.0
478 -1.0 -1.0 12.0 340.0 77.0
479 -1.0 -1.0 17.0 96.0 57.0
480 -1.0 -1.0 8.0 259.0 82.0
481 -1.0 -1.0 19.0 213.0 75.0
482 -1.0 -1.0 4.0 257.0 52.0
483 -1.0 -1.0 11.0 289.0 50.0
484 -1.0 -1.0 18.0 228.0 56.0
485 -1.0 -1.0 8.0 77.0 94.0
486 -1.0 -1.0 20.0 397.0 96.0
487 -1.0 -1.0 19.0 245.0 22.0
488 -1.0 -1.0 4.0 156.0 83.0
489 -1.0 -1.0 5.0 237.0 33.0
490 -1.0 -1.0 14.0 345.0 45.0
491 -1.0 -1.0 14.0 117.0 82.0
492 -1.0 -1.0 7.0 122.0 33.0
493 -1.0 -1.0 16.0 308.0 34.0
494 -1.0 -1.0 15.0 28.0 56.0
495 -1.0 -1.0 10.0 400.0 15.0
496 -1.0 -1.0 12.0 238.0 32.0
497 -1.0 -1.0 11.0 163.0 79.0
498 -1.0 -1.0 5.0 229.0 77.0
499 -1.0 -1.0 11.0 149.0 36.0
500 -1.0 -1.0 18.0 118.0 27.0
501 -1.0 -1.0 15.0 179.0 81.0
502 -1.0 -1.0 4.0 74.0 19.0
503 -1.0 -1.0 8.0 148.0 94.0
504 -1.0 -1.0 20.0 220.0 22.0
505 -1.0 -1.0 7.0 109.0 41.0
506 -1.0 -1.0 20.0 29.0 32.0
507 -1.0 -1.0 8.0 290.0 46.0
508 -1.0 -1.0 17.0 388.0 24.0
509 -1.0 -1.0 6.0 189.0 72.0
510 -1.0 -1.0 15.0 214.0 70.0
511 -1.0 -1.0 19.0 37.0 58.0
512 -1.0 -1.0 10.0 316.0 97.0
513 -1.0 -1.0 4.0 399.0 96.0
514 -1.0 -1.0 13.0 247.0 34.0
515 -1.0 -1.0 5.0 186.0 91.0
516 -1.0 -1.0 12.0 103.0 25.0
517 -1.0 -1.0 16.0 69.0 25.0
518 -1.0 -1.0 12.0 212.0 59.0
519 -1.0 -1.0 4.0 114.0 49.0
520 -1.0 -1.0 16.0 231.0 36.0
521 -1.0 -1.0 7.0 53.0 18.0
522 -1.0 -1.0 20.0 198.0 66.0
523 -1.0 -1.0 8.0 397.0 32.0
524 -1.0 -1.0 19.0 137.0 65.0
525 -1.0 -1.0 9.0 124.0 18.0
526 -1.0 -1.0 4.0 256.0 52.0
527 -1.0 -1.0 7.0 365.0 64.0
528 -1.0 -1.0 8.0 37.0 76.0
529 -1.0 -1.0 14.0 349.0 35.0
530 -1.0 -1.0 12.0 142.0 83.0
531 -1.0 -1.0 6.0 52.0 46.0
532 -1.0 -1.0 7.0 44.0 30.0
533 -1.0 -1.0 19.0 399.0 46.0
534 -1.0 -1.0 14.0 211.0 82.0
535 -1.0 -1.0 4.0 357.0 40.0
536 -1.0 -1.0 10.0 67.0 72.0
537 -1.0 -1.0 18.0 254.0 46.0
538 -1.0 -1.0 10.0 114.0 38.0
539 -1.0 -1.0 5.0 371.0 39.0
540 -1.0 -1.0 16.0 288.0 94.0
541 -1.0 -1.0 11.0 288.0 71.0
542 -1.0 -1.0 5.0 79.0 26.0
543 -1.0 -1.0 6.0 262.0 81.0
544 -1.0 -1.0 8.0 374.0 91.0
545 -1.0 -1.0 5.0 308.0 15.0
546 -1.0 -1.0 15.0 360.0 54.0
547 -1.0 -1.0 4.0 311.0 91.0
548 -1.0 -1.0 20.0 50.0 40.0
549 -1.0 -1.0 19.0 370.0 37.0
550 -1.0 -1.0 7.0 186.0 86.0
551 -1.0 -1.0 13.0 163.0 79.0
552 -1.0 -1.0 5.0 351.0 57.0
553 -1.0 -1.0 12.0 270.0 17.0
554 -1.0 -1.0 6.0 362.0 74.0
555 -1.0 -1.0 14.0 151.0 52.0
556 -1.0 -1.0 16.0 370.0 68.0
557 -1.0 -1.0 17.0 180.0 82.0
558 -1.0 -1.0 8.0 288.0 90.0
559 -1.0 -1.0 17.0 353.0 89.0
560 -1.0 -1.0 19.0 87.0 40.0
561 -1.0 -1.0 13.0 256.0 97.0
562 -1.0 -1.0 14.0 163.0 95.0
563 -1.0 -1.0 16.0 236.0 78.0
564 -1.0 -1.0 5.0 311.0 29.0
565 -1.0 -1.0 11.0 186.0 73.0
566 -1.0 -1.0 20.0 387.0 17.0
567 -1.0 -1.0 14.0 246.0 77.0
568 -1.0 -1.0 14.0 328.0 90.0
569 -1.0 -1.0 10.0 315.0 34.0
570 -1.0 -1.0 17.0 323.0 64.0
571 -1.0 -1.0 9.0 124.0 68.0
572 -1.0 -1.0 12.0 74.0 33.0
573 -1.0 -1.0 12.0 324.0 15.0
574 -1.0 -1.0 4.0 223.0 78.0
575 -1.0 -1.0 11.0 109.0 17.0
576 -1.0 -1.0 11.0 75.0 70.0
577 -1.0 -1.0 6.0 342.0 54.0
578 -1.0 -1.0 9.0 219.0 87.0
579 -1.0 -1.0 5.0 136.0 55.0
580 -1.0 -1.0 15.0 385.0 24.0
581 -1.0 -1.0 20.0 177.0 27.0
582 -1.0 -1.0 10.0 289.0 53.0
583 -1.0 -1.0 14.0 46.0 60.0
584 -1.0 -1.0 4.0 289.0 38.0
585 -1.0 -1.0 7.0 330.0 48.0
586 -1.0 -1.0 5.0 270.0 35.0
587 -1.0 -1.0 20.0 111.0 92.0
588 -1.0 -1.0 8.0 209.0 55.0
589 -1.0 -1.0 9.0 93.0 59.0
590 -1.0 -1.0 16.0 385.0 60.0
591 -1.0 -1.0 19.0 24.0 62.0
592 -1.0 -1.0 13.0 53.0 26.0
593 -1.0 -1.0 6.0 306.0 55.0
594 -1.0 -1.0 11.0 110.0 41.0
595 -1.0 -1.0 17.0 272.0 93.0
596 -1.0 -1.0 18.0 174.0 95.0
597 -1.0 -1.0 15.0 160.0 47.0
598 -1.0 -1.0 18.0 334.0 61.0
599 -1.0 -1.0 8.0 62.0 41.0
803
0 1 9
1 15 5
1 2 10
2 16 12
3 18 7
4 23 6
5 25 6
6 27 9
6 7 8
7 28 9
7 8 7
9 31 11
10 32 11
11 34 5
11 12 6
13 35 5
13 14 5
14 36 5
15 16 8
16 39 11
16 17 8
17 40 11
17 18 9
18 41 5
18 19 8
19 42 7
19 20 11
20 43 6
21 22 7
22 45 8
23 24 7
24 25 10
25 26 6
26 46 6
26 27 12
27 47 11
27 28 7
29 48 8
29 30 5
30 49 7
30 31 10
32 51 9
33 53 7
33 34 7
35 54 9
35 36 11
36 55 5
36 37 7
37 56 8
37 38 9
39 58 11
39 40 11
40 59 10
40 41 5
41 60 11
41 42 7
42 61 11
42 43 6
43 44 10
44 62 9
45 64 6
46 68 11
46 47 10
47 69 9
48 71 10
48 49 11
49 72 10
50 51 12
51 52 6
52 74 12
52 53 7
54 75 8
54 55 10
55 76 6
55 56 7
56 77 10
57 79 12
57 58 10
58 80 7
58 59 7
59 81 6
59 60 7
60 82 11
60 61 5
62 84 7
62 63 8
63 85 6
63 64 8
64 86 7
64 65 11
65 87 10
65 66 9
66 67 6
68 89 11
68 69 8
69 90 9
70 71 5
71 92 12
71 72 8
72 93 8
72 73 11
73 94 10
74 97 7
75 76 8
76 100 12
76 77 11
77 101 10
77 78 5
78 102 7
78 79 8
79 80 6
80 81 9
81 103 7
81 82 9
82 104 5
83 84 5
84 106 10
84 85 9
85 107 6
85 86 12
86 108 12
86 87 8
87 109 12
88 112 6
88 89 9
89 90 7
90 91 5
91 113 6
92 93 7
93 94 12
94 114 10
94 95 7
95 115 11
95 96 5
96 116 11
96 97 7
97 117 11
97 98 5
98 118 11
99 120 7
100 101 7
101 122 6
101 102 11
103 125 10
103 104 6
104 126 10
104 105 10
105 127 12
106 129 6
106 107 5
107 130 11
107 108 6
108 131 8
108 109 10
109 110 11
110 111 9
111 112 7
112 132 5
114 136 10
114 115 9
115 116 9
116 137 10
116 117 10
117 118 12
118 138 10
118 119 11
119 120 7
121 139 12
122 141 5
123 143 12
123 124 8
124 144 7
124 125 10
125 145 6
125 126 5
126 146 11
126 127 7
127 128 6
128 147 12
128 129 11
129 130 6
130 131 12
132 149 11
132 133 8
134 135 9
135 152 10
135 136 10
136 153 8
137 155 7
138 156 9
139 140 9
140 158 5
140 141 9
141 159 12
141 142 5
142 143 6
143 160 12
143 144 6
144 161 6
144 145 12
145 162 10
145 146 5
146 163 8
147 165 6
148 168 6
150 151 10
151 171 9
152 174 10
152 153 6
153 175 10
153 154 12
154 176 9
154 155 12
157 178 11
158 179 9
158 159 10
159 180 12
160 161 6
161 162 11
162 163 9
163 182 9
163 164 12
164 165 8
165 183 12
166 185 7
166 167 12
167 186 9
167 168 10
168 187 6
168 169 5
169 188 11
169 170 11
171 172 8
172 191 9
172 173 10
173 174 11
174 192 5
174 175 6
175 193 5
175 176 12
176 194 5
177 197 8
177 178 8
179 198 7
179 180 6
180 181 5
181 199 9
182 203 10
183 205 9
183 184 8
184 206 10
184 185 6
185 207 7
185 186 5
186 187 5
187 208 12
187 188 8
188 209 7
189 211 8
189 190 9
190 212 8
192 214 6
192 193 12
193 215 11
193 194 6
194 195 11
195 216 12
196 218 11
196 197 5
197 219 10
198 222 10
199 223 7
199 200 8
200 201 7
201 224 10
201 202 10
202 225 8
202 203 12
203 204 6
204 226 7
204 205 9
205 206 5
206 207 6
208 227 12
208 209 12
209 210 12
210 211 12
211 228 12
211 212 5
212 229 7
212 213 11
213 230 5
214 233 9
214 215 9
215 234 9
216 217 9
217 236 7
217 218 5
218 237 8
218 219 5
219 238 7
219 220 11
220 239 6
221 222 6
224 241 10
224 225 10
225 242 12
228 247 8
228 229 11
229 248 9
229 230 5
230 249 11
230 231 7
231 250 12
232 252 7
232 233 12
233 253 12
233 234 5
234 254 9
234 235 9
236 256 10
236 237 10
237 257 6
237 238 7
238 239 7
239 258 6
240 260 10
241 263 7
241 242 10
242 243 9
243 264 7
244 266 6
245 246 7
246 269 9
246 247 10
247 270 9
247 248 11
248 271 7
248 249 9
249 272 9
249 250 10
250 273 12
250 251 8
251 274 5
251 252 10
252 253 5
253 254 7
255 276 9
255 256 6
256 277 10
256 257 10
257 278 9
258 280 10
259 281 5
259 260 7
260 282 8
260 261 12
261 283 11
261 262 10
262 284 6
262 263 7
263 285 11
264 265 11
265 286 7
265 266 11
266 287 5
266 267 7
267 288 11
268 290 12
269 292 6
269 270 10
270 293 9
270 271 10
271 294 10
271 272 8
272 273 10
273 295 8
273 274 7
274 296 11
275 276 12
276 300 11
276 277 11
277 301 11
277 278 11
278 279 12
279 302 5
279 280 12
280 303 9
281 305 5
281 282 12
282 306 9
282 283 6
283 307 7
283 284 5
284 308 5
284 285 12
285 309 10
286 311 11
286 287 9
287 312 9
287 288 11
288 313 9
288 289 5
289 314 11
289 290 11
290 291 6
292 316 6
292 293 9
293 294 9
294 317 5
295 319 11
295 296 10
296 297 8
297 298 6
298 320 12
298 299 10
299 321 10
300 323 11
300 301 10
302 324 12
302 303 5
304 305 11
305 306 11
306 325 11
306 307 11
307 326 5
307 308 6
308 327 6
308 309 5
310 328 7
310 311 12
311 312 7
312 329 12
312 313 6
313 330 7
313 314 8
315 316 5
316 333 8
317 335 7
317 318 8
318 336 9
318 319 10
319 337 7
320 321 7
321 322 5
322 323 12
324 340 7
325 342 12
325 326 11
326 343 12
326 327 11
327 344 8
328 347 12
329 348 10
329 330 9
331 350 7
331 332 6
332 351 7
333 353 10
333 334 5
334 354 12
334 335 11
335 355 6
335 336 6
336 356 7
336 337 11
337 357 9
337 338 7
338 358 8
338 339 11
339 359 6
340 363 11
340 341 10
342 366 5
342 343 11
343 344 10
344 345 11
345 346 12
346 347 6
347 367 6
348 369 8
349 350 5
350 371 11
350 351 7
351 372 5
351 352 10
352 373 5
352 353 6
353 354 7
354 355 5
355 374 10
355 356 8
356 375 11
356 357 11
357 376 9
357 358 9
358 377 8
358 359 6
359 360 12
360 378 12
360 361 5
362 380 6
363 381 9
364 383 5
364 365 12
365 384 5
365 366 5
366 385 12
367 386 9
367 368 9
368 387 6
368 369 8
369 370 8
371 388 5
371 372 11
372 389 6
372 373 6
373 390 5
374 393 5
374 375 7
375 394 12
375 376 12
376 377 10
377 395 9
378 396 5
379 399 9
379 380 7
380 400 11
381 382 5
382 402 5
383 403 7
383 384 8
384 404 9
384 385 11
385 405 12
386 408 6
386 387 5
388 412 9
388 389 7
389 413 6
389 390 5
390 414 11
390 391 8
391 415 12
391 392 11
392 416 12
392 393 8
393 417 5
393 394 6
394 418 5
396 420 7
396 397 12
397 398 12
398 421 12
398 399 12
399 422 5
399 400 8
400 423 9
400 401 11
401 424 8
402 425 7
403 426 11
403 404 10
404 427 12
404 405 10
405 406 5
407 428 10
409 431 6
409 410 8
410 432 12
410 411 7
411 433 9
411 412 5
412 413 12
413 434 9
413 414 11
414 415 7
415 416 7
416 417 11
417 418 12
418 435 10
419 438 8
419 420 11
421 422 5
422 423 11
423 439 11
423 424 10
424 440 5
425 441 12
426 427 8
427 442 6
428 429 10
429 445 6
430 431 12
431 447 12
431 432 6
432 448 6
432 433 6
433 449 10
434 451 12
435 453 11
435 436 11
436 454 9
436 437 6
437 455 6
437 438 7
438 456 6
439 440 8
440 460 8
441 462 9
442 464 6
443 465 8
443 444 7
445 446 6
446 467 6
447 468 8
447 448 7
448 449 12
449 450 11
450 451 5
451 469 6
452 472 7
452 453 6
453 454 7
454 473 6
454 455 5
455 456 12
456 457 9
457 458 5
458 474 7
458 459 12
459 475 6
460 461 10
461 462 6
462 477 9
463 478 9
463 464 9
464 479 10
465 480 6
466 482 5
467 484 10
469 470 8
470 471 12
471 489 5
472 491 11
473 492 12
474 493 8
474 475 5
475 494 7
475 476 9
476 495 12
478 479 5
479 498 12
480 481 12
481 500 7
481 482 10
482 501 10
482 483 7
483 484 11
484 502 12
484 485 8
485 503 6
486 505 11
486 487 12
487 488 5
488 506 9
489 509 6
489 490 9
490 510 7
490 491 6
491 511 8
492 513 12
493 494 5
494 516 5
494 495 7
495 517 6
495 496 11
497 519 7
498 521 11
498 499 5
499 522 10
500 524 10
500 501 9
501 525 12
502 527 10
502 503 12
503 528 10
503 504 5
504 529 8
504 505 6
506 531 6
506 507 6
507 532 7
507 508 6
508 533 11
508 509 7
509 534 6
509 510 11
510 511 12
511 535 10
511 512 11
512 513 5
513 536 5
514 515 7
515 537 10
516 539 9
516 517 9
517 540 6
518 542 7
518 519 10
519 543 11
520 545 8
520 521 7
521 522 11
522 546 5
522 523 11
523 524 9
524 547 12
524 525 11
525 526 8
526 548 6
526 527 7
527 528 10
528 549 5
528 529 8
529 550 10
530 531 10
531 551 8
531 532 10
532 533 10
533 552 12
533 534 9
534 553 8
535 554 10
536 556 5
537 557 9
537 538 6
538 558 6
538 539 8
539 559 7
539 540 5
540 560 5
540 541 6
541 561 12
541 542 11
542 543 6
543 562 11
543 544 7
544 563 8
546 565 5
547 567 9
549 570 11
549 550 5
551 572 8
552 574 6
552 553 11
553 575 6
554 576 10
554 555 8
555 556 10
556 577 7
557 579 9
557 558 11
558 580 9
558 559 5
559 581 8
559 560 5
560 582 7
560 561 7
562 583 6
562 563 9
563 584 12
564 565 11
565 585 8
565 566 9
566 586 11
566 567 10
567 568 12
568 587 9
569 589 9
569 570 12
571 592 7
571 572 5
572 573 8
573 574 9
574 575 6
575 593 6
576 594 8
578 595 10
578 579 11
579 580 8
580 581 12
581 596 5
581 582 6
583 599 10
583 584 8
585 586 7
587 588 11
588 589 12
590 591 8
591 592 6
597 598 6
598 599 5
10 0.05 0.05 0.05
