486
0 -1.0 -1.0 7.0 244.0 55.0
1 -1.0 -1.0 5.0 338.0 83.0
2 -1.0 -1.0 17.0 396.0 83.0
3 -1.0 -1.0 12.0 251.0 50.0
4 -1.0 -1.0 9.0 128.0 69.0
5 -1.0 -1.0 4.0 81.0 75.0
6 -1.0 -1.0 4.0 90.0 26.0
7 -1.0 -1.0 19.0 197.0 98.0
8 -1.0 -1.0 20.0 375.0 66.0
9 -1.0 -1.0 7.0 68.0 33.0
10 -1.0 -1.0 15.0 66.0 82.0
11 -1.0 -1.0 18.0 213.0 60.0
12 -1.0 -1.0 6.0 53.0 84.0
13 -1.0 -1.0 16.0 162.0 37.0
14 -1.0 -1.0 4.0 152.0 60.0
15 -1.0 -1.0 8.0 302.0 54.0
16 -1.0 -1.0 18.0 117.0 82.0
17 -1.0 -1.0 11.0 220.0 21.0
18 -1.0 -1.0 14.0 95.0 69.0
19 -1.0 -1.0 11.0 48.0 65.0
20 -1.0 -1.0 20.0 257.0 88.0
21 -1.0 -1.0 5.0 348.0 61.0
22 -1.0 -1.0 11.0 50.0 46.0
23 -1.0 -1.0 20.0 345.0 20.0
24 -1.0 -1.0 10.0 338.0 96.0
25 -1.0 -1.0 20.0 330.0 39.0
26 -1.0 -1.0 4.0 293.0 65.0
27 -1.0 -1.0 11.0 188.0 63.0
28 -1.0 -1.0 19.0 151.0 96.0
29 -1.0 -1.0 19.0 291.0 42.0
30 -1.0 -1.0 17.0 333.0 50.0
31 -1.0 -1.0 15.0 389.0 48.0
32 -1.0 -1.0 7.0 95.0 59.0
33 -1.0 -1.0 10.0 377.0 53.0
34 -1.0 -1.0 12.0 213.0 82.0
35 -1.0 -1.0 6.0 353.0 90.0
36 -1.0 -1.0 5.0 269.0 53.0
37 -1.0 -1.0 16.0 145.0 86.0
38 -1.0 -1.0 8.0 315.0 28.0
39 -1.0 -1.0 10.0 174.0 80.0
40 -1.0 -1.0 6.0 399.0 42.0
41 -1.0 -1.0 10.0 396.0 45.0
42 -1.0 -1.0 17.0 366.0 59.0
43 -1.0 -1.0 16.0 317.0 60.0
44 -1.0 -1.0 6.0 375.0 29.0
45 -1.0 -1.0 10.0 328.0 48.0
46 -1.0 -1.0 15.0 23.0 43.0
47 -1.0 -1.0 7.0 326.0 62.0
48 -1.0 -1.0 19.0 174.0 50.0
49 -1.0 -1.0 9.0 64.0 84.0
50 -1.0 -1.0 17.0 189.0 47.0
51 -1.0 -1.0 20.0 51.0 52.0
52 -1.0 -1.0 10.0 257.0 70.0
53 -1.0 -1.0 15.0 151.0 62.0
54 -1.0 -1.0 4.0 48.0 80.0
55 -1.0 -1.0 8.0 375.0 85.0
56 -1.0 -1.0 11.0 335.0 77.0
57 -1.0 -1.0 19.0 80.0 37.0
58 -1.0 -1.0 17.0 154.0 80.0
59 -1.0 -1.0 8.0 310.0 59.0
60 -1.0 -1.0 8.0 282.0 41.0
61 -1.0 -1.0 11.0 23.0 90.0
62 -1.0 -1.0 15.0 105.0 60.0
63 -1.0 -1.0 18.0 223.0 20.0
64 -1.0 -1.0 18.0 208.0 45.0
65 -1.0 -1.0 20.0 191.0 58.0
66 -1.0 -1.0 8.0 261.0 29.0
67 -1.0 -1.0 17.0 322.0 75.0
68 -1.0 -1.0 4.0 263.0 30.0
69 -1.0 -1.0 10.0 128.0 66.0
70 -1.0 -1.0 13.0 99.0 19.0
71 -1.0 -1.0 20.0 304.0 16.0
72 -1.0 -1.0 19.0 261.0 98.0
73 -1.0 -1.0 14.0 349.0 49.0
74 -1.0 -1.0 9.0 142.0 74.0
75 -1.0 -1.0 18.0 220.0 53.0
76 -1.0 -1.0 19.0 376.0 58.0
77 -1.0 -1.0 19.0 245.0 41.0
78 -1.0 -1.0 14.0 90.0 40.0
79 -1.0 -1.0 18.0 301.0 37.0
80 -1.0 -1.0 15.0 304.0 81.0
81 -1.0 -1.0 20.0 389.0 42.0
82 -1.0 -1.0 6.0 258.0 65.0
83 -1.0 -1.0 19.0 109.0 97.0
84 -1.0 -1.0 9.0 192.0 60.0
85 -1.0 -1.0 9.0 324.0 28.0
86 -1.0 -1.0 19.0 22.0 76.0
87 -1.0 -1.0 20.0 226.0 97.0
88 -1.0 -1.0 15.0 90.0 72.0
89 -1.0 -1.0 13.0 342.0 20.0
90 -1.0 -1.0 16.0 217.0 46.0
91 -1.0 -1.0 9.0 300.0 47.0
92 -1.0 -1.0 16.0 176.0 18.0
93 -1.0 -1.0 14.0 56.0 52.0
94 -1.0 -1.0 16.0 380.0 56.0
95 -1.0 -1.0 16.0 359.0 70.0
96 -1.0 -1.0 17.0 110.0 85.0
97 -1.0 -1.0 8.0 82.0 51.0
98 -1.0 -1.0 9.0 39.0 90.0
99 -1.0 -1.0 9.0 348.0 77.0
100 -1.0 -1.0 8.0 145.0 21.0
101 -1.0 -1.0 16.0 26.0 70.0
102 -1.0 -1.0 13.0 98.0 56.0
103 -1.0 -1.0 11.0 329.0 69.0
104 -1.0 -1.0 12.0 24.0 58.0
105 -1.0 -1.0 6.0 201.0 96.0
106 -1.0 -1.0 14.0 281.0 40.0
107 -1.0 -1.0 20.0 148.0 91.0
108 -1.0 -1.0 11.0 390.0 19.0
109 -1.0 -1.0 10.0 68.0 84.0
110 -1.0 -1.0 20.0 335.0 44.0
111 -1.0 -1.0 9.0 345.0 15.0
112 -1.0 -1.0 11.0 343.0 97.0
113 -1.0 -1.0 18.0 224.0 33.0
114 -1.0 -1.0 16.0 30.0 22.0
115 -1.0 -1.0 20.0 27.0 84.0
116 -1.0 -1.0 6.0 57.0 73.0
117 -1.0 -1.0 11.0 282.0 50.0
118 -1.0 -1.0 14.0 18.0 73.0
119 -1.0 -1.0 5.0 124.0 81.0
120 -1.0 -1.0 20.0 123.0 61.0
121 -1.0 -1.0 18.0 153.0 52.0
122 -1.0 -1.0 8.0 121.0 31.0
123 -1.0 -1.0 20.0 240.0 44.0
124 -1.0 -1.0 5.0 355.0 30.0
125 -1.0 -1.0 15.0 269.0 66.0
126 -1.0 -1.0 17.0 244.0 45.0
127 -1.0 -1.0 7.0 168.0 41.0
128 -1.0 -1.0 20.0 37.0 68.0
129 -1.0 -1.0 10.0 132.0 47.0
130 -1.0 -1.0 19.0 135.0 31.0
131 -1.0 -1.0 4.0 197.0 75.0
132 -1.0 -1.0 11.0 349.0 98.0
133 -1.0 -1.0 17.0 189.0 36.0
134 -1.0 -1.0 18.0 219.0 51.0
135 -1.0 -1.0 6.0 196.0 66.0
136 -1.0 -1.0 14.0 279.0 71.0
137 -1.0 -1.0 6.0 174.0 53.0
138 -1.0 -1.0 19.0 194.0 30.0
139 -1.0 -1.0 9.0 210.0 47.0
140 -1.0 -1.0 16.0 80.0 91.0
141 -1.0 -1.0 19.0 32.0 73.0
142 -1.0 -1.0 6.0 216.0 45.0
143 -1.0 -1.0 4.0 298.0 55.0
144 -1.0 -1.0 17.0 92.0 74.0
145 -1.0 -1.0 20.0 112.0 59.0
146 -1.0 -1.0 14.0 277.0 96.0
147 -1.0 -1.0 16.0 279.0 88.0
148 -1.0 -1.0 7.0 316.0 69.0
149 -1.0 -1.0 6.0 253.0 85.0
150 -1.0 -1.0 16.0 135.0 68.0
151 -1.0 -1.0 20.0 312.0 15.0
152 -1.0 -1.0 7.0 220.0 51.0
153 -1.0 -1.0 11.0 67.0 36.0
154 -1.0 -1.0 18.0 53.0 17.0
155 -1.0 -1.0 17.0 123.0 38.0
156 -1.0 -1.0 19.0 187.0 76.0
157 -1.0 -1.0 7.0 266.0 15.0
158 -1.0 -1.0 20.0 144.0 29.0
159 -1.0 -1.0 13.0 356.0 65.0
160 -1.0 -1.0 15.0 54.0 51.0
161 -1.0 -1.0 16.0 75.0 69.0
162 -1.0 -1.0 4.0 322.0 75.0
163 -1.0 -1.0 9.0 282.0 67.0
164 -1.0 -1.0 20.0 144.0 49.0
165 -1.0 -1.0 7.0 168.0 94.0
166 -1.0 -1.0 13.0 208.0 21.0
167 -1.0 -1.0 18.0 72.0 52.0
168 -1.0 -1.0 12.0 101.0 31.0
169 -1.0 -1.0 12.0 96.0 26.0
170 -1.0 -1.0 11.0 51.0 40.0
171 -1.0 -1.0 16.0 119.0 57.0
172 -1.0 -1.0 17.0 89.0 35.0
173 -1.0 -1.0 16.0 22.0 84.0
174 -1.0 -1.0 12.0 85.0 54.0
175 -1.0 -1.0 7.0 129.0 77.0
176 -1.0 -1.0 14.0 365.0 100.0
177 -1.0 -1.0 5.0 197.0 92.0
178 -1.0 -1.0 4.0 118.0 59.0
179 -1.0 -1.0 19.0 89.0 26.0
180 -1.0 -1.0 10.0 400.0 63.0
181 -1.0 -1.0 18.0 395.0 25.0
182 -1.0 -1.0 18.0 345.0 68.0
183 -1.0 -1.0 7.0 191.0 55.0
184 -1.0 -1.0 11.0 338.0 77.0
185 -1.0 -1.0 4.0 107.0 55.0
186 -1.0 -1.0 7.0 283.0 73.0
187 -1.0 -1.0 12.0 44.0 69.0
188 -1.0 -1.0 13.0 42.0 79.0
189 -1.0 -1.0 10.0 159.0 62.0
190 -1.0 -1.0 17.0 65.0 31.0
191 -1.0 -1.0 20.0 204.0 23.0
192 -1.0 -1.0 7.0 223.0 77.0
193 -1.0 -1.0 5.0 224.0 48.0
194 -1.0 -1.0 18.0 208.0 40.0
195 -1.0 -1.0 13.0 158.0 40.0
196 -1.0 -1.0 6.0 227.0 79.0
197 -1.0 -1.0 10.0 126.0 54.0
198 -1.0 -1.0 19.0 235.0 99.0
199 -1.0 -1.0 11.0 200.0 87.0
200 -1.0 -1.0 8.0 83.0 96.0
201 -1.0 -1.0 17.0 150.0 26.0
202 -1.0 -1.0 7.0 379.0 82.0
203 -1.0 -1.0 6.0 220.0 25.0
204 -1.0 -1.0 11.0 23.0 28.0
205 -1.0 -1.0 12.0 186.0 35.0
206 -1.0 -1.0 15.0 318.0 84.0
207 -1.0 -1.0 8.0 189.0 64.0
208 -1.0 -1.0 14.0 146.0 73.0
209 -1.0 -1.0 20.0 59.0 33.0
210 -1.0 -1.0 4.0 105.0 71.0
211 -1.0 -1.0 4.0 351.0 41.0
212 -1.0 -1.0 16.0 278.0 68.0
213 -1.0 -1.0 7.0 212.0 85.0
214 -1.0 -1.0 8.0 77.0 61.0
215 -1.0 -1.0 4.0 322.0 80.0
216 -1.0 -1.0 5.0 295.0 56.0
217 -1.0 -1.0 11.0 360.0 15.0
218 -1.0 -1.0 18.0 53.0 55.0
219 -1.0 -1.0 9.0 349.0 17.0
220 -1.0 -1.0 4.0 181.0 49.0
221 -1.0 -1.0 11.0 258.0 39.0
222 -1.0 -1.0 5.0 144.0 36.0
223 -1.0 -1.0 19.0 194.0 65.0
224 -1.0 -1.0 8.0 24.0 72.0
225 -1.0 -1.0 11.0 75.0 53.0
226 -1.0 -1.0 19.0 208.0 99.0
227 -1.0 -1.0 8.0 317.0 87.0
228 -1.0 -1.0 9.0 75.0 22.0
229 -1.0 -1.0 20.0 107.0 53.0
230 -1.0 -1.0 18.0 159.0 60.0
231 -1.0 -1.0 5.0 181.0 61.0
232 -1.0 -1.0 12.0 88.0 100.0
233 -1.0 -1.0 9.0 286.0 56.0
234 -1.0 -1.0 10.0 345.0 22.0
235 -1.0 -1.0 11.0 235.0 63.0
236 -1.0 -1.0 14.0 383.0 21.0
237 -1.0 -1.0 6.0 222.0 55.0
238 -1.0 -1.0 10.0 325.0 34.0
239 -1.0 -1.0 20.0 124.0 52.0
240 -1.0 -1.0 19.0 258.0 79.0
241 -1.0 -1.0 17.0 317.0 88.0
242 -1.0 -1.0 18.0 271.0 77.0
243 -1.0 -1.0 20.0 360.0 100.0
244 -1.0 -1.0 17.0 329.0 41.0
245 -1.0 -1.0 20.0 254.0 70.0
246 -1.0 -1.0 12.0 118.0 37.0
247 -1.0 -1.0 11.0 369.0 100.0
248 -1.0 -1.0 18.0 49.0 23.0
249 -1.0 -1.0 20.0 252.0 74.0
250 -1.0 -1.0 15.0 204.0 71.0
251 -1.0 -1.0 17.0 386.0 48.0
252 -1.0 -1.0 9.0 200.0 21.0
253 -1.0 -1.0 13.0 108.0 21.0
254 -1.0 -1.0 9.0 342.0 72.0
255 -1.0 -1.0 4.0 190.0 48.0
256 -1.0 -1.0 11.0 161.0 59.0
257 -1.0 -1.0 17.0 80.0 38.0
258 -1.0 -1.0 11.0 395.0 78.0
259 -1.0 -1.0 20.0 113.0 71.0
260 -1.0 -1.0 4.0 222.0 71.0
261 -1.0 -1.0 9.0 385.0 18.0
262 -1.0 -1.0 17.0 298.0 80.0
263 -1.0 -1.0 11.0 338.0 68.0
264 -1.0 -1.0 11.0 132.0 30.0
265 -1.0 -1.0 20.0 367.0 35.0
266 -1.0 -1.0 18.0 171.0 80.0
267 -1.0 -1.0 15.0 203.0 23.0
268 -1.0 -1.0 8.0 91.0 42.0
269 -1.0 -1.0 4.0 181.0 27.0
270 -1.0 -1.0 8.0 242.0 46.0
271 -1.0 -1.0 11.0 373.0 97.0
272 -1.0 -1.0 15.0 269.0 61.0
273 -1.0 -1.0 10.0 310.0 63.0
274 -1.0 -1.0 6.0 318.0 61.0
275 -1.0 -1.0 7.0 62.0 99.0
276 -1.0 -1.0 14.0 245.0 88.0
277 -1.0 -1.0 4.0 91.0 84.0
278 -1.0 -1.0 10.0 322.0 83.0
279 -1.0 -1.0 20.0 304.0 88.0
280 -1.0 -1.0 16.0 182.0 26.0
281 -1.0 -1.0 7.0 294.0 25.0
282 -1.0 -1.0 17.0 68.0 52.0
283 -1.0 -1.0 18.0 47.0 80.0
284 -1.0 -1.0 20.0 322.0 83.0
285 -1.0 -1.0 13.0 149.0 87.0
286 -1.0 -1.0 11.0 235.0 51.0
287 -1.0 -1.0 20.0 44.0 77.0
288 -1.0 -1.0 5.0 282.0 49.0
289 -1.0 -1.0 20.0 397.0 68.0
290 -1.0 -1.0 5.0 366.0 29.0
291 -1.0 -1.0 13.0 287.0 93.0
292 -1.0 -1.0 16.0 256.0 98.0
293 -1.0 -1.0 10.0 361.0 38.0
294 -1.0 -1.0 13.0 130.0 69.0
295 -1.0 -1.0 15.0 53.0 56.0
296 -1.0 -1.0 20.0 335.0 78.0
297 -1.0 -1.0 12.0 39.0 43.0
298 -1.0 -1.0 20.0 180.0 39.0
299 -1.0 -1.0 10.0 27.0 24.0
300 -1.0 -1.0 19.0 335.0 48.0
301 -1.0 -1.0 11.0 288.0 70.0
302 -1.0 -1.0 12.0 134.0 23.0
303 -1.0 -1.0 13.0 372.0 21.0
304 -1.0 -1.0 7.0 257.0 16.0
305 -1.0 -1.0 18.0 266.0 85.0
306 -1.0 -1.0 10.0 32.0 29.0
307 -1.0 -1.0 20.0 193.0 55.0
308 -1.0 -1.0 7.0 209.0 31.0
309 -1.0 -1.0 16.0 257.0 77.0
310 -1.0 -1.0 18.0 67.0 46.0
311 -1.0 -1.0 12.0 353.0 99.0
312 -1.0 -1.0 18.0 109.0 96.0
313 -1.0 -1.0 18.0 148.0 15.0
314 -1.0 -1.0 10.0 131.0 18.0
315 -1.0 -1.0 14.0 75.0 33.0
316 -1.0 -1.0 7.0 344.0 91.0
317 -1.0 -1.0 15.0 308.0 20.0
318 -1.0 -1.0 16.0 234.0 76.0
319 -1.0 -1.0 12.0 292.0 28.0
320 -1.0 -1.0 10.0 243.0 68.0
321 -1.0 -1.0 10.0 121.0 61.0
322 -1.0 -1.0 13.0 38.0 22.0
323 -1.0 -1.0 11.0 49.0 71.0
324 -1.0 -1.0 18.0 218.0 85.0
325 -1.0 -1.0 13.0 236.0 65.0
326 -1.0 -1.0 12.0 337.0 48.0
327 -1.0 -1.0 10.0 157.0 46.0
328 -1.0 -1.0 12.0 359.0 23.0
329 -1.0 -1.0 19.0 118.0 88.0
330 -1.0 -1.0 4.0 32.0 38.0
331 -1.0 -1.0 9.0 47.0 15.0
332 -1.0 -1.0 6.0 248.0 19.0
333 -1.0 -1.0 15.0 86.0 29.0
334 -1.0 -1.0 5.0 339.0 27.0
335 -1.0 -1.0 13.0 122.0 99.0
336 -1.0 -1.0 6.0 234.0 36.0
337 -1.0 -1.0 19.0 188.0 32.0
338 -1.0 -1.0 5.0 201.0 41.0
339 -1.0 -1.0 8.0 372.0 91.0
340 -1.0 -1.0 7.0 102.0 90.0
341 -1.0 -1.0 13.0 80.0 46.0
342 -1.0 -1.0 18.0 72.0 66.0
343 -1.0 -1.0 7.0 257.0 48.0
344 -1.0 -1.0 12.0 396.0 59.0
345 -1.0 -1.0 18.0 211.0 90.0
346 -1.0 -1.0 7.0 18.0 37.0
347 -1.0 -1.0 12.0 359.0 52.0
348 -1.0 -1.0 17.0 205.0 95.0
349 -1.0 -1.0 7.0 167.0 59.0
350 -1.0 -1.0 16.0 253.0 99.0
351 -1.0 -1.0 14.0 169.0 34.0
352 -1.0 -1.0 6.0 188.0 72.0
353 -1.0 -1.0 6.0 388.0 82.0
354 -1.0 -1.0 20.0 307.0 56.0
355 -1.0 -1.0 11.0 252.0 97.0
356 -1.0 -1.0 5.0 312.0 26.0
357 -1.0 -1.0 14.0 380.0 34.0
358 -1.0 -1.0 14.0 370.0 37.0
359 -1.0 -1.0 10.0 228.0 86.0
360 -1.0 -1.0 18.0 327.0 46.0
361 -1.0 -1.0 17.0 42.0 88.0
362 -1.0 -1.0 10.0 192.0 30.0
363 -1.0 -1.0 6.0 287.0 96.0
364 -1.0 -1.0 20.0 230.0 66.0
365 -1.0 -1.0 12.0 191.0 61.0
366 -1.0 -1.0 11.0 151.0 41.0
367 -1.0 -1.0 13.0 208.0 78.0
368 -1.0 -1.0 12.0 376.0 63.0
369 -1.0 -1.0 4.0 166.0 25.0
370 -1.0 -1.0 9.0 242.0 19.0
371 -1.0 -1.0 6.0 385.0 61.0
372 -1.0 -1.0 7.0 70.0 34.0
373 -1.0 -1.0 15.0 88.0 64.0
374 -1.0 -1.0 14.0 335.0 57.0
375 -1.0 -1.0 4.0 164.0 15.0
376 -1.0 -1.0 17.0 186.0 70.0
377 -1.0 -1.0 16.0 158.0 89.0
378 -1.0 -1.0 11.0 91.0 55.0
379 -1.0 -1.0 15.0 286.0 81.0
380 -1.0 -1.0 18.0 358.0 36.0
381 -1.0 -1.0 17.0 369.0 68.0
382 -1.0 -1.0 10.0 170.0 44.0
383 -1.0 -1.0 10.0 36.0 73.0
384 -1.0 -1.0 16.0 397.0 85.0
385 -1.0 -1.0 19.0 226.0 34.0
386 -1.0 -1.0 16.0 309.0 16.0
387 -1.0 -1.0 6.0 208.0 53.0
388 -1.0 -1.0 4.0 287.0 68.0
389 -1.0 -1.0 6.0 40.0 39.0
390 -1.0 -1.0 11.0 79.0 80.0
391 -1.0 -1.0 14.0 279.0 90.0
392 -1.0 -1.0 9.0 125.0 73.0
393 -1.0 -1.0 15.0 348.0 43.0
394 -1.0 -1.0 18.0 195.0 56.0
395 -1.0 -1.0 12.0 176.0 66.0
396 -1.0 -1.0 4.0 260.0 39.0
397 -1.0 -1.0 15.0 37.0 25.0
398 -1.0 -1.0 11.0 82.0 76.0
399 -1.0 -1.0 17.0 213.0 30.0
400 -1.0 -1.0 17.0 98.0 38.0
401 -1.0 -1.0 7.0 308.0 73.0
402 -1.0 -1.0 6.0 251.0 18.0
403 -1.0 -1.0 13.0 392.0 30.0
404 -1.0 -1.0 14.0 208.0 78.0
405 -1.0 -1.0 16.0 286.0 52.0
406 -1.0 -1.0 4.0 111.0 39.0
407 -1.0 -1.0 10.0 78.0 49.0
408 -1.0 -1.0 16.0 63.0 89.0
409 -1.0 -1.0 18.0 179.0 35.0
410 -1.0 -1.0 8.0 126.0 72.0
411 -1.0 -1.0 11.0 24.0 64.0
412 -1.0 -1.0 6.0 224.0 49.0
413 -1.0 -1.0 13.0 339.0 91.0
414 -1.0 -1.0 6.0 226.0 92.0
415 -1.0 -1.0 5.0 50.0 71.0
416 -1.0 -1.0 13.0 231.0 96.0
417 -1.0 -1.0 8.0 240.0 36.0
418 -1.0 -1.0 13.0 280.0 98.0
419 -1.0 -1.0 12.0 363.0 37.0
420 -1.0 -1.0 10.0 209.0 23.0
421 -1.0 -1.0 5.0 172.0 42.0
422 -1.0 -1.0 15.0 160.0 75.0
423 -1.0 -1.0 11.0 62.0 19.0
424 -1.0 -1.0 5.0 338.0 68.0
425 -1.0 -1.0 5.0 98.0 77.0
426 -1.0 -1.0 16.0 210.0 48.0
427 -1.0 -1.0 10.0 95.0 78.0
428 -1.0 -1.0 7.0 358.0 36.0
429 -1.0 -1.0 19.0 57.0 36.0
430 -1.0 -1.0 10.0 394.0 54.0
431 -1.0 -1.0 10.0 353.0 91.0
432 -1.0 -1.0 11.0 109.0 77.0
433 -1.0 -1.0 6.0 121.0 81.0
434 -1.0 -1.0 18.0 66.0 24.0
435 -1.0 -1.0 7.0 275.0 94.0
436 -1.0 -1.0 8.0 331.0 55.0
437 -1.0 -1.0 11.0 319.0 38.0
438 -1.0 -1.0 9.0 63.0 44.0
439 -1.0 -1.0 6.0 72.0 36.0
440 -1.0 -1.0 18.0 113.0 41.0
441 -1.0 -1.0 8.0 392.0 91.0
442 -1.0 -1.0 17.0 281.0 70.0
443 -1.0 -1.0 17.0 300.0 25.0
444 -1.0 -1.0 13.0 394.0 97.0
445 -1.0 -1.0 8.0 24.0 17.0
446 -1.0 -1.0 14.0 41.0 87.0
447 -1.0 -1.0 15.0 197.0 83.0
448 -1.0 -1.0 18.0 241.0 53.0
449 -1.0 -1.0 18.0 21.0 19.0
450 -1.0 -1.0 11.0 391.0 62.0
451 -1.0 -1.0 10.0 60.0 82.0
452 -1.0 -1.0 20.0 67.0 45.0
453 -1.0 -1.0 14.0 206.0 87.0
454 -1.0 -1.0 10.0 169.0 79.0
455 -1.0 -1.0 9.0 304.0 74.0
456 -1.0 -1.0 5.0 251.0 45.0
457 -1.0 -1.0 6.0 141.0 98.0
458 -1.0 -1.0 11.0 330.0 95.0
459 -1.0 -1.0 9.0 267.0 92.0
460 -1.0 -1.0 5.0 95.0 94.0
461 -1.0 -1.0 10.0 60.0 56.0
462 -1.0 -1.0 18.0 80.0 22.0
463 -1.0 -1.0 12.0 289.0 80.0
464 -1.0 -1.0 17.0 198.0 27.0
465 -1.0 -1.0 16.0 170.0 37.0
466 -1.0 -1.0 6.0 332.0 17.0
467 -1.0 -1.0 14.0 197.0 45.0
468 -1.0 -1.0 20.0 26.0 79.0
469 -1.0 -1.0 8.0 271.0 32.0
470 -1.0 -1.0 6.0 141.0 17.0
471 -1.0 -1.0 9.0 212.0 72.0
472 -1.0 -1.0 4.0 246.0 32.0
473 -1.0 -1.0 15.0 367.0 98.0
474 -1.0 -1.0 14.0 57.0 97.0
475 -1.0 -1.0 6.0 214.0 72.0
476 -1.0 -1.0 15.0 112.0 93.0
477 -1.0 -1.0 13.0 99.0 15.0
478 -1.0 -1.0 13.0 97.0 74.0
479 -1.0 -1.0 18.0 32.0 73.0
480 -1.0 -1.0 13.0 266.0 71.0
481 -1.0 -1.0 18.0 196.0 44.0
482 -1.0 -1.0 18.0 159.0 100.0
483 -1.0 -1.0 18.0 361.0 66.0
484 -1.0 -1.0 17.0 161.0 29.0
485 -1.0 -1.0 12.0 50.0 47.0
623
0 1 11
1 19 6
1 2 10
2 20 7
3 21 7
3 4 8
4 5 12
5 22 8
6 24 8
6 7 5
7 25 10
7 8 6
8 26 10
9 28 12
10 29 11
10 11 9
11 30 11
11 12 5
12 31 10
13 14 5
14 33 5
14 15 6
15 34 6
15 16 8
16 17 5
17 18 12
18 35 5
19 38 7
19 20 10
21 40 8
22 42 8
22 23 11
24 44 12
24 25 11
25 45 6
25 26 5
26 46 8
26 27 11
27 47 9
27 28 5
28 48 9
29 50 5
29 30 11
30 51 5
30 31 7
31 52 11
31 32 5
32 53 11
33 34 6
34 54 8
35 36 7
36 57 11
37 38 7
38 58 9
39 60 10
39 40 5
40 41 6
41 61 7
41 42 11
43 44 8
44 45 12
45 46 7
46 63 8
46 47 6
47 48 5
48 64 8
48 49 10
49 65 8
50 67 5
50 51 6
51 68 8
51 52 5
52 69 6
52 53 7
53 70 8
54 73 7
54 55 11
55 56 6
56 74 11
57 75 11
58 76 8
58 59 6
59 60 7
60 77 11
61 78 9
62 80 7
64 84 8
64 65 5
65 66 8
66 67 7
67 68 6
68 69 6
69 70 11
70 85 10
70 71 5
71 86 12
71 72 6
72 73 12
73 87 7
74 88 11
76 90 7
77 92 9
78 93 8
78 79 11
79 80 10
80 94 10
80 81 5
81 82 5
82 83 11
83 95 7
84 96 11
85 102 7
85 86 12
86 103 12
87 105 10
88 107 10
89 109 8
89 90 8
90 91 10
91 110 5
91 92 7
92 111 5
94 114 5
95 116 5
96 117 6
96 97 6
97 98 5
98 118 10
98 99 7
99 119 7
99 100 11
100 101 9
101 102 10
102 103 12
103 120 10
103 104 6
104 105 11
105 106 9
106 121 11
106 107 12
107 122 12
108 124 5
109 125 6
110 127 5
110 111 10
111 112 10
112 128 8
113 114 12
114 130 10
114 115 11
115 131 10
117 134 7
118 136 6
118 119 11
119 137 6
120 139 11
121 122 7
122 123 12
123 124 5
125 142 7
125 126 8
126 143 5
126 127 9
127 144 11
128 129 7
130 146 10
130 131 8
131 147 10
131 132 8
133 149 11
134 151 12
134 135 8
135 136 6
136 152 12
136 137 5
137 153 12
138 155 11
139 140 9
140 141 5
141 156 8
142 159 11
142 143 7
143 144 7
144 160 7
145 163 6
145 146 10
146 147 7
147 164 12
148 166 11
148 149 8
149 150 10
150 167 10
150 151 7
152 168 11
152 153 9
153 154 6
154 155 10
155 169 12
156 172 5
156 157 11
157 173 11
157 158 9
158 174 11
160 161 10
162 178 10
162 163 10
163 179 9
164 181 7
164 165 6
165 182 9
165 166 9
166 183 9
167 184 10
168 187 11
169 189 11
170 191 6
170 171 11
171 192 12
171 172 9
172 173 11
173 193 11
173 174 5
174 194 6
174 175 12
175 195 11
175 176 9
177 196 8
178 200 11
178 179 6
179 180 5
180 201 11
180 181 8
181 182 9
182 202 9
182 183 8
183 203 6
184 185 5
185 186 6
186 205 11
186 187 7
187 206 10
187 188 6
188 207 8
189 209 7
189 190 7
190 210 10
190 191 8
191 211 8
191 192 7
193 194 6
194 213 8
194 195 9
195 214 5
196 216 10
196 197 9
197 217 7
197 198 5
198 218 5
198 199 9
199 200 8
201 219 10
202 203 12
203 221 12
203 204 11
204 222 8
205 224 10
205 206 11
206 207 8
207 208 11
208 209 9
209 225 12
209 210 5
210 226 12
210 211 7
211 227 11
212 229 7
213 231 9
213 214 7
214 215 10
216 233 5
216 217 11
217 218 6
218 234 7
219 238 10
219 220 8
220 239 6
221 222 5
223 242 7
223 224 12
224 243 9
225 226 12
226 247 11
226 227 8
227 228 12
228 248 6
228 229 7
229 249 6
229 230 8
230 231 8
231 250 11
232 253 9
232 233 11
233 254 10
234 256 7
234 235 6
235 257 8
235 236 5
236 237 7
237 258 7
237 238 5
238 259 11
238 239 12
239 260 8
239 240 6
241 242 10
242 261 11
242 243 12
243 262 12
243 244 7
244 245 8
245 246 9
246 263 12
248 264 12
248 249 11
250 251 9
251 265 6
251 252 12
252 266 7
253 267 8
253 254 9
254 268 5
254 255 7
255 256 7
256 269 11
256 257 11
257 270 5
258 259 5
259 272 8
259 260 5
261 275 6
261 262 9
262 276 8
264 282 10
265 286 8
265 266 7
266 287 11
267 268 12
268 288 9
269 270 9
270 271 9
271 289 5
272 290 11
273 292 6
274 294 9
275 296 11
275 276 8
276 297 6
276 277 8
277 298 12
277 278 6
279 280 5
280 281 6
281 300 11
281 282 11
282 283 11
283 301 7
283 284 5
284 302 9
284 285 5
285 286 6
286 287 12
287 303 7
289 307 12
290 291 8
291 292 7
292 309 5
292 293 12
293 310 12
293 294 9
294 311 8
294 295 12
295 312 6
295 296 6
296 297 10
297 313 12
297 298 12
298 314 5
299 316 8
300 319 8
301 302 10
302 321 10
303 323 10
304 305 6
305 306 10
306 326 12
306 307 12
307 327 11
307 308 10
308 328 7
309 330 9
309 310 7
310 331 5
310 311 12
311 312 7
313 333 9
313 314 5
314 334 11
314 315 9
315 335 9
315 316 10
316 336 7
316 317 11
317 318 11
318 319 5
319 320 5
320 337 6
321 338 7
321 322 9
322 339 11
324 341 11
324 325 12
326 343 8
326 327 8
327 328 12
329 345 5
329 330 9
330 331 8
331 346 12
332 349 7
332 333 8
333 350 8
333 334 11
334 335 12
335 351 7
335 336 12
336 352 8
337 354 11
338 339 5
339 356 10
339 340 10
340 357 9
341 358 6
342 360 5
343 362 12
344 363 8
344 345 5
345 364 11
346 365 12
346 347 5
347 348 11
348 366 5
348 349 7
349 367 10
349 350 9
351 352 5
352 369 10
353 370 11
354 372 7
354 355 5
355 373 6
356 374 6
356 357 12
357 375 5
358 359 8
359 377 9
359 360 12
360 378 8
360 361 8
361 379 8
361 362 6
363 381 7
363 364 9
365 383 10
366 385 8
366 367 11
367 386 9
368 388 9
369 389 5
370 391 5
370 371 10
371 392 9
371 372 7
372 393 9
372 373 5
373 394 9
374 396 5
374 375 6
375 397 9
375 376 5
376 398 7
377 400 5
377 378 6
378 401 5
378 379 10
379 402 9
380 404 11
381 405 8
382 406 8
382 383 8
383 384 6
384 407 10
384 385 11
385 386 8
386 408 11
386 387 7
387 409 7
387 388 10
388 410 5
389 412 12
389 390 7
390 391 7
391 413 9
391 392 10
392 414 6
392 393 6
393 415 11
393 394 5
394 395 11
395 416 10
395 396 11
396 417 9
396 397 10
397 418 8
397 398 8
399 419 9
399 400 10
400 420 5
400 401 12
401 421 9
401 402 10
402 403 10
403 422 9
403 404 5
404 423 7
405 424 9
408 426 9
408 409 9
409 410 8
410 427 10
410 411 5
411 428 7
411 412 11
412 429 10
413 431 11
413 414 8
414 415 9
415 432 8
416 433 11
416 417 10
417 434 12
417 418 5
418 435 12
419 420 12
420 436 5
420 421 11
421 437 10
422 439 5
422 423 8
423 440 9
425 443 8
426 446 11
427 428 5
428 429 11
429 430 7
430 431 7
433 434 9
434 448 6
434 435 8
436 449 6
436 437 10
437 450 12
437 438 8
438 451 8
438 439 11
439 440 9
440 452 12
440 441 7
441 453 8
442 455 11
443 457 6
443 444 9
444 445 12
445 446 11
446 458 11
446 447 10
447 459 11
448 465 8
449 469 12
449 450 7
450 470 5
450 451 6
452 472 6
452 453 10
453 473 9
453 454 10
454 474 11
454 455 5
455 456 8
456 475 11
456 457 9
458 476 11
458 459 12
459 460 10
460 477 8
461 479 6
462 482 5
462 463 11
464 484 7
464 465 10
465 466 9
466 467 12
467 485 12
468 469 10
469 470 6
471 472 9
472 473 11
473 474 5
477 478 5
478 479 5
479 480 12
480 481 9
481 482 10
483 484 5
10 0.05 0.05 0.05
