726
0 -1.0 -1.0 20.0 232.0 35.0
1 -1.0 -1.0 15.0 393.0 93.0
2 -1.0 -1.0 16.0 75.0 26.0
3 -1.0 -1.0 16.0 133.0 53.0
4 -1.0 -1.0 7.0 95.0 70.0
5 -1.0 -1.0 10.0 299.0 60.0
6 -1.0 -1.0 12.0 38.0 94.0
7 -1.0 -1.0 17.0 263.0 38.0
8 -1.0 -1.0 11.0 33.0 30.0
9 -1.0 -1.0 5.0 68.0 65.0
10 -1.0 -1.0 7.0 34.0 15.0
11 -1.0 -1.0 5.0 304.0 17.0
12 -1.0 -1.0 4.0 81.0 59.0
13 -1.0 -1.0 19.0 363.0 35.0
14 -1.0 -1.0 10.0 163.0 58.0
15 -1.0 -1.0 19.0 16.0 24.0
16 -1.0 -1.0 17.0 334.0 52.0
17 -1.0 -1.0 10.0 266.0 85.0
18 -1.0 -1.0 20.0 138.0 29.0
19 -1.0 -1.0 20.0 267.0 58.0
20 -1.0 -1.0 19.0 280.0 82.0
21 -1.0 -1.0 20.0 134.0 82.0
22 -1.0 -1.0 14.0 350.0 52.0
23 -1.0 -1.0 4.0 351.0 70.0
24 -1.0 -1.0 18.0 222.0 16.0
25 -1.0 -1.0 17.0 43.0 84.0
26 -1.0 -1.0 8.0 295.0 24.0
27 -1.0 -1.0 6.0 341.0 62.0
28 -1.0 -1.0 6.0 103.0 43.0
29 -1.0 -1.0 9.0 366.0 81.0
30 -1.0 -1.0 20.0 323.0 42.0
31 -1.0 -1.0 15.0 316.0 65.0
32 -1.0 -1.0 14.0 209.0 99.0
33 -1.0 -1.0 13.0 376.0 24.0
34 -1.0 -1.0 12.0 61.0 22.0
35 -1.0 -1.0 11.0 106.0 74.0
36 -1.0 -1.0 12.0 390.0 48.0
37 -1.0 -1.0 12.0 92.0 49.0
38 -1.0 -1.0 14.0 395.0 31.0
39 -1.0 -1.0 14.0 312.0 28.0
40 -1.0 -1.0 5.0 133.0 39.0
41 -1.0 -1.0 13.0 213.0 37.0
42 -1.0 -1.0 6.0 55.0 80.0
43 -1.0 -1.0 5.0 84.0 89.0
44 -1.0 -1.0 17.0 294.0 71.0
45 -1.0 -1.0 11.0 125.0 85.0
46 -1.0 -1.0 4.0 311.0 75.0
47 -1.0 -1.0 5.0 31.0 36.0
48 -1.0 -1.0 9.0 70.0 57.0
49 -1.0 -1.0 19.0 34.0 40.0
50 -1.0 -1.0 18.0 360.0 45.0
51 -1.0 -1.0 7.0 71.0 52.0
52 -1.0 -1.0 11.0 125.0 31.0
53 -1.0 -1.0 14.0 256.0 19.0
54 -1.0 -1.0 14.0 270.0 69.0
55 -1.0 -1.0 5.0 366.0 36.0
56 -1.0 -1.0 4.0 353.0 72.0
57 -1.0 -1.0 6.0 162.0 22.0
58 -1.0 -1.0 18.0 46.0 82.0
59 -1.0 -1.0 12.0 31.0 88.0
60 -1.0 -1.0 4.0 210.0 81.0
61 -1.0 -1.0 13.0 239.0 48.0
62 -1.0 -1.0 14.0 246.0 49.0
63 -1.0 -1.0 15.0 338.0 52.0
64 -1.0 -1.0 5.0 149.0 32.0
65 -1.0 -1.0 10.0 183.0 52.0
66 -1.0 -1.0 19.0 276.0 47.0
67 -1.0 -1.0 17.0 264.0 73.0
68 -1.0 -1.0 17.0 88.0 44.0
69 -1.0 -1.0 5.0 219.0 26.0
70 -1.0 -1.0 6.0 354.0 57.0
71 -1.0 -1.0 7.0 232.0 20.0
72 -1.0 -1.0 8.0 320.0 88.0
73 -1.0 -1.0 10.0 267.0 58.0
74 -1.0 -1.0 13.0 357.0 70.0
75 -1.0 -1.0 17.0 160.0 93.0
76 -1.0 -1.0 12.0 131.0 71.0
77 -1.0 -1.0 16.0 100.0 86.0
78 -1.0 -1.0 4.0 77.0 83.0
79 -1.0 -1.0 17.0 304.0 60.0
80 -1.0 -1.0 12.0 235.0 44.0
81 -1.0 -1.0 14.0 289.0 94.0
82 -1.0 -1.0 14.0 92.0 45.0
83 -1.0 -1.0 19.0 223.0 31.0
84 -1.0 -1.0 8.0 141.0 24.0
85 -1.0 -1.0 9.0 325.0 90.0
86 -1.0 -1.0 17.0 278.0 97.0
87 -1.0 -1.0 6.0 137.0 37.0
88 -1.0 -1.0 5.0 317.0 18.0
89 -1.0 -1.0 9.0 86.0 28.0
90 -1.0 -1.0 20.0 119.0 85.0
91 -1.0 -1.0 11.0 25.0 37.0
92 -1.0 -1.0 12.0 255.0 40.0
93 -1.0 -1.0 19.0 25.0 40.0
94 -1.0 -1.0 12.0 242.0 92.0
95 -1.0 -1.0 18.0 261.0 65.0
96 -1.0 -1.0 14.0 138.0 50.0
97 -1.0 -1.0 10.0 328.0 41.0
98 -1.0 -1.0 9.0 160.0 49.0
99 -1.0 -1.0 18.0 248.0 99.0
100 -1.0 -1.0 8.0 346.0 68.0
101 -1.0 -1.0 20.0 319.0 58.0
102 -1.0 -1.0 9.0 190.0 95.0
103 -1.0 -1.0 12.0 259.0 34.0
104 -1.0 -1.0 14.0 90.0 68.0
105 -1.0 -1.0 18.0 226.0 84.0
106 -1.0 -1.0 12.0 308.0 91.0
107 -1.0 -1.0 8.0 90.0 43.0
108 -1.0 -1.0 11.0 135.0 64.0
109 -1.0 -1.0 15.0 57.0 92.0
110 -1.0 -1.0 10.0 168.0 94.0
111 -1.0 -1.0 8.0 258.0 95.0
112 -1.0 -1.0 20.0 48.0 48.0
113 -1.0 -1.0 17.0 373.0 82.0
114 -1.0 -1.0 9.0 46.0 87.0
115 -1.0 -1.0 4.0 113.0 25.0
116 -1.0 -1.0 13.0 126.0 46.0
117 -1.0 -1.0 8.0 74.0 81.0
118 -1.0 -1.0 5.0 323.0 79.0
119 -1.0 -1.0 5.0 277.0 52.0
120 -1.0 -1.0 5.0 324.0 75.0
121 -1.0 -1.0 12.0 56.0 57.0
122 -1.0 -1.0 7.0 313.0 24.0
123 -1.0 -1.0 12.0 97.0 22.0
124 -1.0 -1.0 8.0 103.0 40.0
125 -1.0 -1.0 13.0 40.0 16.0
126 -1.0 -1.0 13.0 268.0 62.0
127 -1.0 -1.0 15.0 216.0 24.0
128 -1.0 -1.0 5.0 321.0 87.0
129 -1.0 -1.0 9.0 227.0 42.0
130 -1.0 -1.0 16.0 58.0 27.0
131 -1.0 -1.0 15.0 53.0 19.0
132 -1.0 -1.0 8.0 98.0 96.0
133 -1.0 -1.0 20.0 301.0 36.0
134 -1.0 -1.0 14.0 298.0 70.0
135 -1.0 -1.0 9.0 17.0 100.0
136 -1.0 -1.0 6.0 26.0 64.0
137 -1.0 -1.0 6.0 181.0 30.0
138 -1.0 -1.0 13.0 44.0 17.0
139 -1.0 -1.0 19.0 235.0 91.0
140 -1.0 -1.0 17.0 258.0 52.0
141 -1.0 -1.0 5.0 102.0 44.0
142 -1.0 -1.0 15.0 60.0 72.0
143 -1.0 -1.0 13.0 269.0 49.0
144 -1.0 -1.0 8.0 393.0 93.0
145 -1.0 -1.0 10.0 338.0 40.0
146 -1.0 -1.0 4.0 251.0 50.0
147 -1.0 -1.0 16.0 347.0 60.0
148 -1.0 -1.0 8.0 249.0 24.0
149 -1.0 -1.0 8.0 363.0 67.0
150 -1.0 -1.0 15.0 62.0 21.0
151 -1.0 -1.0 16.0 283.0 62.0
152 -1.0 -1.0 20.0 244.0 63.0
153 -1.0 -1.0 15.0 224.0 40.0
154 -1.0 -1.0 13.0 16.0 93.0
155 -1.0 -1.0 7.0 213.0 51.0
156 -1.0 -1.0 13.0 374.0 71.0
157 -1.0 -1.0 9.0 163.0 35.0
158 -1.0 -1.0 10.0 78.0 61.0
159 -1.0 -1.0 6.0 130.0 53.0
160 -1.0 -1.0 11.0 223.0 71.0
161 -1.0 -1.0 4.0 312.0 81.0
162 -1.0 -1.0 11.0 167.0 93.0
163 -1.0 -1.0 11.0 150.0 98.0
164 -1.0 -1.0 17.0 91.0 66.0
165 -1.0 -1.0 17.0 374.0 90.0
166 -1.0 -1.0 12.0 147.0 59.0
167 -1.0 -1.0 17.0 223.0 48.0
168 -1.0 -1.0 14.0 310.0 56.0
169 -1.0 -1.0 12.0 291.0 60.0
170 -1.0 -1.0 20.0 398.0 87.0
171 -1.0 -1.0 17.0 264.0 43.0
172 -1.0 -1.0 16.0 174.0 18.0
173 -1.0 -1.0 8.0 124.0 40.0
174 -1.0 -1.0 8.0 313.0 22.0
175 -1.0 -1.0 12.0 305.0 20.0
176 -1.0 -1.0 12.0 75.0 91.0
177 -1.0 -1.0 12.0 15.0 48.0
178 -1.0 -1.0 12.0 338.0 90.0
179 -1.0 -1.0 20.0 60.0 79.0
180 -1.0 -1.0 14.0 390.0 91.0
181 -1.0 -1.0 15.0 100.0 96.0
182 -1.0 -1.0 15.0 117.0 61.0
183 -1.0 -1.0 19.0 125.0 99.0
184 -1.0 -1.0 13.0 40.0 82.0
185 -1.0 -1.0 16.0 42.0 99.0
186 -1.0 -1.0 20.0 117.0 30.0
187 -1.0 -1.0 12.0 349.0 45.0
188 -1.0 -1.0 19.0 395.0 21.0
189 -1.0 -1.0 15.0 178.0 53.0
190 -1.0 -1.0 4.0 294.0 25.0
191 -1.0 -1.0 4.0 111.0 48.0
192 -1.0 -1.0 15.0 197.0 81.0
193 -1.0 -1.0 8.0 107.0 93.0
194 -1.0 -1.0 9.0 130.0 100.0
195 -1.0 -1.0 14.0 215.0 82.0
196 -1.0 -1.0 14.0 315.0 29.0
197 -1.0 -1.0 20.0 108.0 99.0
198 -1.0 -1.0 12.0 50.0 100.0
199 -1.0 -1.0 15.0 197.0 35.0
200 -1.0 -1.0 4.0 367.0 69.0
201 -1.0 -1.0 19.0 44.0 15.0
202 -1.0 -1.0 20.0 243.0 30.0
203 -1.0 -1.0 16.0 59.0 93.0
204 -1.0 -1.0 11.0 206.0 37.0
205 -1.0 -1.0 20.0 85.0 43.0
206 -1.0 -1.0 5.0 73.0 97.0
207 -1.0 -1.0 10.0 397.0 37.0
208 -1.0 -1.0 9.0 213.0 49.0
209 -1.0 -1.0 4.0 67.0 74.0
210 -1.0 -1.0 18.0 60.0 52.0
211 -1.0 -1.0 8.0 284.0 74.0
212 -1.0 -1.0 15.0 259.0 75.0
213 -1.0 -1.0 4.0 342.0 76.0
214 -1.0 -1.0 4.0 190.0 65.0
215 -1.0 -1.0 16.0 25.0 93.0
216 -1.0 -1.0 14.0 183.0 70.0
217 -1.0 -1.0 7.0 148.0 24.0
218 -1.0 -1.0 5.0 67.0 32.0
219 -1.0 -1.0 14.0 198.0 57.0
220 -1.0 -1.0 8.0 347.0 96.0
221 -1.0 -1.0 12.0 140.0 40.0
222 -1.0 -1.0 15.0 283.0 99.0
223 -1.0 -1.0 13.0 321.0 18.0
224 -1.0 -1.0 8.0 347.0 18.0
225 -1.0 -1.0 9.0 347.0 67.0
226 -1.0 -1.0 11.0 310.0 31.0
227 -1.0 -1.0 15.0 274.0 70.0
228 -1.0 -1.0 20.0 254.0 96.0
229 -1.0 -1.0 10.0 25.0 78.0
230 -1.0 -1.0 19.0 47.0 65.0
231 -1.0 -1.0 10.0 47.0 84.0
232 -1.0 -1.0 18.0 397.0 64.0
233 -1.0 -1.0 15.0 15.0 92.0
234 -1.0 -1.0 6.0 31.0 46.0
235 -1.0 -1.0 5.0 137.0 31.0
236 -1.0 -1.0 7.0 326.0 34.0
237 -1.0 -1.0 20.0 67.0 19.0
238 -1.0 -1.0 14.0 324.0 42.0
239 -1.0 -1.0 14.0 228.0 53.0
240 -1.0 -1.0 20.0 340.0 59.0
241 -1.0 -1.0 14.0 389.0 40.0
242 -1.0 -1.0 20.0 256.0 29.0
243 -1.0 -1.0 8.0 279.0 91.0
244 -1.0 -1.0 20.0 152.0 66.0
245 -1.0 -1.0 20.0 190.0 82.0
246 -1.0 -1.0 12.0 171.0 71.0
247 -1.0 -1.0 7.0 90.0 70.0
248 -1.0 -1.0 10.0 165.0 56.0
249 -1.0 -1.0 11.0 366.0 52.0
250 -1.0 -1.0 4.0 368.0 40.0
251 -1.0 -1.0 12.0 280.0 40.0
252 -1.0 -1.0 16.0 24.0 47.0
253 -1.0 -1.0 6.0 178.0 71.0
254 -1.0 -1.0 10.0 119.0 49.0
255 -1.0 -1.0 7.0 233.0 51.0
256 -1.0 -1.0 7.0 320.0 85.0
257 -1.0 -1.0 12.0 312.0 72.0
258 -1.0 -1.0 19.0 331.0 63.0
259 -1.0 -1.0 5.0 312.0 47.0
260 -1.0 -1.0 17.0 96.0 22.0
261 -1.0 -1.0 11.0 136.0 78.0
262 -1.0 -1.0 4.0 28.0 52.0
263 -1.0 -1.0 16.0 338.0 39.0
264 -1.0 -1.0 13.0 218.0 37.0
265 -1.0 -1.0 11.0 55.0 80.0
266 -1.0 -1.0 19.0 335.0 89.0
267 -1.0 -1.0 20.0 235.0 72.0
268 -1.0 -1.0 11.0 215.0 89.0
269 -1.0 -1.0 11.0 216.0 82.0
270 -1.0 -1.0 18.0 211.0 27.0
271 -1.0 -1.0 5.0 209.0 38.0
272 -1.0 -1.0 20.0 397.0 32.0
273 -1.0 -1.0 12.0 289.0 46.0
274 -1.0 -1.0 7.0 34.0 90.0
275 -1.0 -1.0 8.0 303.0 80.0
276 -1.0 -1.0 15.0 229.0 32.0
277 -1.0 -1.0 4.0 251.0 83.0
278 -1.0 -1.0 7.0 40.0 29.0
279 -1.0 -1.0 9.0 321.0 97.0
280 -1.0 -1.0 9.0 75.0 80.0
281 -1.0 -1.0 6.0 350.0 20.0
282 -1.0 -1.0 17.0 334.0 59.0
283 -1.0 -1.0 19.0 395.0 70.0
284 -1.0 -1.0 9.0 72.0 33.0
285 -1.0 -1.0 8.0 390.0 96.0
286 -1.0 -1.0 20.0 51.0 75.0
287 -1.0 -1.0 15.0 134.0 61.0
288 -1.0 -1.0 8.0 265.0 17.0
289 -1.0 -1.0 20.0 171.0 79.0
290 -1.0 -1.0 16.0 282.0 27.0
291 -1.0 -1.0 19.0 321.0 93.0
292 -1.0 -1.0 13.0 235.0 61.0
293 -1.0 -1.0 8.0 180.0 20.0
294 -1.0 -1.0 15.0 288.0 17.0
295 -1.0 -1.0 9.0 328.0 41.0
296 -1.0 -1.0 6.0 20.0 77.0
297 -1.0 -1.0 18.0 95.0 20.0
298 -1.0 -1.0 5.0 319.0 51.0
299 -1.0 -1.0 7.0 109.0 25.0
300 -1.0 -1.0 15.0 173.0 80.0
301 -1.0 -1.0 16.0 65.0 66.0
302 -1.0 -1.0 15.0 85.0 82.0
303 -1.0 -1.0 17.0 101.0 15.0
304 -1.0 -1.0 4.0 290.0 62.0
305 -1.0 -1.0 17.0 149.0 60.0
306 -1.0 -1.0 20.0 179.0 41.0
307 -1.0 -1.0 10.0 219.0 81.0
308 -1.0 -1.0 20.0 294.0 61.0
309 -1.0 -1.0 6.0 332.0 56.0
310 -1.0 -1.0 15.0 195.0 60.0
311 -1.0 -1.0 14.0 65.0 92.0
312 -1.0 -1.0 10.0 261.0 49.0
313 -1.0 -1.0 7.0 98.0 84.0
314 -1.0 -1.0 7.0 337.0 19.0
315 -1.0 -1.0 6.0 394.0 71.0
316 -1.0 -1.0 19.0 187.0 71.0
317 -1.0 -1.0 15.0 113.0 86.0
318 -1.0 -1.0 6.0 124.0 64.0
319 -1.0 -1.0 20.0 121.0 93.0
320 -1.0 -1.0 6.0 88.0 95.0
321 -1.0 -1.0 16.0 352.0 51.0
322 -1.0 -1.0 12.0 159.0 82.0
323 -1.0 -1.0 4.0 39.0 58.0
324 -1.0 -1.0 10.0 126.0 71.0
325 -1.0 -1.0 9.0 82.0 34.0
326 -1.0 -1.0 10.0 248.0 47.0
327 -1.0 -1.0 19.0 314.0 17.0
328 -1.0 -1.0 10.0 279.0 65.0
329 -1.0 -1.0 15.0 71.0 72.0
330 -1.0 -1.0 10.0 233.0 32.0
331 -1.0 -1.0 16.0 384.0 96.0
332 -1.0 -1.0 4.0 242.0 51.0
333 -1.0 -1.0 20.0 211.0 95.0
334 -1.0 -1.0 20.0 99.0 77.0
335 -1.0 -1.0 14.0 200.0 93.0
336 -1.0 -1.0 17.0 367.0 24.0
337 -1.0 -1.0 15.0 171.0 76.0
338 -1.0 -1.0 15.0 398.0 85.0
339 -1.0 -1.0 6.0 122.0 40.0
340 -1.0 -1.0 5.0 305.0 92.0
341 -1.0 -1.0 9.0 289.0 67.0
342 -1.0 -1.0 4.0 350.0 93.0
343 -1.0 -1.0 5.0 363.0 43.0
344 -1.0 -1.0 11.0 164.0 77.0
345 -1.0 -1.0 19.0 35.0 92.0
346 -1.0 -1.0 17.0 120.0 95.0
347 -1.0 -1.0 12.0 71.0 84.0
348 -1.0 -1.0 7.0 212.0 78.0
349 -1.0 -1.0 6.0 174.0 63.0
350 -1.0 -1.0 13.0 255.0 83.0
351 -1.0 -1.0 6.0 59.0 46.0
352 -1.0 -1.0 8.0 160.0 74.0
353 -1.0 -1.0 8.0 156.0 74.0
354 -1.0 -1.0 14.0 252.0 90.0
355 -1.0 -1.0 9.0 251.0 100.0
356 -1.0 -1.0 5.0 133.0 83.0
357 -1.0 -1.0 9.0 140.0 48.0
358 -1.0 -1.0 16.0 97.0 38.0
359 -1.0 -1.0 20.0 157.0 65.0
360 -1.0 -1.0 4.0 211.0 37.0
361 -1.0 -1.0 15.0 386.0 38.0
362 -1.0 -1.0 19.0 164.0 89.0
363 -1.0 -1.0 5.0 274.0 97.0
364 -1.0 -1.0 12.0 305.0 68.0
365 -1.0 -1.0 18.0 153.0 98.0
366 -1.0 -1.0 13.0 121.0 20.0
367 -1.0 -1.0 16.0 356.0 26.0
368 -1.0 -1.0 9.0 242.0 52.0
369 -1.0 -1.0 13.0 203.0 27.0
370 -1.0 -1.0 12.0 379.0 52.0
371 -1.0 -1.0 7.0 301.0 28.0
372 -1.0 -1.0 6.0 141.0 56.0
373 -1.0 -1.0 18.0 238.0 20.0
374 -1.0 -1.0 8.0 352.0 93.0
375 -1.0 -1.0 15.0 74.0 35.0
376 -1.0 -1.0 9.0 357.0 39.0
377 -1.0 -1.0 12.0 275.0 96.0
378 -1.0 -1.0 13.0 72.0 22.0
379 -1.0 -1.0 10.0 129.0 64.0
380 -1.0 -1.0 11.0 19.0 71.0
381 -1.0 -1.0 17.0 28.0 67.0
382 -1.0 -1.0 8.0 93.0 46.0
383 -1.0 -1.0 12.0 392.0 94.0
384 -1.0 -1.0 4.0 361.0 58.0
385 -1.0 -1.0 16.0 62.0 65.0
386 -1.0 -1.0 19.0 179.0 40.0
387 -1.0 -1.0 10.0 120.0 36.0
388 -1.0 -1.0 4.0 397.0 58.0
389 -1.0 -1.0 16.0 351.0 76.0
390 -1.0 -1.0 18.0 20.0 30.0
391 -1.0 -1.0 20.0 25.0 74.0
392 -1.0 -1.0 5.0 76.0 86.0
393 -1.0 -1.0 19.0 201.0 72.0
394 -1.0 -1.0 6.0 318.0 15.0
395 -1.0 -1.0 16.0 151.0 42.0
396 -1.0 -1.0 18.0 139.0 20.0
397 -1.0 -1.0 8.0 86.0 25.0
398 -1.0 -1.0 7.0 116.0 20.0
399 -1.0 -1.0 5.0 74.0 23.0
400 -1.0 -1.0 14.0 141.0 83.0
401 -1.0 -1.0 13.0 35.0 59.0
402 -1.0 -1.0 4.0 261.0 59.0
403 -1.0 -1.0 13.0 297.0 83.0
404 -1.0 -1.0 16.0 246.0 62.0
405 -1.0 -1.0 19.0 226.0 20.0
406 -1.0 -1.0 19.0 26.0 24.0
407 -1.0 -1.0 11.0 136.0 56.0
408 -1.0 -1.0 13.0 191.0 91.0
409 -1.0 -1.0 4.0 160.0 18.0
410 -1.0 -1.0 11.0 173.0 22.0
411 -1.0 -1.0 8.0 278.0 100.0
412 -1.0 -1.0 12.0 308.0 46.0
413 -1.0 -1.0 8.0 377.0 67.0
414 -1.0 -1.0 10.0 114.0 36.0
415 -1.0 -1.0 9.0 267.0 70.0
416 -1.0 -1.0 12.0 261.0 77.0
417 -1.0 -1.0 13.0 169.0 24.0
418 -1.0 -1.0 9.0 281.0 99.0
419 -1.0 -1.0 9.0 385.0 20.0
420 -1.0 -1.0 6.0 74.0 70.0
421 -1.0 -1.0 5.0 280.0 64.0
422 -1.0 -1.0 14.0 284.0 50.0
423 -1.0 -1.0 10.0 271.0 100.0
424 -1.0 -1.0 7.0 349.0 20.0
425 -1.0 -1.0 8.0 342.0 51.0
426 -1.0 -1.0 13.0 192.0 93.0
427 -1.0 -1.0 11.0 225.0 98.0
428 -1.0 -1.0 18.0 293.0 75.0
429 -1.0 -1.0 16.0 187.0 22.0
430 -1.0 -1.0 7.0 182.0 51.0
431 -1.0 -1.0 10.0 144.0 96.0
432 -1.0 -1.0 19.0 372.0 90.0
433 -1.0 -1.0 10.0 50.0 20.0
434 -1.0 -1.0 4.0 356.0 22.0
435 -1.0 -1.0 12.0 244.0 96.0
436 -1.0 -1.0 18.0 330.0 64.0
437 -1.0 -1.0 18.0 143.0 33.0
438 -1.0 -1.0 10.0 360.0 58.0
439 -1.0 -1.0 17.0 139.0 60.0
440 -1.0 -1.0 6.0 333.0 76.0
441 -1.0 -1.0 12.0 180.0 60.0
442 -1.0 -1.0 9.0 43.0 91.0
443 -1.0 -1.0 18.0 110.0 55.0
444 -1.0 -1.0 14.0 153.0 91.0
445 -1.0 -1.0 9.0 291.0 58.0
446 -1.0 -1.0 18.0 396.0 94.0
447 -1.0 -1.0 20.0 399.0 66.0
448 -1.0 -1.0 5.0 109.0 72.0
449 -1.0 -1.0 15.0 310.0 51.0
450 -1.0 -1.0 13.0 334.0 87.0
451 -1.0 -1.0 6.0 180.0 66.0
452 -1.0 -1.0 20.0 268.0 32.0
453 -1.0 -1.0 17.0 347.0 50.0
454 -1.0 -1.0 6.0 310.0 76.0
455 -1.0 -1.0 11.0 369.0 89.0
456 -1.0 -1.0 6.0 33.0 99.0
457 -1.0 -1.0 16.0 29.0 78.0
458 -1.0 -1.0 4.0 41.0 51.0
459 -1.0 -1.0 5.0 65.0 85.0
460 -1.0 -1.0 15.0 200.0 32.0
461 -1.0 -1.0 5.0 312.0 52.0
462 -1.0 -1.0 17.0 165.0 99.0
463 -1.0 -1.0 4.0 268.0 89.0
464 -1.0 -1.0 14.0 26.0 62.0
465 -1.0 -1.0 11.0 71.0 60.0
466 -1.0 -1.0 6.0 347.0 75.0
467 -1.0 -1.0 20.0 283.0 70.0
468 -1.0 -1.0 5.0 204.0 54.0
469 -1.0 -1.0 4.0 392.0 25.0
470 -1.0 -1.0 5.0 123.0 82.0
471 -1.0 -1.0 11.0 379.0 81.0
472 -1.0 -1.0 7.0 296.0 33.0
473 -1.0 -1.0 8.0 35.0 61.0
474 -1.0 -1.0 15.0 282.0 31.0
475 -1.0 -1.0 19.0 47.0 82.0
476 -1.0 -1.0 10.0 314.0 91.0
477 -1.0 -1.0 4.0 29.0 28.0
478 -1.0 -1.0 11.0 19.0 42.0
479 -1.0 -1.0 14.0 169.0 21.0
480 -1.0 -1.0 7.0 252.0 36.0
481 -1.0 -1.0 13.0 244.0 70.0
482 -1.0 -1.0 14.0 252.0 77.0
483 -1.0 -1.0 16.0 27.0 52.0
484 -1.0 -1.0 17.0 328.0 22.0
485 -1.0 -1.0 19.0 107.0 15.0
486 -1.0 -1.0 10.0 96.0 28.0
487 -1.0 -1.0 18.0 70.0 68.0
488 -1.0 -1.0 6.0 241.0 90.0
489 -1.0 -1.0 14.0 40.0 73.0
490 -1.0 -1.0 5.0 215.0 37.0
491 -1.0 -1.0 15.0 192.0 90.0
492 -1.0 -1.0 13.0 22.0 65.0
493 -1.0 -1.0 11.0 42.0 59.0
494 -1.0 -1.0 14.0 329.0 78.0
495 -1.0 -1.0 17.0 182.0 17.0
496 -1.0 -1.0 6.0 188.0 40.0
497 -1.0 -1.0 9.0 244.0 91.0
498 -1.0 -1.0 18.0 376.0 40.0
499 -1.0 -1.0 10.0 320.0 39.0
500 -1.0 -1.0 12.0 266.0 43.0
501 -1.0 -1.0 17.0 194.0 36.0
502 -1.0 -1.0 9.0 140.0 18.0
503 -1.0 -1.0 18.0 371.0 30.0
504 -1.0 -1.0 7.0 339.0 47.0
505 -1.0 -1.0 19.0 197.0 26.0
506 -1.0 -1.0 6.0 106.0 59.0
507 -1.0 -1.0 7.0 310.0 75.0
508 -1.0 -1.0 16.0 209.0 63.0
509 -1.0 -1.0 13.0 292.0 91.0
510 -1.0 -1.0 4.0 303.0 75.0
511 -1.0 -1.0 9.0 208.0 87.0
512 -1.0 -1.0 5.0 349.0 26.0
513 -1.0 -1.0 6.0 172.0 98.0
514 -1.0 -1.0 19.0 231.0 78.0
515 -1.0 -1.0 8.0 341.0 69.0
516 -1.0 -1.0 20.0 364.0 58.0
517 -1.0 -1.0 7.0 229.0 24.0
518 -1.0 -1.0 4.0 191.0 65.0
519 -1.0 -1.0 17.0 130.0 95.0
520 -1.0 -1.0 20.0 223.0 88.0
521 -1.0 -1.0 19.0 355.0 28.0
522 -1.0 -1.0 14.0 192.0 84.0
523 -1.0 -1.0 18.0 269.0 47.0
524 -1.0 -1.0 16.0 260.0 40.0
525 -1.0 -1.0 8.0 341.0 52.0
526 -1.0 -1.0 14.0 53.0 23.0
527 -1.0 -1.0 16.0 331.0 53.0
528 -1.0 -1.0 9.0 143.0 26.0
529 -1.0 -1.0 12.0 294.0 61.0
530 -1.0 -1.0 5.0 101.0 56.0
531 -1.0 -1.0 4.0 374.0 80.0
532 -1.0 -1.0 14.0 168.0 24.0
533 -1.0 -1.0 16.0 76.0 83.0
534 -1.0 -1.0 20.0 167.0 72.0
535 -1.0 -1.0 6.0 359.0 20.0
536 -1.0 -1.0 9.0 310.0 51.0
537 -1.0 -1.0 7.0 61.0 92.0
538 -1.0 -1.0 7.0 236.0 24.0
539 -1.0 -1.0 16.0 370.0 31.0
540 -1.0 -1.0 20.0 307.0 94.0
541 -1.0 -1.0 15.0 18.0 64.0
542 -1.0 -1.0 9.0 51.0 71.0
543 -1.0 -1.0 9.0 280.0 54.0
544 -1.0 -1.0 20.0 340.0 45.0
545 -1.0 -1.0 12.0 198.0 56.0
546 -1.0 -1.0 15.0 35.0 17.0
547 -1.0 -1.0 9.0 200.0 33.0
548 -1.0 -1.0 14.0 72.0 41.0
549 -1.0 -1.0 19.0 21.0 94.0
550 -1.0 -1.0 19.0 341.0 54.0
551 -1.0 -1.0 4.0 29.0 38.0
552 -1.0 -1.0 8.0 311.0 71.0
553 -1.0 -1.0 9.0 356.0 100.0
554 -1.0 -1.0 11.0 46.0 46.0
555 -1.0 -1.0 15.0 377.0 95.0
556 -1.0 -1.0 14.0 343.0 81.0
557 -1.0 -1.0 10.0 98.0 89.0
558 -1.0 -1.0 4.0 284.0 96.0
559 -1.0 -1.0 19.0 282.0 62.0
560 -1.0 -1.0 13.0 158.0 73.0
561 -1.0 -1.0 6.0 253.0 31.0
562 -1.0 -1.0 10.0 132.0 33.0
563 -1.0 -1.0 8.0 202.0 44.0
564 -1.0 -1.0 19.0 400.0 98.0
565 -1.0 -1.0 14.0 195.0 64.0
566 -1.0 -1.0 16.0 176.0 16.0
567 -1.0 -1.0 7.0 19.0 63.0
568 -1.0 -1.0 12.0 210.0 51.0
569 -1.0 -1.0 12.0 149.0 88.0
570 -1.0 -1.0 18.0 145.0 72.0
571 -1.0 -1.0 16.0 274.0 69.0
572 -1.0 -1.0 6.0 183.0 22.0
573 -1.0 -1.0 15.0 61.0 42.0
574 -1.0 -1.0 8.0 361.0 34.0
575 -1.0 -1.0 9.0 375.0 68.0
576 -1.0 -1.0 16.0 48.0 35.0
577 -1.0 -1.0 11.0 324.0 55.0
578 -1.0 -1.0 8.0 33.0 34.0
579 -1.0 -1.0 9.0 82.0 86.0
580 -1.0 -1.0 9.0 278.0 72.0
581 -1.0 -1.0 17.0 294.0 67.0
582 -1.0 -1.0 8.0 382.0 95.0
583 -1.0 -1.0 4.0 64.0 38.0
584 -1.0 -1.0 16.0 192.0 50.0
585 -1.0 -1.0 7.0 108.0 53.0
586 -1.0 -1.0 12.0 205.0 38.0
587 -1.0 -1.0 20.0 227.0 15.0
588 -1.0 -1.0 20.0 354.0 74.0
589 -1.0 -1.0 13.0 174.0 90.0
590 -1.0 -1.0 18.0 242.0 57.0
591 -1.0 -1.0 4.0 369.0 77.0
592 -1.0 -1.0 9.0 259.0 98.0
593 -1.0 -1.0 14.0 298.0 17.0
594 -1.0 -1.0 9.0 349.0 48.0
595 -1.0 -1.0 16.0 284.0 37.0
596 -1.0 -1.0 16.0 263.0 56.0
597 -1.0 -1.0 11.0 186.0 17.0
598 -1.0 -1.0 5.0 21.0 94.0
599 -1.0 -1.0 7.0 30.0 23.0
600 -1.0 -1.0 15.0 259.0 96.0
601 -1.0 -1.0 5.0 33.0 86.0
602 -1.0 -1.0 16.0 334.0 35.0
603 -1.0 -1.0 14.0 134.0 94.0
604 -1.0 -1.0 11.0 194.0 63.0
605 -1.0 -1.0 17.0 138.0 32.0
606 -1.0 -1.0 16.0 74.0 78.0
607 -1.0 -1.0 15.0 298.0 47.0
608 -1.0 -1.0 17.0 107.0 21.0
609 -1.0 -1.0 7.0 221.0 74.0
610 -1.0 -1.0 12.0 36.0 71.0
611 -1.0 -1.0 18.0 138.0 27.0
612 -1.0 -1.0 19.0 121.0 22.0
613 -1.0 -1.0 20.0 218.0 88.0
614 -1.0 -1.0 17.0 359.0 73.0
615 -1.0 -1.0 10.0 104.0 57.0
616 -1.0 -1.0 15.0 193.0 100.0
617 -1.0 -1.0 14.0 385.0 81.0
618 -1.0 -1.0 19.0 378.0 27.0
619 -1.0 -1.0 11.0 160.0 33.0
620 -1.0 -1.0 7.0 172.0 99.0
621 -1.0 -1.0 16.0 121.0 57.0
622 -1.0 -1.0 16.0 148.0 67.0
623 -1.0 -1.0 11.0 334.0 28.0
624 -1.0 -1.0 12.0 120.0 58.0
625 -1.0 -1.0 14.0 20.0 54.0
626 -1.0 -1.0 18.0 105.0 24.0
627 -1.0 -1.0 14.0 126.0 66.0
628 -1.0 -1.0 17.0 190.0 91.0
629 -1.0 -1.0 4.0 334.0 15.0
630 -1.0 -1.0 16.0 167.0 48.0
631 -1.0 -1.0 15.0 311.0 63.0
632 -1.0 -1.0 13.0 217.0 46.0
633 -1.0 -1.0 19.0 220.0 82.0
634 -1.0 -1.0 6.0 204.0 64.0
635 -1.0 -1.0 19.0 385.0 55.0
636 -1.0 -1.0 8.0 184.0 59.0
637 -1.0 -1.0 9.0 400.0 96.0
638 -1.0 -1.0 15.0 25.0 53.0
639 -1.0 -1.0 7.0 281.0 68.0
640 -1.0 -1.0 17.0 328.0 57.0
641 -1.0 -1.0 14.0 48.0 77.0
642 -1.0 -1.0 4.0 163.0 47.0
643 -1.0 -1.0 16.0 317.0 70.0
644 -1.0 -1.0 10.0 189.0 70.0
645 -1.0 -1.0 10.0 344.0 17.0
646 -1.0 -1.0 8.0 95.0 43.0
647 -1.0 -1.0 7.0 71.0 57.0
648 -1.0 -1.0 19.0 100.0 98.0
649 -1.0 -1.0 5.0 319.0 27.0
650 -1.0 -1.0 11.0 366.0 53.0
651 -1.0 -1.0 16.0 144.0 32.0
652 -1.0 -1.0 8.0 92.0 33.0
653 -1.0 -1.0 6.0 374.0 72.0
654 -1.0 -1.0 19.0 391.0 67.0
655 -1.0 -1.0 11.0 334.0 93.0
656 -1.0 -1.0 15.0 223.0 98.0
657 -1.0 -1.0 10.0 122.0 25.0
658 -1.0 -1.0 12.0 377.0 25.0
659 -1.0 -1.0 18.0 44.0 65.0
660 -1.0 -1.0 4.0 126.0 67.0
661 -1.0 -1.0 16.0 244.0 91.0
662 -1.0 -1.0 11.0 374.0 94.0
663 -1.0 -1.0 16.0 34.0 93.0
664 -1.0 -1.0 15.0 153.0 15.0
665 -1.0 -1.0 14.0 354.0 81.0
666 -1.0 -1.0 12.0 365.0 87.0
667 -1.0 -1.0 4.0 181.0 94.0
668 -1.0 -1.0 20.0 58.0 100.0
669 -1.0 -1.0 19.0 298.0 59.0
670 -1.0 -1.0 10.0 300.0 83.0
671 -1.0 -1.0 16.0 298.0 34.0
672 -1.0 -1.0 12.0 113.0 81.0
673 -1.0 -1.0 18.0 105.0 18.0
674 -1.0 -1.0 8.0 284.0 80.0
675 -1.0 -1.0 4.0 108.0 43.0
676 -1.0 -1.0 12.0 393.0 100.0
677 -1.0 -1.0 11.0 233.0 18.0
678 -1.0 -1.0 12.0 41.0 90.0
679 -1.0 -1.0 14.0 70.0 23.0
680 -1.0 -1.0 4.0 68.0 73.0
681 -1.0 -1.0 11.0 175.0 82.0
682 -1.0 -1.0 18.0 391.0 26.0
683 -1.0 -1.0 17.0 129.0 94.0
684 -1.0 -1.0 4.0 149.0 78.0
685 -1.0 -1.0 10.0 205.0 24.0
686 -1.0 -1.0 11.0 58.0 40.0
687 -1.0 -1.0 10.0 84.0 15.0
688 -1.0 -1.0 4.0 314.0 71.0
689 -1.0 -1.0 13.0 216.0 24.0
690 -1.0 -1.0 14.0 249.0 90.0
691 -1.0 -1.0 6.0 277.0 90.0
692 -1.0 -1.0 10.0 182.0 22.0
693 -1.0 -1.0 16.0 24.0 61.0
694 -1.0 -1.0 15.0 194.0 44.0
695 -1.0 -1.0 14.0 347.0 63.0
696 -1.0 -1.0 10.0 113.0 40.0
697 -1.0 -1.0 19.0 172.0 77.0
698 -1.0 -1.0 13.0 176.0 63.0
699 -1.0 -1.0 17.0 54.0 23.0
700 -1.0 -1.0 14.0 369.0 49.0
701 -1.0 -1.0 11.0 294.0 61.0
702 -1.0 -1.0 10.0 386.0 40.0
703 -1.0 -1.0 12.0 21.0 50.0
704 -1.0 -1.0 18.0 39.0 99.0
705 -1.0 -1.0 18.0 18.0 95.0
706 -1.0 -1.0 12.0 326.0 100.0
707 -1.0 -1.0 20.0 207.0 53.0
708 -1.0 -1.0 12.0 341.0 49.0
709 -1.0 -1.0 15.0 358.0 15.0
710 -1.0 -1.0 12.0 385.0 32.0
711 -1.0 -1.0 18.0 80.0 67.0
712 -1.0 -1.0 10.0 100.0 81.0
713 -1.0 -1.0 19.0 267.0 60.0
714 -1.0 -1.0 14.0 163.0 96.0
715 -1.0 -1.0 13.0 209.0 80.0
716 -1.0 -1.0 5.0 311.0 63.0
717 -1.0 -1.0 20.0 290.0 53.0
718 -1.0 -1.0 14.0 263.0 88.0
719 -1.0 -1.0 8.0 392.0 88.0
720 -1.0 -1.0 10.0 237.0 97.0
721 -1.0 -1.0 19.0 98.0 54.0
722 -1.0 -1.0 20.0 81.0 85.0
723 -1.0 -1.0 18.0 107.0 43.0
724 -1.0 -1.0 15.0 255.0 84.0
725 -1.0 -1.0 19.0 133.0 45.0
947
0 23 5
1 25 5
1 2 6
2 26 10
2 3 7
3 27 9
3 4 11
4 28 5
5 30 8
5 6 11
6 7 7
7 31 7
7 8 12
9 32 10
10 34 10
10 11 10
11 35 5
12 36 7
12 13 8
13 37 7
13 14 11
15 39 5
16 41 12
17 43 9
17 18 11
19 20 7
20 21 10
21 44 12
21 22 8
22 45 12
22 23 5
23 24 5
24 25 7
25 26 7
26 27 6
27 46 7
27 28 9
28 47 9
28 29 12
29 48 10
29 30 10
30 49 5
32 52 6
32 33 6
33 53 8
33 34 12
34 54 12
34 35 7
35 55 9
36 57 7
36 37 7
38 39 11
39 40 9
40 59 7
41 62 7
41 42 6
42 43 9
43 63 5
44 65 7
44 45 9
45 66 12
46 47 12
47 69 9
47 48 10
48 49 5
49 70 5
49 50 10
50 71 8
51 73 9
52 74 6
52 53 9
53 75 10
53 54 6
54 76 10
54 55 10
55 77 10
55 56 6
56 78 8
56 57 7
58 80 12
59 60 10
60 61 10
61 62 10
63 83 11
63 64 9
64 84 5
65 66 12
66 87 9
67 89 11
68 91 11
69 93 9
70 95 12
70 71 8
71 96 12
71 72 5
72 73 5
73 97 11
74 99 12
74 75 5
75 76 11
76 100 7
76 77 9
77 101 9
77 78 12
79 103 12
79 80 12
80 104 12
80 81 11
81 105 9
82 108 7
82 83 12
83 109 7
83 84 7
84 110 12
85 86 12
86 111 8
87 113 7
87 88 8
88 89 6
89 114 7
89 90 10
90 91 9
91 115 9
91 92 7
92 116 12
92 93 10
93 117 8
93 94 10
94 118 6
94 95 9
95 119 11
95 96 10
96 120 7
97 98 5
98 122 9
98 99 10
100 124 12
100 101 12
102 103 10
103 126 6
103 104 6
104 127 8
104 105 12
105 128 9
106 129 7
107 131 12
107 108 10
108 132 8
108 109 11
109 110 8
111 133 7
111 112 5
112 134 8
112 113 9
114 136 12
115 116 11
116 117 7
117 137 7
117 118 5
118 138 6
118 119 9
119 139 8
119 120 7
120 140 6
120 121 11
121 141 5
122 142 7
123 144 11
123 124 8
125 145 9
126 146 8
126 127 9
127 128 5
128 147 5
129 149 7
129 130 7
131 151 5
131 132 10
133 134 9
135 154 8
135 136 6
136 155 5
137 158 5
137 138 5
138 159 6
138 139 12
139 160 11
139 140 7
140 161 7
140 141 6
141 162 12
142 164 8
142 143 12
143 165 12
143 144 8
144 166 8
145 168 6
147 170 9
147 148 5
148 149 12
149 171 5
150 173 8
150 151 6
151 174 5
152 176 9
153 154 9
154 155 12
155 156 6
156 180 6
156 157 6
158 181 11
158 159 5
159 160 5
160 161 6
161 182 11
161 162 6
162 163 12
163 183 8
163 164 10
164 165 5
165 166 12
166 184 12
167 186 12
167 168 8
168 187 7
168 169 5
169 188 7
171 191 8
171 172 7
172 192 8
172 173 5
173 193 5
173 174 7
174 194 10
174 175 11
175 176 8
176 195 6
176 177 5
177 196 9
178 197 9
178 179 8
179 198 10
181 204 5
183 207 7
184 210 5
184 185 6
185 211 6
185 186 11
186 187 5
187 212 5
187 188 12
188 189 10
190 191 6
191 214 8
191 192 7
192 215 12
192 193 6
193 194 7
194 216 12
195 218 5
195 196 10
196 219 6
197 221 7
197 198 9
198 222 12
198 199 9
199 223 11
199 200 12
200 224 11
200 201 9
202 225 11
202 203 9
203 204 6
205 226 9
206 207 8
207 227 5
207 208 7
208 228 6
208 209 11
209 229 11
209 210 9
210 211 10
212 230 6
213 233 7
214 235 7
214 215 10
215 236 10
216 238 5
216 217 9
217 218 10
218 219 10
219 239 5
220 221 7
221 240 8
221 222 7
222 241 10
222 223 8
223 224 6
225 243 8
226 247 6
227 249 5
227 228 12
228 250 11
228 229 11
229 251 8
230 231 8
231 232 7
232 253 12
233 234 9
234 235 11
235 255 7
235 236 9
236 237 6
237 238 10
239 258 11
240 260 12
240 241 11
241 261 11
242 264 7
242 243 7
243 265 9
243 244 7
244 245 5
245 246 8
246 266 10
246 247 11
247 248 10
248 267 5
249 250 10
250 251 7
251 268 10
251 252 7
252 269 6
253 254 9
254 274 8
255 277 6
256 257 8
257 281 12
257 258 9
259 282 7
259 260 7
260 261 11
261 283 8
261 262 11
262 284 10
262 263 7
263 285 5
264 265 5
265 286 10
266 289 8
267 290 8
268 293 6
268 269 9
269 294 10
269 270 10
270 295 9
270 271 11
271 272 8
272 296 6
272 273 5
273 297 6
274 275 9
275 276 12
276 298 11
276 277 7
277 299 10
277 278 7
278 300 6
278 279 11
279 301 9
279 280 7
281 302 9
282 303 6
283 284 9
284 304 12
284 285 7
286 287 6
287 288 7
288 289 10
290 308 11
290 291 7
291 309 9
291 292 9
292 310 8
293 294 7
294 295 10
295 311 9
296 297 7
298 316 8
298 299 8
299 317 9
299 300 12
300 301 6
301 318 11
302 320 10
303 321 7
304 323 12
305 325 11
305 306 9
306 326 10
307 308 7
308 309 6
309 310 8
310 330 8
311 332 11
311 312 5
312 333 6
313 336 9
313 314 5
314 315 6
315 316 5
316 337 7
316 317 10
318 339 5
319 320 7
322 342 9
322 323 6
323 343 12
323 324 10
324 344 8
324 325 12
325 345 7
325 326 8
326 346 8
326 327 9
327 347 6
327 328 6
328 348 6
328 329 5
329 349 11
330 331 7
332 351 7
332 333 6
333 352 11
333 334 8
334 335 8
335 336 8
336 353 11
338 356 8
338 339 9
339 357 6
339 340 11
341 360 5
342 343 12
343 363 10
343 344 5
344 345 10
345 346 10
346 364 7
346 347 11
347 348 8
348 365 11
348 349 10
349 366 8
350 371 5
351 373 6
351 352 12
352 374 10
353 377 9
354 379 11
355 380 12
355 356 5
356 381 11
356 357 9
357 382 9
358 384 11
358 359 5
359 360 7
360 385 7
361 386 6
361 362 6
363 388 5
364 391 8
365 366 12
366 393 6
367 395 11
367 368 8
368 369 9
369 396 5
370 371 10
371 397 11
371 372 9
372 398 11
372 373 10
373 399 6
373 374 12
374 375 6
375 376 6
376 400 11
376 377 6
377 401 10
377 378 9
378 402 11
378 379 6
379 403 8
380 405 11
380 381 9
381 406 8
381 382 10
382 383 10
383 407 6
383 384 11
384 408 12
386 410 11
387 412 10
387 388 12
388 389 9
389 413 6
389 390 11
390 414 5
390 391 8
391 415 7
391 392 12
392 416 12
393 394 7
394 418 10
394 395 11
395 419 6
396 421 11
397 398 10
398 423 10
398 399 6
399 424 11
400 425 6
400 401 6
401 402 10
402 403 10
403 426 5
403 404 12
404 427 8
404 405 6
405 428 8
405 406 5
406 429 6
407 430 11
407 408 5
408 409 7
409 431 7
410 433 11
410 411 7
411 412 5
412 434 9
413 435 12
413 414 6
414 436 6
414 415 12
415 437 12
415 416 5
416 438 10
416 417 9
417 439 10
418 440 11
418 419 10
419 441 5
419 420 10
420 421 10
422 443 5
423 444 7
423 424 10
424 445 10
426 450 11
426 427 11
427 451 12
427 428 8
428 452 7
428 429 6
429 453 6
431 432 12
433 455 7
434 457 9
435 436 11
436 458 8
436 437 5
437 438 8
438 459 11
438 439 5
440 441 10
442 443 9
443 462 5
444 445 5
445 446 8
446 447 6
447 463 10
448 464 11
448 449 8
449 465 10
449 450 5
450 466 7
450 451 5
451 452 5
452 467 11
452 453 9
453 468 6
453 454 6
454 469 10
455 473 10
455 456 10
456 457 10
457 474 9
460 479 11
461 481 12
462 483 6
464 487 11
464 465 8
465 466 10
466 488 12
467 490 5
467 468 5
468 469 7
469 470 10
470 491 9
470 471 8
471 492 9
472 494 6
474 496 12
474 475 7
475 476 8
477 498 10
478 499 10
478 479 5
479 500 6
480 502 9
480 481 6
482 504 5
482 483 5
483 505 12
484 508 10
484 485 6
485 509 10
486 511 6
486 487 7
487 512 6
488 514 10
488 489 6
489 515 5
489 490 10
491 517 7
491 492 12
492 518 8
492 493 9
493 494 5
494 519 8
495 520 7
495 496 10
496 521 7
497 498 10
498 524 12
499 525 11
499 500 8
500 526 6
500 501 10
501 527 7
501 502 6
502 528 12
503 530 5
503 504 8
504 505 10
505 506 6
506 507 11
507 508 7
508 509 10
509 510 9
510 531 12
510 511 5
511 532 12
511 512 8
512 513 12
513 533 8
513 514 12
514 515 8
515 534 12
516 536 12
517 518 6
519 538 10
520 540 6
520 521 11
521 522 8
522 541 8
522 523 12
524 542 5
525 526 11
526 544 12
526 527 8
527 528 12
528 545 6
528 529 8
529 546 7
529 530 5
530 547 10
531 551 10
531 532 12
532 552 8
534 555 6
534 535 8
535 556 7
535 536 7
536 557 10
536 537 9
539 560 5
539 540 12
540 561 7
541 563 5
542 565 9
542 543 11
543 566 9
544 567 5
545 568 12
545 546 9
546 569 9
546 547 11
547 570 8
547 548 8
548 571 11
548 549 8
549 572 5
550 575 6
550 551 10
551 576 6
551 552 6
552 577 10
552 553 10
553 578 12
554 555 5
555 580 6
555 556 10
556 557 10
558 582 6
558 559 6
559 583 12
560 584 8
560 561 6
561 585 7
561 562 12
562 586 9
562 563 8
563 587 6
564 589 10
564 565 10
565 590 6
565 566 6
567 591 5
568 593 10
568 569 11
569 594 9
569 570 10
570 595 5
570 571 5
571 596 6
571 572 10
573 574 9
574 598 12
574 575 12
575 576 8
576 599 7
576 577 6
577 600 9
577 578 6
578 601 5
578 579 6
580 603 7
581 606 8
581 582 7
582 607 12
582 583 9
583 608 10
584 609 10
584 585 9
585 586 12
586 610 10
586 587 11
587 611 12
587 588 7
588 612 6
588 589 5
589 613 8
589 590 10
590 614 5
591 617 12
591 592 9
592 618 6
592 593 5
593 619 9
593 594 12
594 620 5
594 595 11
595 621 12
595 596 12
596 622 5
597 624 12
598 625 8
599 600 7
600 601 12
601 627 7
602 628 11
602 603 7
604 630 11
604 605 11
605 631 9
605 606 6
606 607 6
607 608 10
608 632 6
609 634 5
610 611 5
611 612 11
612 636 12
612 613 8
613 637 8
613 614 7
614 638 8
614 615 10
615 639 11
615 616 6
616 640 10
616 617 12
617 641 7
617 618 9
618 642 9
618 619 7
619 643 7
619 620 7
620 644 11
620 621 5
621 622 8
622 623 11
623 624 10
624 645 5
625 647 10
625 626 6
626 648 7
627 651 5
629 630 10
630 654 6
630 631 5
631 655 5
632 633 6
633 656 10
634 657 11
634 635 11
636 659 9
636 637 7
637 638 7
638 660 7
638 639 11
639 661 8
639 640 11
640 662 11
640 641 12
641 642 7
642 663 12
642 643 6
643 664 10
643 644 8
645 667 11
645 646 9
646 668 5
646 647 7
647 648 8
648 669 7
648 649 9
649 650 12
650 670 9
650 651 9
651 652 8
652 671 7
653 672 7
654 674 8
654 655 6
657 678 6
658 680 11
660 682 7
660 661 10
661 683 7
661 662 10
663 685 8
663 664 8
665 686 5
666 688 5
666 667 12
667 689 10
667 668 7
668 690 8
669 692 12
671 694 9
672 696 8
672 673 9
673 697 10
673 674 12
674 698 10
675 700 7
675 676 7
676 701 10
676 677 8
677 702 6
678 703 9
678 679 7
679 704 7
679 680 6
680 681 5
681 705 11
682 708 5
682 683 10
683 709 11
684 711 5
684 685 9
686 713 11
686 687 10
687 714 5
687 688 7
688 715 8
688 689 5
689 716 12
689 690 7
690 717 11
690 691 6
691 692 6
692 693 8
693 718 7
694 695 5
695 696 10
696 721 11
696 697 5
697 722 6
697 698 11
698 723 12
698 699 10
699 700 7
700 701 7
701 702 8
702 724 5
703 704 9
705 706 5
706 707 6
707 708 6
708 709 10
709 710 12
710 711 6
712 713 7
713 714 12
714 715 5
715 716 5
716 717 10
718 719 5
719 720 8
721 722 12
722 723 8
724 725 9
10 0.05 0.05 0.05
