726
0 -1.0 -1.0 17.0 156.0 65.0
1 -1.0 -1.0 13.0 303.0 44.0
2 -1.0 -1.0 8.0 133.0 92.0
3 -1.0 -1.0 13.0 179.0 79.0
4 -1.0 -1.0 16.0 232.0 53.0
5 -1.0 -1.0 9.0 183.0 73.0
6 -1.0 -1.0 17.0 194.0 100.0
7 -1.0 -1.0 19.0 398.0 71.0
8 -1.0 -1.0 12.0 232.0 37.0
9 -1.0 -1.0 8.0 118.0 31.0
10 -1.0 -1.0 6.0 157.0 51.0
11 -1.0 -1.0 10.0 95.0 61.0
12 -1.0 -1.0 11.0 157.0 59.0
13 -1.0 -1.0 6.0 83.0 60.0
14 -1.0 -1.0 15.0 31.0 37.0
15 -1.0 -1.0 9.0 281.0 38.0
16 -1.0 -1.0 18.0 28.0 33.0
17 -1.0 -1.0 13.0 203.0 23.0
18 -1.0 -1.0 13.0 282.0 69.0
19 -1.0 -1.0 18.0 90.0 100.0
20 -1.0 -1.0 20.0 92.0 32.0
21 -1.0 -1.0 10.0 164.0 39.0
22 -1.0 -1.0 4.0 131.0 62.0
23 -1.0 -1.0 15.0 98.0 27.0
24 -1.0 -1.0 9.0 320.0 45.0
25 -1.0 -1.0 15.0 65.0 63.0
26 -1.0 -1.0 18.0 312.0 29.0
27 -1.0 -1.0 14.0 100.0 67.0
28 -1.0 -1.0 19.0 350.0 54.0
29 -1.0 -1.0 5.0 245.0 90.0
30 -1.0 -1.0 6.0 282.0 20.0
31 -1.0 -1.0 11.0 356.0 92.0
32 -1.0 -1.0 14.0 369.0 93.0
33 -1.0 -1.0 8.0 320.0 62.0
34 -1.0 -1.0 6.0 215.0 54.0
35 -1.0 -1.0 5.0 218.0 72.0
36 -1.0 -1.0 12.0 30.0 22.0
37 -1.0 -1.0 7.0 34.0 65.0
38 -1.0 -1.0 10.0 135.0 93.0
39 -1.0 -1.0 11.0 129.0 97.0
40 -1.0 -1.0 9.0 265.0 52.0
41 -1.0 -1.0 13.0 335.0 89.0
42 -1.0 -1.0 5.0 104.0 20.0
43 -1.0 -1.0 16.0 141.0 43.0
44 -1.0 -1.0 18.0 226.0 98.0
45 -1.0 -1.0 13.0 166.0 58.0
46 -1.0 -1.0 12.0 111.0 98.0
47 -1.0 -1.0 12.0 197.0 65.0
48 -1.0 -1.0 14.0 321.0 91.0
49 -1.0 -1.0 13.0 252.0 45.0
50 -1.0 -1.0 17.0 330.0 20.0
51 -1.0 -1.0 14.0 214.0 53.0
52 -1.0 -1.0 9.0 160.0 93.0
53 -1.0 -1.0 7.0 172.0 37.0
54 -1.0 -1.0 9.0 75.0 88.0
55 -1.0 -1.0 12.0 182.0 46.0
56 -1.0 -1.0 12.0 360.0 30.0
57 -1.0 -1.0 9.0 246.0 27.0
58 -1.0 -1.0 19.0 183.0 28.0
59 -1.0 -1.0 6.0 340.0 25.0
60 -1.0 -1.0 9.0 64.0 99.0
61 -1.0 -1.0 19.0 370.0 88.0
62 -1.0 -1.0 15.0 185.0 86.0
63 -1.0 -1.0 5.0 209.0 55.0
64 -1.0 -1.0 10.0 71.0 28.0
65 -1.0 -1.0 15.0 334.0 57.0
66 -1.0 -1.0 6.0 214.0 16.0
67 -1.0 -1.0 13.0 331.0 41.0
68 -1.0 -1.0 19.0 51.0 30.0
69 -1.0 -1.0 4.0 236.0 53.0
70 -1.0 -1.0 4.0 369.0 84.0
71 -1.0 -1.0 13.0 306.0 80.0
72 -1.0 -1.0 17.0 123.0 60.0
73 -1.0 -1.0 19.0 103.0 82.0
74 -1.0 -1.0 18.0 233.0 53.0
75 -1.0 -1.0 10.0 43.0 85.0
76 -1.0 -1.0 18.0 267.0 98.0
77 -1.0 -1.0 17.0 288.0 88.0
78 -1.0 -1.0 17.0 308.0 75.0
79 -1.0 -1.0 8.0 229.0 42.0
80 -1.0 -1.0 4.0 272.0 67.0
81 -1.0 -1.0 17.0 236.0 46.0
82 -1.0 -1.0 18.0 295.0 36.0
83 -1.0 -1.0 6.0 283.0 56.0
84 -1.0 -1.0 6.0 127.0 58.0
85 -1.0 -1.0 9.0 37.0 44.0
86 -1.0 -1.0 19.0 327.0 39.0
87 -1.0 -1.0 9.0 241.0 85.0
88 -1.0 -1.0 16.0 88.0 90.0
89 -1.0 -1.0 17.0 189.0 54.0
90 -1.0 -1.0 4.0 147.0 38.0
91 -1.0 -1.0 5.0 325.0 61.0
92 -1.0 -1.0 15.0 344.0 75.0
93 -1.0 -1.0 19.0 170.0 83.0
94 -1.0 -1.0 12.0 137.0 98.0
95 -1.0 -1.0 7.0 55.0 96.0
96 -1.0 -1.0 8.0 198.0 19.0
97 -1.0 -1.0 13.0 54.0 66.0
98 -1.0 -1.0 4.0 28.0 78.0
99 -1.0 -1.0 18.0 74.0 27.0
100 -1.0 -1.0 11.0 144.0 100.0
101 -1.0 -1.0 10.0 19.0 95.0
102 -1.0 -1.0 14.0 222.0 69.0
103 -1.0 -1.0 13.0 303.0 37.0
104 -1.0 -1.0 5.0 83.0 93.0
105 -1.0 -1.0 9.0 120.0 86.0
106 -1.0 -1.0 8.0 147.0 91.0
107 -1.0 -1.0 6.0 357.0 81.0
108 -1.0 -1.0 20.0 293.0 88.0
109 -1.0 -1.0 18.0 20.0 41.0
110 -1.0 -1.0 8.0 211.0 75.0
111 -1.0 -1.0 15.0 173.0 78.0
112 -1.0 -1.0 4.0 172.0 62.0
113 -1.0 -1.0 19.0 257.0 61.0
114 -1.0 -1.0 20.0 53.0 85.0
115 -1.0 -1.0 5.0 297.0 92.0
116 -1.0 -1.0 20.0 387.0 89.0
117 -1.0 -1.0 17.0 317.0 69.0
118 -1.0 -1.0 4.0 205.0 34.0
119 -1.0 -1.0 6.0 33.0 50.0
120 -1.0 -1.0 18.0 27.0 22.0
121 -1.0 -1.0 19.0 337.0 73.0
122 -1.0 -1.0 9.0 37.0 44.0
123 -1.0 -1.0 17.0 238.0 80.0
124 -1.0 -1.0 7.0 71.0 21.0
125 -1.0 -1.0 9.0 250.0 31.0
126 -1.0 -1.0 14.0 218.0 73.0
127 -1.0 -1.0 17.0 361.0 76.0
128 -1.0 -1.0 9.0 137.0 74.0
129 -1.0 -1.0 7.0 340.0 29.0
130 -1.0 -1.0 4.0 171.0 100.0
131 -1.0 -1.0 20.0 100.0 45.0
132 -1.0 -1.0 9.0 242.0 43.0
133 -1.0 -1.0 13.0 209.0 93.0
134 -1.0 -1.0 4.0 217.0 65.0
135 -1.0 -1.0 11.0 213.0 35.0
136 -1.0 -1.0 11.0 267.0 81.0
137 -1.0 -1.0 17.0 78.0 55.0
138 -1.0 -1.0 4.0 325.0 79.0
139 -1.0 -1.0 19.0 216.0 79.0
140 -1.0 -1.0 4.0 225.0 87.0
141 -1.0 -1.0 17.0 382.0 45.0
142 -1.0 -1.0 18.0 282.0 30.0
143 -1.0 -1.0 19.0 272.0 29.0
144 -1.0 -1.0 7.0 76.0 45.0
145 -1.0 -1.0 12.0 374.0 50.0
146 -1.0 -1.0 4.0 128.0 25.0
147 -1.0 -1.0 18.0 147.0 56.0
148 -1.0 -1.0 13.0 234.0 78.0
149 -1.0 -1.0 17.0 241.0 64.0
150 -1.0 -1.0 8.0 218.0 92.0
151 -1.0 -1.0 17.0 168.0 24.0
152 -1.0 -1.0 18.0 73.0 73.0
153 -1.0 -1.0 4.0 306.0 83.0
154 -1.0 -1.0 5.0 198.0 85.0
155 -1.0 -1.0 13.0 358.0 62.0
156 -1.0 -1.0 18.0 255.0 46.0
157 -1.0 -1.0 7.0 153.0 19.0
158 -1.0 -1.0 11.0 354.0 49.0
159 -1.0 -1.0 13.0 386.0 62.0
160 -1.0 -1.0 8.0 186.0 23.0
161 -1.0 -1.0 13.0 253.0 65.0
162 -1.0 -1.0 6.0 131.0 84.0
163 -1.0 -1.0 6.0 317.0 17.0
164 -1.0 -1.0 19.0 94.0 45.0
165 -1.0 -1.0 9.0 274.0 86.0
166 -1.0 -1.0 19.0 205.0 78.0
167 -1.0 -1.0 13.0 245.0 20.0
168 -1.0 -1.0 6.0 106.0 88.0
169 -1.0 -1.0 14.0 28.0 53.0
170 -1.0 -1.0 16.0 123.0 97.0
171 -1.0 -1.0 9.0 61.0 86.0
172 -1.0 -1.0 8.0 334.0 98.0
173 -1.0 -1.0 5.0 270.0 28.0
174 -1.0 -1.0 18.0 69.0 24.0
175 -1.0 -1.0 14.0 182.0 19.0
176 -1.0 -1.0 13.0 302.0 51.0
177 -1.0 -1.0 4.0 361.0 98.0
178 -1.0 -1.0 9.0 364.0 53.0
179 -1.0 -1.0 7.0 222.0 65.0
180 -1.0 -1.0 20.0 275.0 22.0
181 -1.0 -1.0 10.0 108.0 55.0
182 -1.0 -1.0 13.0 396.0 36.0
183 -1.0 -1.0 4.0 234.0 69.0
184 -1.0 -1.0 7.0 314.0 87.0
185 -1.0 -1.0 9.0 85.0 57.0
186 -1.0 -1.0 13.0 49.0 95.0
187 -1.0 -1.0 14.0 198.0 59.0
188 -1.0 -1.0 19.0 365.0 100.0
189 -1.0 -1.0 19.0 302.0 67.0
190 -1.0 -1.0 11.0 67.0 71.0
191 -1.0 -1.0 11.0 385.0 58.0
192 -1.0 -1.0 7.0 372.0 98.0
193 -1.0 -1.0 16.0 179.0 80.0
194 -1.0 -1.0 6.0 208.0 92.0
195 -1.0 -1.0 5.0 346.0 49.0
196 -1.0 -1.0 17.0 36.0 21.0
197 -1.0 -1.0 10.0 390.0 92.0
198 -1.0 -1.0 13.0 306.0 86.0
199 -1.0 -1.0 17.0 54.0 58.0
200 -1.0 -1.0 15.0 181.0 76.0
201 -1.0 -1.0 7.0 325.0 92.0
202 -1.0 -1.0 12.0 312.0 19.0
203 -1.0 -1.0 20.0 38.0 36.0
204 -1.0 -1.0 10.0 178.0 57.0
205 -1.0 -1.0 13.0 281.0 82.0
206 -1.0 -1.0 8.0 166.0 76.0
207 -1.0 -1.0 17.0 381.0 28.0
208 -1.0 -1.0 4.0 279.0 29.0
209 -1.0 -1.0 20.0 108.0 32.0
210 -1.0 -1.0 14.0 245.0 90.0
211 -1.0 -1.0 8.0 195.0 86.0
212 -1.0 -1.0 18.0 115.0 83.0
213 -1.0 -1.0 11.0 18.0 50.0
214 -1.0 -1.0 18.0 252.0 86.0
215 -1.0 -1.0 12.0 278.0 78.0
216 -1.0 -1.0 16.0 146.0 94.0
217 -1.0 -1.0 4.0 82.0 22.0
218 -1.0 -1.0 7.0 131.0 87.0
219 -1.0 -1.0 13.0 250.0 44.0
220 -1.0 -1.0 7.0 199.0 61.0
221 -1.0 -1.0 9.0 96.0 42.0
222 -1.0 -1.0 17.0 168.0 65.0
223 -1.0 -1.0 4.0 227.0 75.0
224 -1.0 -1.0 7.0 42.0 91.0
225 -1.0 -1.0 12.0 359.0 90.0
226 -1.0 -1.0 12.0 156.0 34.0
227 -1.0 -1.0 4.0 270.0 58.0
228 -1.0 -1.0 13.0 242.0 43.0
229 -1.0 -1.0 7.0 105.0 68.0
230 -1.0 -1.0 4.0 64.0 16.0
231 -1.0 -1.0 12.0 80.0 65.0
232 -1.0 -1.0 13.0 102.0 63.0
233 -1.0 -1.0 7.0 341.0 87.0
234 -1.0 -1.0 11.0 324.0 36.0
235 -1.0 -1.0 9.0 40.0 65.0
236 -1.0 -1.0 12.0 400.0 66.0
237 -1.0 -1.0 8.0 267.0 47.0
238 -1.0 -1.0 19.0 122.0 23.0
239 -1.0 -1.0 14.0 173.0 17.0
240 -1.0 -1.0 6.0 81.0 94.0
241 -1.0 -1.0 5.0 187.0 64.0
242 -1.0 -1.0 8.0 125.0 33.0
243 -1.0 -1.0 14.0 378.0 54.0
244 -1.0 -1.0 18.0 100.0 17.0
245 -1.0 -1.0 12.0 150.0 22.0
246 -1.0 -1.0 10.0 124.0 43.0
247 -1.0 -1.0 10.0 274.0 19.0
248 -1.0 -1.0 16.0 178.0 77.0
249 -1.0 -1.0 13.0 66.0 99.0
250 -1.0 -1.0 16.0 148.0 69.0
251 -1.0 -1.0 19.0 250.0 80.0
252 -1.0 -1.0 16.0 206.0 40.0
253 -1.0 -1.0 16.0 20.0 81.0
254 -1.0 -1.0 20.0 196.0 24.0
255 -1.0 -1.0 17.0 321.0 16.0
256 -1.0 -1.0 20.0 317.0 38.0
257 -1.0 -1.0 5.0 201.0 85.0
258 -1.0 -1.0 8.0 177.0 71.0
259 -1.0 -1.0 10.0 28.0 29.0
260 -1.0 -1.0 9.0 15.0 62.0
261 -1.0 -1.0 17.0 43.0 67.0
262 -1.0 -1.0 13.0 85.0 45.0
263 -1.0 -1.0 16.0 54.0 31.0
264 -1.0 -1.0 8.0 56.0 19.0
265 -1.0 -1.0 18.0 297.0 21.0
266 -1.0 -1.0 13.0 244.0 89.0
267 -1.0 -1.0 14.0 87.0 78.0
268 -1.0 -1.0 20.0 388.0 80.0
269 -1.0 -1.0 10.0 119.0 69.0
270 -1.0 -1.0 12.0 181.0 99.0
271 -1.0 -1.0 10.0 335.0 87.0
272 -1.0 -1.0 5.0 296.0 74.0
273 -1.0 -1.0 19.0 59.0 43.0
274 -1.0 -1.0 13.0 31.0 62.0
275 -1.0 -1.0 15.0 385.0 75.0
276 -1.0 -1.0 7.0 377.0 35.0
277 -1.0 -1.0 9.0 266.0 94.0
278 -1.0 -1.0 5.0 163.0 16.0
279 -1.0 -1.0 4.0 168.0 18.0
280 -1.0 -1.0 8.0 295.0 37.0
281 -1.0 -1.0 5.0 57.0 34.0
282 -1.0 -1.0 11.0 271.0 86.0
283 -1.0 -1.0 4.0 210.0 61.0
284 -1.0 -1.0 4.0 24.0 20.0
285 -1.0 -1.0 17.0 386.0 44.0
286 -1.0 -1.0 10.0 339.0 93.0
287 -1.0 -1.0 16.0 295.0 41.0
288 -1.0 -1.0 10.0 131.0 34.0
289 -1.0 -1.0 15.0 45.0 57.0
290 -1.0 -1.0 16.0 335.0 85.0
291 -1.0 -1.0 11.0 196.0 46.0
292 -1.0 -1.0 11.0 127.0 26.0
293 -1.0 -1.0 16.0 298.0 66.0
294 -1.0 -1.0 20.0 101.0 41.0
295 -1.0 -1.0 9.0 193.0 17.0
296 -1.0 -1.0 9.0 210.0 82.0
297 -1.0 -1.0 4.0 299.0 32.0
298 -1.0 -1.0 13.0 284.0 63.0
299 -1.0 -1.0 12.0 185.0 100.0
300 -1.0 -1.0 9.0 176.0 57.0
301 -1.0 -1.0 8.0 178.0 87.0
302 -1.0 -1.0 9.0 292.0 50.0
303 -1.0 -1.0 14.0 321.0 86.0
304 -1.0 -1.0 17.0 241.0 70.0
305 -1.0 -1.0 14.0 288.0 22.0
306 -1.0 -1.0 5.0 107.0 87.0
307 -1.0 -1.0 17.0 388.0 34.0
308 -1.0 -1.0 14.0 295.0 76.0
309 -1.0 -1.0 6.0 311.0 53.0
310 -1.0 -1.0 5.0 335.0 28.0
311 -1.0 -1.0 13.0 76.0 33.0
312 -1.0 -1.0 7.0 213.0 67.0
313 -1.0 -1.0 18.0 31.0 51.0
314 -1.0 -1.0 5.0 305.0 16.0
315 -1.0 -1.0 8.0 382.0 37.0
316 -1.0 -1.0 8.0 87.0 22.0
317 -1.0 -1.0 17.0 98.0 30.0
318 -1.0 -1.0 16.0 331.0 15.0
319 -1.0 -1.0 7.0 19.0 56.0
320 -1.0 -1.0 7.0 246.0 65.0
321 -1.0 -1.0 6.0 77.0 15.0
322 -1.0 -1.0 15.0 15.0 97.0
323 -1.0 -1.0 14.0 117.0 34.0
324 -1.0 -1.0 11.0 272.0 28.0
325 -1.0 -1.0 4.0 83.0 22.0
326 -1.0 -1.0 14.0 339.0 34.0
327 -1.0 -1.0 6.0 151.0 68.0
328 -1.0 -1.0 18.0 195.0 33.0
329 -1.0 -1.0 8.0 190.0 84.0
330 -1.0 -1.0 6.0 313.0 55.0
331 -1.0 -1.0 20.0 247.0 83.0
332 -1.0 -1.0 19.0 206.0 21.0
333 -1.0 -1.0 5.0 247.0 98.0
334 -1.0 -1.0 17.0 196.0 55.0
335 -1.0 -1.0 15.0 396.0 27.0
336 -1.0 -1.0 8.0 358.0 63.0
337 -1.0 -1.0 15.0 69.0 27.0
338 -1.0 -1.0 9.0 275.0 47.0
339 -1.0 -1.0 5.0 201.0 59.0
340 -1.0 -1.0 11.0 18.0 74.0
341 -1.0 -1.0 10.0 198.0 79.0
342 -1.0 -1.0 14.0 159.0 85.0
343 -1.0 -1.0 11.0 198.0 89.0
344 -1.0 -1.0 11.0 377.0 51.0
345 -1.0 -1.0 6.0 343.0 52.0
346 -1.0 -1.0 10.0 132.0 25.0
347 -1.0 -1.0 15.0 140.0 30.0
348 -1.0 -1.0 6.0 27.0 28.0
349 -1.0 -1.0 10.0 42.0 46.0
350 -1.0 -1.0 5.0 276.0 33.0
351 -1.0 -1.0 4.0 388.0 72.0
352 -1.0 -1.0 5.0 104.0 35.0
353 -1.0 -1.0 16.0 115.0 31.0
354 -1.0 -1.0 11.0 343.0 25.0
355 -1.0 -1.0 17.0 311.0 41.0
356 -1.0 -1.0 6.0 94.0 36.0
357 -1.0 -1.0 11.0 251.0 40.0
358 -1.0 -1.0 15.0 215.0 94.0
359 -1.0 -1.0 17.0 51.0 81.0
360 -1.0 -1.0 8.0 390.0 92.0
361 -1.0 -1.0 16.0 47.0 23.0
362 -1.0 -1.0 7.0 332.0 99.0
363 -1.0 -1.0 7.0 16.0 93.0
364 -1.0 -1.0 17.0 150.0 85.0
365 -1.0 -1.0 6.0 248.0 21.0
366 -1.0 -1.0 16.0 68.0 22.0
367 -1.0 -1.0 4.0 289.0 89.0
368 -1.0 -1.0 4.0 250.0 92.0
369 -1.0 -1.0 19.0 48.0 39.0
370 -1.0 -1.0 17.0 320.0 63.0
371 -1.0 -1.0 18.0 142.0 74.0
372 -1.0 -1.0 4.0 222.0 17.0
373 -1.0 -1.0 20.0 107.0 48.0
374 -1.0 -1.0 17.0 67.0 85.0
375 -1.0 -1.0 5.0 88.0 89.0
376 -1.0 -1.0 18.0 136.0 69.0
377 -1.0 -1.0 18.0 286.0 59.0
378 -1.0 -1.0 15.0 240.0 39.0
379 -1.0 -1.0 19.0 313.0 84.0
380 -1.0 -1.0 14.0 210.0 44.0
381 -1.0 -1.0 4.0 366.0 84.0
382 -1.0 -1.0 5.0 285.0 63.0
383 -1.0 -1.0 12.0 189.0 24.0
384 -1.0 -1.0 9.0 192.0 86.0
385 -1.0 -1.0 9.0 85.0 89.0
386 -1.0 -1.0 20.0 89.0 66.0
387 -1.0 -1.0 11.0 314.0 56.0
388 -1.0 -1.0 4.0 47.0 34.0
389 -1.0 -1.0 6.0 92.0 91.0
390 -1.0 -1.0 20.0 296.0 26.0
391 -1.0 -1.0 6.0 63.0 59.0
392 -1.0 -1.0 4.0 36.0 22.0
393 -1.0 -1.0 16.0 345.0 51.0
394 -1.0 -1.0 20.0 261.0 49.0
395 -1.0 -1.0 11.0 352.0 72.0
396 -1.0 -1.0 4.0 133.0 89.0
397 -1.0 -1.0 14.0 87.0 16.0
398 -1.0 -1.0 10.0 332.0 83.0
399 -1.0 -1.0 16.0 270.0 73.0
400 -1.0 -1.0 13.0 72.0 69.0
401 -1.0 -1.0 16.0 48.0 61.0
402 -1.0 -1.0 10.0 207.0 71.0
403 -1.0 -1.0 10.0 188.0 40.0
404 -1.0 -1.0 15.0 385.0 54.0
405 -1.0 -1.0 11.0 184.0 35.0
406 -1.0 -1.0 5.0 61.0 82.0
407 -1.0 -1.0 13.0 239.0 75.0
408 -1.0 -1.0 13.0 65.0 68.0
409 -1.0 -1.0 7.0 134.0 80.0
410 -1.0 -1.0 11.0 238.0 60.0
411 -1.0 -1.0 19.0 340.0 23.0
412 -1.0 -1.0 6.0 61.0 19.0
413 -1.0 -1.0 11.0 177.0 45.0
414 -1.0 -1.0 18.0 177.0 54.0
415 -1.0 -1.0 8.0 340.0 60.0
416 -1.0 -1.0 18.0 188.0 78.0
417 -1.0 -1.0 17.0 225.0 31.0
418 -1.0 -1.0 16.0 186.0 87.0
419 -1.0 -1.0 5.0 218.0 84.0
420 -1.0 -1.0 15.0 355.0 29.0
421 -1.0 -1.0 18.0 231.0 23.0
422 -1.0 -1.0 13.0 21.0 43.0
423 -1.0 -1.0 7.0 377.0 20.0
424 -1.0 -1.0 14.0 242.0 69.0
425 -1.0 -1.0 6.0 71.0 31.0
426 -1.0 -1.0 5.0 309.0 55.0
427 -1.0 -1.0 18.0 38.0 66.0
428 -1.0 -1.0 19.0 359.0 41.0
429 -1.0 -1.0 13.0 353.0 23.0
430 -1.0 -1.0 17.0 348.0 22.0
431 -1.0 -1.0 16.0 202.0 66.0
432 -1.0 -1.0 14.0 296.0 22.0
433 -1.0 -1.0 13.0 362.0 35.0
434 -1.0 -1.0 8.0 297.0 50.0
435 -1.0 -1.0 10.0 383.0 98.0
436 -1.0 -1.0 4.0 166.0 22.0
437 -1.0 -1.0 6.0 34.0 40.0
438 -1.0 -1.0 5.0 47.0 19.0
439 -1.0 -1.0 6.0 16.0 35.0
440 -1.0 -1.0 11.0 351.0 71.0
441 -1.0 -1.0 17.0 230.0 74.0
442 -1.0 -1.0 7.0 28.0 99.0
443 -1.0 -1.0 8.0 210.0 44.0
444 -1.0 -1.0 10.0 82.0 21.0
445 -1.0 -1.0 17.0 92.0 45.0
446 -1.0 -1.0 14.0 323.0 56.0
447 -1.0 -1.0 11.0 26.0 88.0
448 -1.0 -1.0 16.0 126.0 47.0
449 -1.0 -1.0 12.0 86.0 52.0
450 -1.0 -1.0 12.0 241.0 56.0
451 -1.0 -1.0 11.0 297.0 69.0
452 -1.0 -1.0 18.0 26.0 16.0
453 -1.0 -1.0 4.0 41.0 82.0
454 -1.0 -1.0 10.0 207.0 84.0
455 -1.0 -1.0 7.0 319.0 84.0
456 -1.0 -1.0 11.0 104.0 87.0
457 -1.0 -1.0 5.0 303.0 96.0
458 -1.0 -1.0 18.0 200.0 32.0
459 -1.0 -1.0 4.0 130.0 31.0
460 -1.0 -1.0 9.0 73.0 94.0
461 -1.0 -1.0 17.0 320.0 55.0
462 -1.0 -1.0 13.0 225.0 72.0
463 -1.0 -1.0 6.0 186.0 47.0
464 -1.0 -1.0 11.0 284.0 80.0
465 -1.0 -1.0 14.0 242.0 29.0
466 -1.0 -1.0 7.0 342.0 49.0
467 -1.0 -1.0 20.0 206.0 71.0
468 -1.0 -1.0 11.0 356.0 47.0
469 -1.0 -1.0 7.0 308.0 16.0
470 -1.0 -1.0 4.0 277.0 48.0
471 -1.0 -1.0 12.0 163.0 47.0
472 -1.0 -1.0 14.0 327.0 77.0
473 -1.0 -1.0 6.0 172.0 38.0
474 -1.0 -1.0 6.0 68.0 82.0
475 -1.0 -1.0 10.0 292.0 74.0
476 -1.0 -1.0 7.0 84.0 98.0
477 -1.0 -1.0 15.0 57.0 51.0
478 -1.0 -1.0 15.0 311.0 96.0
479 -1.0 -1.0 7.0 35.0 39.0
480 -1.0 -1.0 9.0 326.0 34.0
481 -1.0 -1.0 18.0 365.0 100.0
482 -1.0 -1.0 6.0 18.0 43.0
483 -1.0 -1.0 19.0 154.0 93.0
484 -1.0 -1.0 19.0 272.0 27.0
485 -1.0 -1.0 10.0 166.0 75.0
486 -1.0 -1.0 20.0 221.0 72.0
487 -1.0 -1.0 9.0 52.0 21.0
488 -1.0 -1.0 9.0 134.0 94.0
489 -1.0 -1.0 19.0 205.0 28.0
490 -1.0 -1.0 19.0 203.0 45.0
491 -1.0 -1.0 12.0 93.0 15.0
492 -1.0 -1.0 11.0 248.0 97.0
493 -1.0 -1.0 15.0 345.0 98.0
494 -1.0 -1.0 17.0 324.0 28.0
495 -1.0 -1.0 8.0 194.0 56.0
496 -1.0 -1.0 13.0 230.0 29.0
497 -1.0 -1.0 13.0 134.0 82.0
498 -1.0 -1.0 5.0 332.0 23.0
499 -1.0 -1.0 18.0 31.0 98.0
500 -1.0 -1.0 16.0 82.0 68.0
501 -1.0 -1.0 11.0 162.0 48.0
502 -1.0 -1.0 4.0 252.0 28.0
503 -1.0 -1.0 13.0 128.0 26.0
504 -1.0 -1.0 7.0 67.0 22.0
505 -1.0 -1.0 12.0 371.0 87.0
506 -1.0 -1.0 19.0 167.0 99.0
507 -1.0 -1.0 16.0 255.0 42.0
508 -1.0 -1.0 13.0 58.0 39.0
509 -1.0 -1.0 5.0 324.0 31.0
510 -1.0 -1.0 6.0 153.0 72.0
511 -1.0 -1.0 6.0 341.0 73.0
512 -1.0 -1.0 14.0 293.0 35.0
513 -1.0 -1.0 14.0 19.0 80.0
514 -1.0 -1.0 6.0 266.0 45.0
515 -1.0 -1.0 9.0 189.0 100.0
516 -1.0 -1.0 19.0 178.0 96.0
517 -1.0 -1.0 17.0 97.0 53.0
518 -1.0 -1.0 9.0 393.0 56.0
519 -1.0 -1.0 5.0 21.0 15.0
520 -1.0 -1.0 17.0 206.0 44.0
521 -1.0 -1.0 19.0 56.0 68.0
522 -1.0 -1.0 13.0 280.0 62.0
523 -1.0 -1.0 12.0 142.0 21.0
524 -1.0 -1.0 10.0 305.0 42.0
525 -1.0 -1.0 19.0 374.0 17.0
526 -1.0 -1.0 15.0 89.0 52.0
527 -1.0 -1.0 5.0 93.0 66.0
528 -1.0 -1.0 17.0 394.0 53.0
529 -1.0 -1.0 4.0 148.0 22.0
530 -1.0 -1.0 10.0 311.0 90.0
531 -1.0 -1.0 18.0 217.0 49.0
532 -1.0 -1.0 18.0 246.0 95.0
533 -1.0 -1.0 16.0 168.0 73.0
534 -1.0 -1.0 18.0 72.0 23.0
535 -1.0 -1.0 19.0 84.0 84.0
536 -1.0 -1.0 20.0 15.0 34.0
537 -1.0 -1.0 8.0 82.0 29.0
538 -1.0 -1.0 17.0 310.0 61.0
539 -1.0 -1.0 11.0 133.0 48.0
540 -1.0 -1.0 17.0 222.0 25.0
541 -1.0 -1.0 16.0 293.0 66.0
542 -1.0 -1.0 6.0 305.0 45.0
543 -1.0 -1.0 4.0 263.0 73.0
544 -1.0 -1.0 9.0 290.0 100.0
545 -1.0 -1.0 14.0 21.0 69.0
546 -1.0 -1.0 15.0 266.0 22.0
547 -1.0 -1.0 20.0 63.0 22.0
548 -1.0 -1.0 14.0 101.0 37.0
549 -1.0 -1.0 14.0 36.0 43.0
550 -1.0 -1.0 5.0 242.0 35.0
551 -1.0 -1.0 9.0 146.0 27.0
552 -1.0 -1.0 16.0 370.0 62.0
553 -1.0 -1.0 7.0 145.0 76.0
554 -1.0 -1.0 19.0 400.0 75.0
555 -1.0 -1.0 13.0 168.0 47.0
556 -1.0 -1.0 5.0 254.0 82.0
557 -1.0 -1.0 18.0 19.0 83.0
558 -1.0 -1.0 7.0 66.0 80.0
559 -1.0 -1.0 16.0 217.0 46.0
560 -1.0 -1.0 10.0 197.0 24.0
561 -1.0 -1.0 19.0 339.0 21.0
562 -1.0 -1.0 9.0 34.0 69.0
563 -1.0 -1.0 10.0 64.0 57.0
564 -1.0 -1.0 15.0 20.0 55.0
565 -1.0 -1.0 17.0 105.0 51.0
566 -1.0 -1.0 15.0 70.0 29.0
567 -1.0 -1.0 6.0 295.0 89.0
568 -1.0 -1.0 16.0 93.0 38.0
569 -1.0 -1.0 14.0 368.0 67.0
570 -1.0 -1.0 20.0 316.0 42.0
571 -1.0 -1.0 16.0 175.0 99.0
572 -1.0 -1.0 11.0 82.0 77.0
573 -1.0 -1.0 12.0 71.0 20.0
574 -1.0 -1.0 6.0 111.0 48.0
575 -1.0 -1.0 13.0 44.0 90.0
576 -1.0 -1.0 20.0 389.0 51.0
577 -1.0 -1.0 6.0 400.0 38.0
578 -1.0 -1.0 12.0 103.0 99.0
579 -1.0 -1.0 11.0 169.0 23.0
580 -1.0 -1.0 6.0 63.0 72.0
581 -1.0 -1.0 20.0 280.0 38.0
582 -1.0 -1.0 15.0 368.0 81.0
583 -1.0 -1.0 6.0 213.0 48.0
584 -1.0 -1.0 8.0 81.0 24.0
585 -1.0 -1.0 20.0 289.0 51.0
586 -1.0 -1.0 20.0 143.0 26.0
587 -1.0 -1.0 10.0 331.0 91.0
588 -1.0 -1.0 10.0 308.0 70.0
589 -1.0 -1.0 4.0 266.0 66.0
590 -1.0 -1.0 15.0 381.0 87.0
591 -1.0 -1.0 8.0 355.0 19.0
592 -1.0 -1.0 5.0 295.0 59.0
593 -1.0 -1.0 5.0 398.0 21.0
594 -1.0 -1.0 11.0 269.0 62.0
595 -1.0 -1.0 7.0 131.0 58.0
596 -1.0 -1.0 4.0 68.0 28.0
597 -1.0 -1.0 17.0 69.0 57.0
598 -1.0 -1.0 4.0 46.0 73.0
599 -1.0 -1.0 14.0 18.0 71.0
600 -1.0 -1.0 10.0 181.0 48.0
601 -1.0 -1.0 4.0 336.0 56.0
602 -1.0 -1.0 9.0 253.0 97.0
603 -1.0 -1.0 20.0 232.0 40.0
604 -1.0 -1.0 7.0 207.0 82.0
605 -1.0 -1.0 16.0 191.0 37.0
606 -1.0 -1.0 17.0 99.0 20.0
607 -1.0 -1.0 18.0 53.0 44.0
608 -1.0 -1.0 9.0 398.0 30.0
609 -1.0 -1.0 9.0 152.0 66.0
610 -1.0 -1.0 6.0 348.0 71.0
611 -1.0 -1.0 11.0 88.0 40.0
612 -1.0 -1.0 9.0 22.0 74.0
613 -1.0 -1.0 16.0 196.0 86.0
614 -1.0 -1.0 19.0 108.0 91.0
615 -1.0 -1.0 7.0 157.0 89.0
616 -1.0 -1.0 13.0 26.0 96.0
617 -1.0 -1.0 16.0 270.0 40.0
618 -1.0 -1.0 13.0 229.0 31.0
619 -1.0 -1.0 9.0 128.0 97.0
620 -1.0 -1.0 15.0 187.0 94.0
621 -1.0 -1.0 7.0 384.0 90.0
622 -1.0 -1.0 10.0 214.0 59.0
623 -1.0 -1.0 11.0 264.0 73.0
624 -1.0 -1.0 16.0 206.0 87.0
625 -1.0 -1.0 7.0 92.0 33.0
626 -1.0 -1.0 13.0 146.0 64.0
627 -1.0 -1.0 15.0 18.0 62.0
628 -1.0 -1.0 10.0 253.0 100.0
629 -1.0 -1.0 13.0 353.0 20.0
630 -1.0 -1.0 14.0 238.0 39.0
631 -1.0 -1.0 14.0 20.0 66.0
632 -1.0 -1.0 12.0 125.0 100.0
633 -1.0 -1.0 13.0 52.0 20.0
634 -1.0 -1.0 4.0 342.0 89.0
635 -1.0 -1.0 16.0 174.0 97.0
636 -1.0 -1.0 16.0 239.0 30.0
637 -1.0 -1.0 5.0 359.0 69.0
638 -1.0 -1.0 8.0 48.0 28.0
639 -1.0 -1.0 5.0 25.0 98.0
640 -1.0 -1.0 13.0 68.0 77.0
641 -1.0 -1.0 16.0 263.0 69.0
642 -1.0 -1.0 18.0 297.0 35.0
643 -1.0 -1.0 12.0 21.0 41.0
644 -1.0 -1.0 4.0 99.0 64.0
645 -1.0 -1.0 10.0 89.0 84.0
646 -1.0 -1.0 14.0 400.0 74.0
647 -1.0 -1.0 10.0 324.0 36.0
648 -1.0 -1.0 19.0 146.0 24.0
649 -1.0 -1.0 12.0 183.0 20.0
650 -1.0 -1.0 16.0 115.0 35.0
651 -1.0 -1.0 16.0 113.0 68.0
652 -1.0 -1.0 20.0 395.0 50.0
653 -1.0 -1.0 4.0 241.0 78.0
654 -1.0 -1.0 15.0 60.0 78.0
655 -1.0 -1.0 6.0 279.0 72.0
656 -1.0 -1.0 17.0 150.0 64.0
657 -1.0 -1.0 14.0 208.0 34.0
658 -1.0 -1.0 7.0 354.0 93.0
659 -1.0 -1.0 16.0 215.0 90.0
660 -1.0 -1.0 12.0 382.0 56.0
661 -1.0 -1.0 18.0 313.0 61.0
662 -1.0 -1.0 14.0 104.0 16.0
663 -1.0 -1.0 4.0 28.0 25.0
664 -1.0 -1.0 7.0 250.0 59.0
665 -1.0 -1.0 15.0 279.0 62.0
666 -1.0 -1.0 20.0 318.0 28.0
667 -1.0 -1.0 18.0 225.0 58.0
668 -1.0 -1.0 14.0 39.0 41.0
669 -1.0 -1.0 20.0 357.0 70.0
670 -1.0 -1.0 7.0 276.0 49.0
671 -1.0 -1.0 18.0 17.0 15.0
672 -1.0 -1.0 8.0 256.0 48.0
673 -1.0 -1.0 19.0 76.0 28.0
674 -1.0 -1.0 8.0 73.0 90.0
675 -1.0 -1.0 9.0 390.0 48.0
676 -1.0 -1.0 15.0 185.0 83.0
677 -1.0 -1.0 16.0 345.0 57.0
678 -1.0 -1.0 14.0 268.0 20.0
679 -1.0 -1.0 5.0 224.0 72.0
680 -1.0 -1.0 7.0 183.0 17.0
681 -1.0 -1.0 15.0 370.0 73.0
682 -1.0 -1.0 17.0 156.0 85.0
683 -1.0 -1.0 19.0 253.0 51.0
684 -1.0 -1.0 19.0 263.0 28.0
685 -1.0 -1.0 10.0 204.0 86.0
686 -1.0 -1.0 13.0 317.0 28.0
687 -1.0 -1.0 18.0 239.0 26.0
688 -1.0 -1.0 10.0 369.0 46.0
689 -1.0 -1.0 7.0 275.0 81.0
690 -1.0 -1.0 17.0 87.0 18.0
691 -1.0 -1.0 12.0 88.0 84.0
692 -1.0 -1.0 15.0 73.0 25.0
693 -1.0 -1.0 12.0 183.0 48.0
694 -1.0 -1.0 18.0 29.0 48.0
695 -1.0 -1.0 16.0 350.0 95.0
696 -1.0 -1.0 19.0 203.0 32.0
697 -1.0 -1.0 13.0 400.0 26.0
698 -1.0 -1.0 15.0 107.0 95.0
699 -1.0 -1.0 5.0 15.0 72.0
700 -1.0 -1.0 4.0 186.0 25.0
701 -1.0 -1.0 11.0 326.0 34.0
702 -1.0 -1.0 6.0 244.0 50.0
703 -1.0 -1.0 19.0 51.0 54.0
704 -1.0 -1.0 4.0 200.0 45.0
705 -1.0 -1.0 10.0 87.0 94.0
706 -1.0 -1.0 15.0 145.0 40.0
707 -1.0 -1.0 13.0 331.0 54.0
708 -1.0 -1.0 15.0 333.0 31.0
709 -1.0 -1.0 13.0 89.0 40.0
710 -1.0 -1.0 10.0 105.0 82.0
711 -1.0 -1.0 6.0 380.0 80.0
712 -1.0 -1.0 17.0 73.0 93.0
713 -1.0 -1.0 4.0 60.0 46.0
714 -1.0 -1.0 17.0 373.0 95.0
715 -1.0 -1.0 4.0 268.0 81.0
716 -1.0 -1.0 14.0 100.0 20.0
717 -1.0 -1.0 12.0 374.0 18.0
718 -1.0 -1.0 8.0 109.0 58.0
719 -1.0 -1.0 7.0 249.0 41.0
720 -1.0 -1.0 8.0 110.0 21.0
721 -1.0 -1.0 17.0 35.0 75.0
722 -1.0 -1.0 12.0 160.0 15.0
723 -1.0 -1.0 19.0 167.0 35.0
724 -1.0 -1.0 16.0 108.0 16.0
725 -1.0 -1.0 16.0 363.0 75.0
940
0 1 6
1 2 8
2 3 5
3 23 10
3 4 5
4 24 10
5 26 12
5 6 5
6 27 9
7 8 5
8 29 11
8 9 7
9 30 11
10 32 10
11 33 10
12 34 8
12 13 12
13 35 7
13 14 5
14 36 11
14 15 8
16 17 12
17 38 5
17 18 9
18 39 10
18 19 6
19 40 9
20 21 9
21 41 11
22 43 6
23 24 8
24 25 8
25 26 12
26 47 12
26 27 10
27 48 8
27 28 6
28 49 8
29 50 5
29 30 12
30 51 11
30 31 9
31 52 5
31 32 10
32 53 8
33 55 9
34 57 9
34 35 9
35 58 8
35 36 10
37 60 12
38 61 9
38 39 11
39 62 10
39 40 5
41 42 5
42 65 6
43 44 9
44 45 10
45 66 12
45 46 8
47 70 12
47 48 5
48 71 5
48 49 10
50 73 8
50 51 9
51 74 11
51 52 10
52 75 7
52 53 12
53 76 6
53 54 11
55 77 7
55 56 8
56 57 8
57 58 9
59 79 7
60 81 8
61 83 11
61 62 11
62 84 11
63 64 8
64 86 5
65 88 5
66 90 6
67 92 9
67 68 7
68 69 9
69 93 8
69 70 5
70 94 6
70 71 12
71 95 6
72 73 5
73 97 7
73 74 7
74 75 5
75 98 9
75 76 11
76 99 5
77 102 6
78 106 7
78 79 6
79 80 8
80 81 10
81 107 5
81 82 9
82 108 12
82 83 8
83 109 12
83 84 12
84 110 9
84 85 9
86 112 11
86 87 7
87 113 11
87 88 5
88 114 8
89 115 6
89 90 5
90 116 11
90 91 7
91 92 7
93 117 9
93 94 7
94 118 12
94 95 5
95 96 11
97 120 12
98 99 7
99 122 9
99 100 11
100 123 7
100 101 10
101 102 9
102 103 7
103 104 8
104 105 5
105 106 8
107 108 10
108 124 10
108 109 8
109 110 10
110 125 5
111 127 11
111 112 6
112 128 9
112 113 10
113 129 9
113 114 10
114 130 10
115 132 10
115 116 6
116 133 5
117 136 8
117 118 12
118 137 8
119 140 7
119 120 11
120 121 6
121 141 10
122 143 5
122 123 12
124 150 6
125 152 11
125 126 10
126 153 12
126 127 10
127 154 12
127 128 8
128 155 8
128 129 6
129 130 6
131 132 7
132 133 8
133 156 8
133 134 11
134 157 7
135 136 11
136 159 12
136 137 10
137 160 10
137 138 9
138 161 10
138 139 7
139 140 9
141 162 12
141 142 5
142 163 9
142 143 5
143 164 11
144 166 6
144 145 9
145 167 11
146 147 6
147 148 6
148 170 11
148 149 7
150 171 11
150 151 8
151 172 9
151 152 10
152 173 9
152 153 5
153 154 9
154 174 5
154 155 12
155 175 10
156 179 5
156 157 12
157 180 11
157 158 12
158 181 7
159 183 6
159 160 11
160 184 8
160 161 9
161 185 7
162 163 6
163 188 9
163 164 9
164 189 12
164 165 11
165 166 7
166 167 6
167 168 5
168 190 6
168 169 12
169 191 7
170 193 10
171 194 6
171 172 11
172 195 10
172 173 11
173 196 9
174 198 8
174 175 10
175 176 9
176 199 6
176 177 6
178 201 9
178 179 7
179 180 10
180 181 12
181 182 12
182 202 10
182 183 10
183 203 7
183 184 11
184 204 12
184 185 12
185 205 12
186 206 10
186 187 5
188 208 7
188 189 9
190 211 9
190 191 8
191 212 7
192 214 7
192 193 12
193 215 9
194 195 11
195 217 8
195 196 8
196 218 6
196 197 6
197 198 12
198 219 8
199 221 7
200 223 6
200 201 5
201 224 12
202 227 7
202 203 11
203 228 11
203 204 6
204 229 10
204 205 11
206 231 7
207 208 8
209 210 12
210 235 11
210 211 8
211 212 5
212 236 7
212 213 5
213 237 5
213 214 7
214 238 5
214 215 6
215 239 5
215 216 8
216 240 7
217 218 11
219 220 12
220 243 8
220 221 6
221 222 6
222 244 7
223 245 7
223 224 5
224 246 11
225 248 5
225 226 7
226 227 12
227 249 6
227 228 5
228 229 5
229 250 5
230 231 5
231 252 11
231 232 8
232 253 6
233 256 11
233 234 12
234 257 12
235 259 11
236 261 5
236 237 11
237 262 10
237 238 11
238 239 10
239 263 5
239 240 9
240 264 8
241 266 6
242 268 11
244 270 5
245 246 6
246 247 10
247 271 12
247 248 10
248 272 11
250 274 7
250 251 7
252 276 9
252 253 10
253 277 8
253 254 10
254 278 6
254 255 5
255 279 11
255 256 7
256 280 5
256 257 9
257 258 11
258 281 11
258 259 7
259 282 8
259 260 7
260 283 12
260 261 7
261 262 7
262 284 5
263 286 7
263 264 11
264 287 6
264 265 5
265 288 5
265 266 10
266 289 9
266 267 11
267 290 8
268 292 7
269 270 8
271 296 6
271 272 8
272 273 7
273 297 8
275 300 5
275 276 10
276 301 9
276 277 9
277 302 11
277 278 7
278 303 10
278 279 7
279 304 5
279 280 5
280 305 10
281 282 5
282 307 8
282 283 5
283 308 10
284 309 7
284 285 8
285 310 5
285 286 11
286 311 9
286 287 11
287 288 9
288 312 7
288 289 10
289 290 12
290 291 8
291 292 12
292 313 7
292 293 10
293 314 7
294 295 12
295 296 6
296 317 12
297 298 7
298 319 12
299 320 5
299 300 10
300 321 7
300 301 5
301 322 12
301 302 10
302 303 10
303 323 9
303 304 6
304 305 6
305 324 9
305 306 9
306 325 5
307 308 8
309 310 10
310 327 11
310 311 6
313 331 9
313 314 8
314 332 8
314 315 12
316 333 9
317 336 6
317 318 8
318 337 8
319 339 5
320 321 6
321 322 11
324 342 5
324 325 10
325 343 12
326 346 10
327 348 9
328 352 9
328 329 6
329 353 10
329 330 9
330 354 9
330 331 6
331 332 9
332 355 7
333 358 12
334 335 9
335 359 12
335 336 12
336 360 7
336 337 10
337 338 6
338 361 6
338 339 6
339 340 9
340 362 8
341 367 8
342 370 7
342 343 12
343 344 8
344 345 9
345 371 5
346 373 9
346 347 5
347 374 5
347 348 9
348 375 9
348 349 9
349 350 10
350 351 5
351 352 10
352 376 7
352 353 6
353 354 11
355 356 12
356 377 6
356 357 11
357 378 10
357 358 6
359 380 9
359 360 7
361 382 10
362 363 6
363 383 8
363 364 9
364 384 5
364 365 11
365 385 6
365 366 6
366 386 9
366 367 11
367 387 11
367 368 8
368 388 6
368 369 12
369 389 8
369 370 11
370 390 5
371 372 7
372 393 7
372 373 10
373 394 12
373 374 5
374 395 5
374 375 5
375 396 10
377 402 6
377 378 5
378 403 8
379 380 7
380 405 7
381 407 9
381 382 5
383 384 11
384 410 10
384 385 10
385 386 6
386 411 7
386 387 8
387 388 11
388 389 12
389 412 11
389 390 8
390 391 10
391 392 7
392 413 6
393 415 10
393 394 6
394 416 12
394 395 8
395 396 6
397 419 12
398 399 6
399 420 7
399 400 12
400 401 6
401 421 7
401 402 11
402 403 6
403 422 8
403 404 6
404 423 7
405 425 12
405 406 10
406 426 8
406 407 10
407 427 10
408 428 8
408 409 6
409 429 11
410 430 9
411 432 10
413 434 9
413 414 10
414 435 10
414 415 9
415 436 7
415 416 10
416 437 9
417 440 5
417 418 7
418 441 10
418 419 8
419 442 9
422 447 9
422 423 8
424 448 7
424 425 10
425 426 10
426 449 8
426 427 5
428 451 11
428 429 9
429 452 12
430 453 9
430 431 5
431 432 8
433 456 9
434 435 12
435 436 10
436 437 10
437 458 12
437 438 9
438 439 7
439 459 12
439 440 9
440 460 12
440 441 7
441 461 5
441 442 11
442 462 11
442 443 5
443 463 7
443 444 7
445 465 12
446 447 10
447 466 6
448 468 9
449 470 12
450 451 10
451 452 6
452 471 7
454 473 11
454 455 7
455 474 8
456 457 6
457 475 7
458 478 5
459 460 10
460 480 11
460 461 11
461 462 6
462 463 5
464 481 6
464 465 9
465 482 9
466 467 12
467 483 5
468 484 5
468 469 10
469 470 7
470 485 10
471 472 8
472 489 9
473 493 7
473 474 12
475 495 11
475 476 10
476 477 11
478 497 5
478 479 10
480 499 12
481 502 5
481 482 5
482 503 11
483 506 8
484 507 12
485 508 12
485 486 10
486 509 10
486 487 7
487 510 5
487 488 5
489 512 7
489 490 9
490 513 12
490 491 10
491 514 6
491 492 12
492 515 5
492 493 6
493 516 8
494 517 7
495 518 6
496 497 11
497 519 10
498 521 6
498 499 9
499 522 8
500 501 6
501 523 8
502 525 12
502 503 7
503 526 10
503 504 7
504 527 8
505 528 5
505 506 6
508 530 12
508 509 5
509 531 10
509 510 5
510 532 8
511 533 9
511 512 12
512 513 12
513 534 12
513 514 10
514 535 10
514 515 10
515 516 6
516 536 5
517 538 9
518 540 9
519 544 10
519 520 6
520 545 11
520 521 11
521 522 12
522 546 6
523 524 7
524 548 12
524 525 6
525 549 12
525 526 7
526 550 6
526 527 6
527 551 10
529 555 5
529 530 12
530 556 9
530 531 10
531 557 11
531 532 9
532 558 7
533 559 8
534 535 8
535 561 11
536 563 8
536 537 5
537 564 6
537 538 12
538 565 8
538 539 6
539 540 12
540 541 11
541 566 5
541 542 7
542 567 9
542 543 12
543 544 6
544 545 12
546 568 8
546 547 6
547 569 9
548 549 12
549 571 5
549 550 10
550 551 12
551 572 8
551 552 10
553 574 11
554 575 5
554 555 7
555 556 10
556 557 11
557 558 12
558 576 7
559 560 9
560 577 6
561 579 8
561 562 12
562 563 5
563 580 6
563 564 10
564 565 11
565 581 11
566 567 8
567 582 9
568 584 7
568 569 10
569 570 10
570 585 11
572 587 9
573 589 10
573 574 10
577 578 8
578 594 11
578 579 5
580 596 8
582 601 11
582 583 7
583 602 10
584 604 12
585 605 10
586 606 9
587 607 8
587 588 9
588 589 8
589 608 5
590 591 12
591 610 5
591 592 7
592 611 10
593 613 11
594 615 9
595 617 6
595 596 11
596 597 9
598 599 6
599 600 9
600 601 9
601 619 9
601 602 9
602 620 12
602 603 5
603 621 11
606 624 7
608 626 9
609 628 7
610 629 5
610 611 8
611 630 8
611 612 11
612 631 8
613 614 9
614 633 5
614 615 7
615 616 5
616 634 8
616 617 11
617 635 5
618 638 8
619 620 9
620 642 12
620 621 5
621 643 9
621 622 7
622 644 9
623 624 9
624 625 11
625 649 6
626 627 12
627 653 7
628 654 10
629 655 6
629 630 5
630 656 12
630 631 8
631 657 11
631 632 9
632 658 8
633 659 9
634 635 7
635 661 5
635 636 10
636 662 10
636 637 12
637 663 9
637 638 5
638 639 7
639 664 11
639 640 10
640 665 9
640 641 10
641 666 5
642 667 9
642 643 9
643 644 5
644 668 10
644 645 5
645 646 8
646 669 7
646 647 6
647 648 5
648 670 6
649 673 5
649 650 6
650 674 10
650 651 5
651 675 9
651 652 11
652 676 6
653 678 9
654 679 7
655 656 12
656 680 8
656 657 10
657 681 10
657 658 12
658 682 9
659 684 9
659 660 10
660 685 9
661 686 7
661 662 8
662 663 10
663 687 8
664 665 8
665 689 6
665 666 11
667 691 8
668 692 10
670 671 6
671 672 7
672 693 7
672 673 6
673 694 6
673 674 11
674 695 12
674 675 7
675 696 6
675 676 10
676 697 12
676 677 12
677 698 6
677 678 8
679 699 11
680 702 7
680 681 5
681 703 7
681 682 9
682 704 9
682 683 8
683 705 9
683 684 5
684 706 12
684 685 7
685 707 9
686 708 7
687 710 6
687 688 6
688 711 8
689 713 7
690 714 5
690 691 9
691 715 12
692 717 5
693 722 6
693 694 7
694 723 6
694 695 12
695 696 7
696 697 11
697 698 9
698 724 9
699 700 6
700 701 10
701 702 9
702 703 10
703 704 10
704 705 12
705 706 9
706 707 10
708 709 5
709 710 9
710 711 7
711 712 8
712 713 6
714 715 12
715 716 7
716 717 9
717 718 9
718 719 8
719 720 12
721 722 6
722 723 8
724 725 6
10 0.05 0.05 0.05
