726
0 -1.0 -1.0 19.0 187.0 68.0
1 -1.0 -1.0 6.0 30.0 45.0
2 -1.0 -1.0 18.0 394.0 38.0
3 -1.0 -1.0 13.0 357.0 89.0
4 -1.0 -1.0 16.0 190.0 75.0
5 -1.0 -1.0 16.0 55.0 33.0
6 -1.0 -1.0 14.0 30.0 20.0
7 -1.0 -1.0 18.0 74.0 97.0
8 -1.0 -1.0 9.0 281.0 93.0
9 -1.0 -1.0 4.0 25.0 49.0
10 -1.0 -1.0 14.0 228.0 58.0
11 -1.0 -1.0 18.0 241.0 28.0
12 -1.0 -1.0 5.0 180.0 31.0
13 -1.0 -1.0 13.0 299.0 95.0
14 -1.0 -1.0 19.0 25.0 53.0
15 -1.0 -1.0 10.0 264.0 75.0
16 -1.0 -1.0 18.0 61.0 29.0
17 -1.0 -1.0 6.0 115.0 58.0
18 -1.0 -1.0 13.0 141.0 42.0
19 -1.0 -1.0 14.0 142.0 70.0
20 -1.0 -1.0 9.0 194.0 44.0
21 -1.0 -1.0 11.0 394.0 74.0
22 -1.0 -1.0 14.0 372.0 57.0
23 -1.0 -1.0 11.0 225.0 24.0
24 -1.0 -1.0 18.0 331.0 69.0
25 -1.0 -1.0 15.0 310.0 16.0
26 -1.0 -1.0 19.0 384.0 58.0
27 -1.0 -1.0 14.0 350.0 41.0
28 -1.0 -1.0 18.0 287.0 32.0
29 -1.0 -1.0 19.0 399.0 52.0
30 -1.0 -1.0 5.0 352.0 82.0
31 -1.0 -1.0 15.0 241.0 82.0
32 -1.0 -1.0 8.0 315.0 63.0
33 -1.0 -1.0 7.0 295.0 49.0
34 -1.0 -1.0 10.0 220.0 33.0
35 -1.0 -1.0 10.0 178.0 35.0
36 -1.0 -1.0 13.0 122.0 84.0
37 -1.0 -1.0 11.0 73.0 80.0
38 -1.0 -1.0 8.0 225.0 84.0
39 -1.0 -1.0 17.0 42.0 78.0
40 -1.0 -1.0 7.0 257.0 39.0
41 -1.0 -1.0 4.0 287.0 29.0
42 -1.0 -1.0 6.0 307.0 74.0
43 -1.0 -1.0 19.0 187.0 41.0
44 -1.0 -1.0 19.0 190.0 62.0
45 -1.0 -1.0 14.0 145.0 44.0
46 -1.0 -1.0 4.0 117.0 50.0
47 -1.0 -1.0 11.0 211.0 88.0
48 -1.0 -1.0 10.0 325.0 17.0
49 -1.0 -1.0 12.0 21.0 43.0
50 -1.0 -1.0 8.0 289.0 58.0
51 -1.0 -1.0 5.0 335.0 38.0
52 -1.0 -1.0 19.0 93.0 23.0
53 -1.0 -1.0 19.0 166.0 76.0
54 -1.0 -1.0 19.0 215.0 18.0
55 -1.0 -1.0 16.0 232.0 36.0
56 -1.0 -1.0 4.0 336.0 63.0
57 -1.0 -1.0 8.0 175.0 44.0
58 -1.0 -1.0 4.0 130.0 36.0
59 -1.0 -1.0 11.0 321.0 34.0
60 -1.0 -1.0 7.0 342.0 34.0
61 -1.0 -1.0 18.0 212.0 34.0
62 -1.0 -1.0 15.0 188.0 22.0
63 -1.0 -1.0 19.0 350.0 65.0
64 -1.0 -1.0 6.0 167.0 43.0
65 -1.0 -1.0 18.0 145.0 79.0
66 -1.0 -1.0 11.0 380.0 76.0
67 -1.0 -1.0 18.0 118.0 40.0
68 -1.0 -1.0 20.0 366.0 93.0
69 -1.0 -1.0 19.0 148.0 50.0
70 -1.0 -1.0 4.0 18.0 69.0
71 -1.0 -1.0 12.0 299.0 68.0
72 -1.0 -1.0 18.0 162.0 92.0
73 -1.0 -1.0 7.0 381.0 69.0
74 -1.0 -1.0 10.0 340.0 78.0
75 -1.0 -1.0 20.0 358.0 17.0
76 -1.0 -1.0 10.0 137.0 69.0
77 -1.0 -1.0 4.0 88.0 16.0
78 -1.0 -1.0 15.0 249.0 67.0
79 -1.0 -1.0 7.0 88.0 56.0
80 -1.0 -1.0 12.0 172.0 74.0
81 -1.0 -1.0 18.0 153.0 40.0
82 -1.0 -1.0 4.0 92.0 20.0
83 -1.0 -1.0 19.0 85.0 27.0
84 -1.0 -1.0 18.0 302.0 38.0
85 -1.0 -1.0 7.0 166.0 54.0
86 -1.0 -1.0 10.0 259.0 18.0
87 -1.0 -1.0 8.0 16.0 34.0
88 -1.0 -1.0 4.0 280.0 85.0
89 -1.0 -1.0 9.0 275.0 68.0
90 -1.0 -1.0 7.0 167.0 26.0
91 -1.0 -1.0 19.0 272.0 18.0
92 -1.0 -1.0 13.0 203.0 72.0
93 -1.0 -1.0 17.0 33.0 62.0
94 -1.0 -1.0 17.0 18.0 58.0
95 -1.0 -1.0 4.0 383.0 29.0
96 -1.0 -1.0 10.0 219.0 23.0
97 -1.0 -1.0 13.0 258.0 93.0
98 -1.0 -1.0 17.0 83.0 73.0
99 -1.0 -1.0 14.0 208.0 60.0
100 -1.0 -1.0 7.0 96.0 16.0
101 -1.0 -1.0 18.0 353.0 21.0
102 -1.0 -1.0 12.0 309.0 26.0
103 -1.0 -1.0 20.0 227.0 84.0
104 -1.0 -1.0 11.0 74.0 92.0
105 -1.0 -1.0 11.0 220.0 99.0
106 -1.0 -1.0 16.0 175.0 62.0
107 -1.0 -1.0 5.0 19.0 66.0
108 -1.0 -1.0 18.0 199.0 47.0
109 -1.0 -1.0 10.0 15.0 68.0
110 -1.0 -1.0 5.0 131.0 54.0
111 -1.0 -1.0 13.0 232.0 29.0
112 -1.0 -1.0 8.0 353.0 41.0
113 -1.0 -1.0 7.0 17.0 54.0
114 -1.0 -1.0 13.0 142.0 94.0
115 -1.0 -1.0 11.0 109.0 50.0
116 -1.0 -1.0 6.0 88.0 86.0
117 -1.0 -1.0 13.0 304.0 92.0
118 -1.0 -1.0 4.0 239.0 38.0
119 -1.0 -1.0 11.0 394.0 46.0
120 -1.0 -1.0 12.0 50.0 68.0
121 -1.0 -1.0 18.0 97.0 31.0
122 -1.0 -1.0 11.0 107.0 60.0
123 -1.0 -1.0 13.0 214.0 40.0
124 -1.0 -1.0 11.0 157.0 37.0
125 -1.0 -1.0 16.0 91.0 19.0
126 -1.0 -1.0 10.0 311.0 53.0
127 -1.0 -1.0 17.0 363.0 32.0
128 -1.0 -1.0 16.0 73.0 30.0
129 -1.0 -1.0 9.0 154.0 35.0
130 -1.0 -1.0 6.0 60.0 94.0
131 -1.0 -1.0 5.0 120.0 33.0
132 -1.0 -1.0 4.0 104.0 62.0
133 -1.0 -1.0 16.0 220.0 22.0
134 -1.0 -1.0 14.0 87.0 21.0
135 -1.0 -1.0 14.0 54.0 70.0
136 -1.0 -1.0 7.0 211.0 18.0
137 -1.0 -1.0 4.0 75.0 42.0
138 -1.0 -1.0 11.0 62.0 21.0
139 -1.0 -1.0 7.0 343.0 50.0
140 -1.0 -1.0 10.0 101.0 89.0
141 -1.0 -1.0 11.0 216.0 26.0
142 -1.0 -1.0 7.0 153.0 51.0
143 -1.0 -1.0 19.0 201.0 44.0
144 -1.0 -1.0 15.0 266.0 39.0
145 -1.0 -1.0 12.0 290.0 22.0
146 -1.0 -1.0 5.0 217.0 36.0
147 -1.0 -1.0 7.0 141.0 62.0
148 -1.0 -1.0 15.0 231.0 55.0
149 -1.0 -1.0 17.0 363.0 91.0
150 -1.0 -1.0 7.0 240.0 25.0
151 -1.0 -1.0 18.0 167.0 53.0
152 -1.0 -1.0 20.0 156.0 63.0
153 -1.0 -1.0 4.0 361.0 92.0
154 -1.0 -1.0 9.0 296.0 74.0
155 -1.0 -1.0 8.0 314.0 75.0
156 -1.0 -1.0 7.0 70.0 74.0
157 -1.0 -1.0 12.0 204.0 23.0
158 -1.0 -1.0 4.0 240.0 65.0
159 -1.0 -1.0 13.0 314.0 24.0
160 -1.0 -1.0 12.0 331.0 79.0
161 -1.0 -1.0 14.0 341.0 55.0
162 -1.0 -1.0 11.0 26.0 76.0
163 -1.0 -1.0 19.0 392.0 24.0
164 -1.0 -1.0 12.0 194.0 24.0
165 -1.0 -1.0 11.0 228.0 93.0
166 -1.0 -1.0 10.0 53.0 36.0
167 -1.0 -1.0 19.0 120.0 41.0
168 -1.0 -1.0 4.0 102.0 77.0
169 -1.0 -1.0 5.0 224.0 71.0
170 -1.0 -1.0 16.0 235.0 86.0
171 -1.0 -1.0 10.0 80.0 29.0
172 -1.0 -1.0 17.0 204.0 65.0
173 -1.0 -1.0 14.0 78.0 65.0
174 -1.0 -1.0 17.0 66.0 18.0
175 -1.0 -1.0 12.0 178.0 20.0
176 -1.0 -1.0 12.0 320.0 44.0
177 -1.0 -1.0 6.0 151.0 80.0
178 -1.0 -1.0 10.0 202.0 64.0
179 -1.0 -1.0 13.0 64.0 29.0
180 -1.0 -1.0 13.0 299.0 38.0
181 -1.0 -1.0 12.0 56.0 48.0
182 -1.0 -1.0 16.0 204.0 98.0
183 -1.0 -1.0 5.0 67.0 62.0
184 -1.0 -1.0 10.0 294.0 79.0
185 -1.0 -1.0 5.0 202.0 32.0
186 -1.0 -1.0 18.0 46.0 95.0
187 -1.0 -1.0 5.0 335.0 69.0
188 -1.0 -1.0 5.0 189.0 69.0
189 -1.0 -1.0 4.0 149.0 61.0
190 -1.0 -1.0 11.0 156.0 88.0
191 -1.0 -1.0 20.0 382.0 85.0
192 -1.0 -1.0 7.0 56.0 24.0
193 -1.0 -1.0 10.0 138.0 59.0
194 -1.0 -1.0 10.0 99.0 83.0
195 -1.0 -1.0 5.0 37.0 68.0
196 -1.0 -1.0 18.0 79.0 18.0
197 -1.0 -1.0 18.0 18.0 66.0
198 -1.0 -1.0 16.0 286.0 76.0
199 -1.0 -1.0 5.0 313.0 40.0
200 -1.0 -1.0 4.0 346.0 17.0
201 -1.0 -1.0 9.0 314.0 61.0
202 -1.0 -1.0 9.0 27.0 30.0
203 -1.0 -1.0 13.0 44.0 26.0
204 -1.0 -1.0 9.0 206.0 71.0
205 -1.0 -1.0 7.0 291.0 67.0
206 -1.0 -1.0 9.0 118.0 98.0
207 -1.0 -1.0 19.0 180.0 40.0
208 -1.0 -1.0 15.0 299.0 47.0
209 -1.0 -1.0 7.0 345.0 77.0
210 -1.0 -1.0 16.0 122.0 20.0
211 -1.0 -1.0 6.0 349.0 60.0
212 -1.0 -1.0 16.0 101.0 70.0
213 -1.0 -1.0 4.0 284.0 42.0
214 -1.0 -1.0 13.0 174.0 18.0
215 -1.0 -1.0 17.0 217.0 20.0
216 -1.0 -1.0 12.0 292.0 82.0
217 -1.0 -1.0 17.0 310.0 17.0
218 -1.0 -1.0 11.0 180.0 16.0
219 -1.0 -1.0 5.0 253.0 36.0
220 -1.0 -1.0 13.0 281.0 77.0
221 -1.0 -1.0 16.0 353.0 78.0
222 -1.0 -1.0 9.0 186.0 36.0
223 -1.0 -1.0 15.0 383.0 53.0
224 -1.0 -1.0 8.0 368.0 63.0
225 -1.0 -1.0 13.0 346.0 32.0
226 -1.0 -1.0 14.0 192.0 86.0
227 -1.0 -1.0 10.0 79.0 61.0
228 -1.0 -1.0 18.0 84.0 57.0
229 -1.0 -1.0 4.0 42.0 34.0
230 -1.0 -1.0 13.0 34.0 82.0
231 -1.0 -1.0 8.0 55.0 92.0
232 -1.0 -1.0 12.0 252.0 59.0
233 -1.0 -1.0 8.0 278.0 76.0
234 -1.0 -1.0 8.0 358.0 78.0
235 -1.0 -1.0 12.0 227.0 30.0
236 -1.0 -1.0 18.0 303.0 44.0
237 -1.0 -1.0 13.0 364.0 57.0
238 -1.0 -1.0 17.0 200.0 27.0
239 -1.0 -1.0 8.0 79.0 17.0
240 -1.0 -1.0 6.0 36.0 54.0
241 -1.0 -1.0 17.0 290.0 57.0
242 -1.0 -1.0 14.0 358.0 84.0
243 -1.0 -1.0 5.0 200.0 97.0
244 -1.0 -1.0 8.0 228.0 37.0
245 -1.0 -1.0 20.0 87.0 50.0
246 -1.0 -1.0 14.0 30.0 80.0
247 -1.0 -1.0 14.0 376.0 91.0
248 -1.0 -1.0 10.0 123.0 95.0
249 -1.0 -1.0 12.0 371.0 31.0
250 -1.0 -1.0 19.0 359.0 39.0
251 -1.0 -1.0 17.0 245.0 30.0
252 -1.0 -1.0 20.0 124.0 69.0
253 -1.0 -1.0 12.0 268.0 53.0
254 -1.0 -1.0 10.0 125.0 89.0
255 -1.0 -1.0 17.0 159.0 54.0
256 -1.0 -1.0 7.0 63.0 93.0
257 -1.0 -1.0 13.0 118.0 65.0
258 -1.0 -1.0 4.0 252.0 65.0
259 -1.0 -1.0 11.0 185.0 88.0
260 -1.0 -1.0 12.0 255.0 38.0
261 -1.0 -1.0 18.0 393.0 98.0
262 -1.0 -1.0 18.0 53.0 37.0
263 -1.0 -1.0 13.0 41.0 48.0
264 -1.0 -1.0 13.0 75.0 55.0
265 -1.0 -1.0 10.0 318.0 67.0
266 -1.0 -1.0 7.0 210.0 96.0
267 -1.0 -1.0 12.0 368.0 92.0
268 -1.0 -1.0 7.0 278.0 24.0
269 -1.0 -1.0 14.0 178.0 34.0
270 -1.0 -1.0 20.0 245.0 95.0
271 -1.0 -1.0 18.0 67.0 56.0
272 -1.0 -1.0 12.0 351.0 88.0
273 -1.0 -1.0 15.0 99.0 53.0
274 -1.0 -1.0 14.0 283.0 83.0
275 -1.0 -1.0 12.0 128.0 19.0
276 -1.0 -1.0 10.0 318.0 27.0
277 -1.0 -1.0 19.0 60.0 91.0
278 -1.0 -1.0 7.0 319.0 94.0
279 -1.0 -1.0 15.0 286.0 96.0
280 -1.0 -1.0 11.0 244.0 38.0
281 -1.0 -1.0 10.0 287.0 51.0
282 -1.0 -1.0 18.0 307.0 28.0
283 -1.0 -1.0 4.0 16.0 76.0
284 -1.0 -1.0 11.0 83.0 44.0
285 -1.0 -1.0 13.0 170.0 73.0
286 -1.0 -1.0 19.0 112.0 88.0
287 -1.0 -1.0 11.0 264.0 72.0
288 -1.0 -1.0 13.0 269.0 27.0
289 -1.0 -1.0 4.0 276.0 99.0
290 -1.0 -1.0 18.0 224.0 54.0
291 -1.0 -1.0 7.0 266.0 81.0
292 -1.0 -1.0 10.0 278.0 73.0
293 -1.0 -1.0 10.0 375.0 47.0
294 -1.0 -1.0 7.0 171.0 56.0
295 -1.0 -1.0 6.0 255.0 81.0
296 -1.0 -1.0 13.0 92.0 26.0
297 -1.0 -1.0 13.0 166.0 75.0
298 -1.0 -1.0 14.0 234.0 91.0
299 -1.0 -1.0 11.0 16.0 72.0
300 -1.0 -1.0 8.0 15.0 48.0
301 -1.0 -1.0 4.0 228.0 88.0
302 -1.0 -1.0 11.0 376.0 56.0
303 -1.0 -1.0 11.0 398.0 96.0
304 -1.0 -1.0 4.0 36.0 41.0
305 -1.0 -1.0 19.0 356.0 95.0
306 -1.0 -1.0 7.0 297.0 46.0
307 -1.0 -1.0 6.0 224.0 90.0
308 -1.0 -1.0 9.0 284.0 85.0
309 -1.0 -1.0 17.0 263.0 24.0
310 -1.0 -1.0 14.0 108.0 69.0
311 -1.0 -1.0 7.0 124.0 38.0
312 -1.0 -1.0 9.0 297.0 60.0
313 -1.0 -1.0 13.0 261.0 16.0
314 -1.0 -1.0 7.0 47.0 50.0
315 -1.0 -1.0 8.0 129.0 72.0
316 -1.0 -1.0 15.0 36.0 46.0
317 -1.0 -1.0 6.0 308.0 94.0
318 -1.0 -1.0 20.0 117.0 52.0
319 -1.0 -1.0 12.0 385.0 96.0
320 -1.0 -1.0 20.0 51.0 66.0
321 -1.0 -1.0 13.0 206.0 25.0
322 -1.0 -1.0 5.0 392.0 21.0
323 -1.0 -1.0 6.0 289.0 17.0
324 -1.0 -1.0 19.0 144.0 83.0
325 -1.0 -1.0 5.0 60.0 72.0
326 -1.0 -1.0 8.0 32.0 73.0
327 -1.0 -1.0 5.0 316.0 20.0
328 -1.0 -1.0 9.0 142.0 69.0
329 -1.0 -1.0 14.0 387.0 53.0
330 -1.0 -1.0 10.0 105.0 98.0
331 -1.0 -1.0 10.0 15.0 55.0
332 -1.0 -1.0 18.0 86.0 81.0
333 -1.0 -1.0 6.0 29.0 24.0
334 -1.0 -1.0 11.0 363.0 16.0
335 -1.0 -1.0 6.0 375.0 36.0
336 -1.0 -1.0 16.0 165.0 49.0
337 -1.0 -1.0 6.0 331.0 45.0
338 -1.0 -1.0 12.0 99.0 52.0
339 -1.0 -1.0 5.0 254.0 28.0
340 -1.0 -1.0 7.0 381.0 69.0
341 -1.0 -1.0 8.0 317.0 38.0
342 -1.0 -1.0 11.0 142.0 40.0
343 -1.0 -1.0 20.0 43.0 24.0
344 -1.0 -1.0 5.0 256.0 19.0
345 -1.0 -1.0 14.0 249.0 54.0
346 -1.0 -1.0 19.0 258.0 72.0
347 -1.0 -1.0 5.0 168.0 23.0
348 -1.0 -1.0 13.0 287.0 35.0
349 -1.0 -1.0 15.0 79.0 99.0
350 -1.0 -1.0 10.0 28.0 76.0
351 -1.0 -1.0 20.0 208.0 40.0
352 -1.0 -1.0 9.0 199.0 93.0
353 -1.0 -1.0 14.0 356.0 48.0
354 -1.0 -1.0 5.0 162.0 48.0
355 -1.0 -1.0 10.0 58.0 56.0
356 -1.0 -1.0 10.0 296.0 89.0
357 -1.0 -1.0 7.0 174.0 24.0
358 -1.0 -1.0 12.0 308.0 59.0
359 -1.0 -1.0 14.0 308.0 37.0
360 -1.0 -1.0 4.0 243.0 70.0
361 -1.0 -1.0 19.0 135.0 92.0
362 -1.0 -1.0 19.0 182.0 80.0
363 -1.0 -1.0 7.0 96.0 89.0
364 -1.0 -1.0 11.0 20.0 58.0
365 -1.0 -1.0 4.0 36.0 41.0
366 -1.0 -1.0 19.0 392.0 72.0
367 -1.0 -1.0 20.0 306.0 73.0
368 -1.0 -1.0 11.0 106.0 87.0
369 -1.0 -1.0 6.0 20.0 72.0
370 -1.0 -1.0 4.0 393.0 15.0
371 -1.0 -1.0 9.0 316.0 63.0
372 -1.0 -1.0 16.0 136.0 27.0
373 -1.0 -1.0 13.0 205.0 71.0
374 -1.0 -1.0 4.0 149.0 75.0
375 -1.0 -1.0 5.0 46.0 80.0
376 -1.0 -1.0 4.0 31.0 21.0
377 -1.0 -1.0 17.0 233.0 32.0
378 -1.0 -1.0 19.0 315.0 99.0
379 -1.0 -1.0 13.0 89.0 48.0
380 -1.0 -1.0 5.0 188.0 52.0
381 -1.0 -1.0 7.0 325.0 93.0
382 -1.0 -1.0 13.0 58.0 65.0
383 -1.0 -1.0 18.0 235.0 58.0
384 -1.0 -1.0 4.0 350.0 46.0
385 -1.0 -1.0 14.0 300.0 92.0
386 -1.0 -1.0 5.0 171.0 92.0
387 -1.0 -1.0 14.0 317.0 56.0
388 -1.0 -1.0 20.0 119.0 84.0
389 -1.0 -1.0 19.0 342.0 79.0
390 -1.0 -1.0 14.0 99.0 59.0
391 -1.0 -1.0 18.0 374.0 44.0
392 -1.0 -1.0 15.0 371.0 63.0
393 -1.0 -1.0 5.0 20.0 53.0
394 -1.0 -1.0 12.0 127.0 17.0
395 -1.0 -1.0 17.0 52.0 61.0
396 -1.0 -1.0 10.0 269.0 35.0
397 -1.0 -1.0 13.0 179.0 83.0
398 -1.0 -1.0 6.0 101.0 93.0
399 -1.0 -1.0 7.0 294.0 60.0
400 -1.0 -1.0 14.0 364.0 64.0
401 -1.0 -1.0 5.0 362.0 32.0
402 -1.0 -1.0 11.0 40.0 90.0
403 -1.0 -1.0 4.0 201.0 99.0
404 -1.0 -1.0 14.0 115.0 72.0
405 -1.0 -1.0 5.0 102.0 99.0
406 -1.0 -1.0 20.0 200.0 89.0
407 -1.0 -1.0 14.0 77.0 62.0
408 -1.0 -1.0 11.0 317.0 37.0
409 -1.0 -1.0 20.0 90.0 56.0
410 -1.0 -1.0 11.0 196.0 85.0
411 -1.0 -1.0 14.0 341.0 78.0
412 -1.0 -1.0 7.0 60.0 93.0
413 -1.0 -1.0 11.0 53.0 17.0
414 -1.0 -1.0 6.0 386.0 72.0
415 -1.0 -1.0 19.0 158.0 46.0
416 -1.0 -1.0 7.0 364.0 94.0
417 -1.0 -1.0 10.0 232.0 62.0
418 -1.0 -1.0 20.0 331.0 25.0
419 -1.0 -1.0 13.0 388.0 47.0
420 -1.0 -1.0 4.0 56.0 65.0
421 -1.0 -1.0 17.0 199.0 70.0
422 -1.0 -1.0 16.0 164.0 74.0
423 -1.0 -1.0 10.0 36.0 70.0
424 -1.0 -1.0 7.0 125.0 99.0
425 -1.0 -1.0 12.0 389.0 100.0
426 -1.0 -1.0 12.0 18.0 98.0
427 -1.0 -1.0 4.0 181.0 82.0
428 -1.0 -1.0 20.0 370.0 87.0
429 -1.0 -1.0 10.0 118.0 63.0
430 -1.0 -1.0 4.0 303.0 46.0
431 -1.0 -1.0 11.0 163.0 16.0
432 -1.0 -1.0 18.0 115.0 97.0
433 -1.0 -1.0 14.0 267.0 26.0
434 -1.0 -1.0 20.0 247.0 48.0
435 -1.0 -1.0 16.0 359.0 47.0
436 -1.0 -1.0 5.0 17.0 77.0
437 -1.0 -1.0 10.0 152.0 56.0
438 -1.0 -1.0 8.0 236.0 39.0
439 -1.0 -1.0 15.0 332.0 21.0
440 -1.0 -1.0 7.0 294.0 41.0
441 -1.0 -1.0 15.0 104.0 25.0
442 -1.0 -1.0 18.0 256.0 54.0
443 -1.0 -1.0 8.0 334.0 66.0
444 -1.0 -1.0 13.0 379.0 61.0
445 -1.0 -1.0 16.0 335.0 40.0
446 -1.0 -1.0 13.0 309.0 39.0
447 -1.0 -1.0 14.0 193.0 20.0
448 -1.0 -1.0 13.0 112.0 82.0
449 -1.0 -1.0 12.0 380.0 93.0
450 -1.0 -1.0 13.0 214.0 19.0
451 -1.0 -1.0 15.0 250.0 24.0
452 -1.0 -1.0 12.0 114.0 71.0
453 -1.0 -1.0 4.0 260.0 96.0
454 -1.0 -1.0 20.0 257.0 24.0
455 -1.0 -1.0 4.0 165.0 63.0
456 -1.0 -1.0 10.0 53.0 86.0
457 -1.0 -1.0 17.0 222.0 84.0
458 -1.0 -1.0 8.0 41.0 80.0
459 -1.0 -1.0 8.0 56.0 69.0
460 -1.0 -1.0 20.0 187.0 39.0
461 -1.0 -1.0 12.0 225.0 42.0
462 -1.0 -1.0 15.0 338.0 72.0
463 -1.0 -1.0 6.0 341.0 74.0
464 -1.0 -1.0 11.0 347.0 100.0
465 -1.0 -1.0 4.0 21.0 36.0
466 -1.0 -1.0 9.0 242.0 83.0
467 -1.0 -1.0 11.0 294.0 40.0
468 -1.0 -1.0 11.0 97.0 91.0
469 -1.0 -1.0 7.0 231.0 47.0
470 -1.0 -1.0 5.0 331.0 97.0
471 -1.0 -1.0 13.0 233.0 45.0
472 -1.0 -1.0 9.0 176.0 61.0
473 -1.0 -1.0 19.0 165.0 16.0
474 -1.0 -1.0 16.0 73.0 15.0
475 -1.0 -1.0 6.0 130.0 20.0
476 -1.0 -1.0 4.0 379.0 67.0
477 -1.0 -1.0 18.0 363.0 23.0
478 -1.0 -1.0 11.0 106.0 55.0
479 -1.0 -1.0 11.0 354.0 54.0
480 -1.0 -1.0 6.0 365.0 84.0
481 -1.0 -1.0 16.0 184.0 92.0
482 -1.0 -1.0 14.0 267.0 79.0
483 -1.0 -1.0 7.0 334.0 84.0
484 -1.0 -1.0 4.0 100.0 79.0
485 -1.0 -1.0 18.0 88.0 47.0
486 -1.0 -1.0 18.0 42.0 41.0
487 -1.0 -1.0 14.0 84.0 20.0
488 -1.0 -1.0 16.0 259.0 59.0
489 -1.0 -1.0 6.0 336.0 38.0
490 -1.0 -1.0 17.0 391.0 91.0
491 -1.0 -1.0 10.0 91.0 21.0
492 -1.0 -1.0 7.0 24.0 53.0
493 -1.0 -1.0 14.0 132.0 46.0
494 -1.0 -1.0 17.0 357.0 26.0
495 -1.0 -1.0 4.0 269.0 94.0
496 -1.0 -1.0 16.0 100.0 66.0
497 -1.0 -1.0 11.0 186.0 28.0
498 -1.0 -1.0 15.0 238.0 81.0
499 -1.0 -1.0 4.0 52.0 30.0
500 -1.0 -1.0 20.0 225.0 27.0
501 -1.0 -1.0 14.0 159.0 61.0
502 -1.0 -1.0 19.0 371.0 100.0
503 -1.0 -1.0 18.0 106.0 65.0
504 -1.0 -1.0 19.0 42.0 31.0
505 -1.0 -1.0 19.0 176.0 57.0
506 -1.0 -1.0 7.0 364.0 49.0
507 -1.0 -1.0 9.0 96.0 49.0
508 -1.0 -1.0 18.0 382.0 38.0
509 -1.0 -1.0 4.0 226.0 75.0
510 -1.0 -1.0 19.0 94.0 63.0
511 -1.0 -1.0 16.0 59.0 53.0
512 -1.0 -1.0 10.0 371.0 87.0
513 -1.0 -1.0 18.0 169.0 93.0
514 -1.0 -1.0 7.0 337.0 97.0
515 -1.0 -1.0 11.0 286.0 70.0
516 -1.0 -1.0 19.0 164.0 31.0
517 -1.0 -1.0 20.0 44.0 48.0
518 -1.0 -1.0 18.0 234.0 69.0
519 -1.0 -1.0 19.0 367.0 39.0
520 -1.0 -1.0 11.0 120.0 99.0
521 -1.0 -1.0 5.0 305.0 16.0
522 -1.0 -1.0 11.0 172.0 33.0
523 -1.0 -1.0 16.0 123.0 50.0
524 -1.0 -1.0 20.0 370.0 39.0
525 -1.0 -1.0 19.0 124.0 66.0
526 -1.0 -1.0 12.0 184.0 32.0
527 -1.0 -1.0 5.0 142.0 16.0
528 -1.0 -1.0 8.0 285.0 100.0
529 -1.0 -1.0 7.0 131.0 38.0
530 -1.0 -1.0 7.0 188.0 27.0
531 -1.0 -1.0 7.0 223.0 16.0
532 -1.0 -1.0 20.0 304.0 17.0
533 -1.0 -1.0 6.0 320.0 94.0
534 -1.0 -1.0 17.0 71.0 76.0
535 -1.0 -1.0 7.0 204.0 81.0
536 -1.0 -1.0 9.0 223.0 24.0
537 -1.0 -1.0 17.0 178.0 18.0
538 -1.0 -1.0 5.0 116.0 20.0
539 -1.0 -1.0 20.0 49.0 92.0
540 -1.0 -1.0 13.0 251.0 59.0
541 -1.0 -1.0 18.0 68.0 99.0
542 -1.0 -1.0 12.0 314.0 44.0
543 -1.0 -1.0 20.0 369.0 23.0
544 -1.0 -1.0 4.0 194.0 23.0
545 -1.0 -1.0 4.0 93.0 26.0
546 -1.0 -1.0 7.0 344.0 43.0
547 -1.0 -1.0 4.0 31.0 94.0
548 -1.0 -1.0 9.0 65.0 70.0
549 -1.0 -1.0 16.0 396.0 44.0
550 -1.0 -1.0 15.0 293.0 60.0
551 -1.0 -1.0 11.0 246.0 69.0
552 -1.0 -1.0 7.0 232.0 98.0
553 -1.0 -1.0 17.0 80.0 68.0
554 -1.0 -1.0 16.0 379.0 42.0
555 -1.0 -1.0 13.0 19.0 27.0
556 -1.0 -1.0 9.0 251.0 45.0
557 -1.0 -1.0 8.0 395.0 75.0
558 -1.0 -1.0 9.0 360.0 68.0
559 -1.0 -1.0 15.0 248.0 91.0
560 -1.0 -1.0 19.0 53.0 78.0
561 -1.0 -1.0 14.0 398.0 40.0
562 -1.0 -1.0 8.0 199.0 17.0
563 -1.0 -1.0 7.0 140.0 100.0
564 -1.0 -1.0 8.0 154.0 88.0
565 -1.0 -1.0 7.0 169.0 70.0
566 -1.0 -1.0 4.0 228.0 27.0
567 -1.0 -1.0 7.0 86.0 34.0
568 -1.0 -1.0 4.0 157.0 94.0
569 -1.0 -1.0 15.0 205.0 52.0
570 -1.0 -1.0 7.0 316.0 58.0
571 -1.0 -1.0 18.0 74.0 93.0
572 -1.0 -1.0 13.0 87.0 26.0
573 -1.0 -1.0 19.0 198.0 22.0
574 -1.0 -1.0 4.0 362.0 59.0
575 -1.0 -1.0 4.0 17.0 24.0
576 -1.0 -1.0 14.0 231.0 76.0
577 -1.0 -1.0 11.0 124.0 27.0
578 -1.0 -1.0 11.0 300.0 53.0
579 -1.0 -1.0 15.0 244.0 51.0
580 -1.0 -1.0 9.0 98.0 81.0
581 -1.0 -1.0 19.0 33.0 65.0
582 -1.0 -1.0 6.0 220.0 82.0
583 -1.0 -1.0 5.0 388.0 29.0
584 -1.0 -1.0 11.0 45.0 49.0
585 -1.0 -1.0 4.0 169.0 34.0
586 -1.0 -1.0 14.0 92.0 85.0
587 -1.0 -1.0 19.0 321.0 43.0
588 -1.0 -1.0 14.0 283.0 86.0
589 -1.0 -1.0 10.0 307.0 71.0
590 -1.0 -1.0 9.0 274.0 88.0
591 -1.0 -1.0 15.0 141.0 50.0
592 -1.0 -1.0 16.0 81.0 80.0
593 -1.0 -1.0 10.0 377.0 79.0
594 -1.0 -1.0 8.0 22.0 45.0
595 -1.0 -1.0 7.0 218.0 35.0
596 -1.0 -1.0 12.0 103.0 70.0
597 -1.0 -1.0 13.0 285.0 44.0
598 -1.0 -1.0 13.0 88.0 38.0
599 -1.0 -1.0 6.0 22.0 78.0
600 -1.0 -1.0 14.0 262.0 99.0
601 -1.0 -1.0 17.0 270.0 73.0
602 -1.0 -1.0 15.0 385.0 96.0
603 -1.0 -1.0 18.0 151.0 80.0
604 -1.0 -1.0 7.0 266.0 51.0
605 -1.0 -1.0 13.0 390.0 75.0
606 -1.0 -1.0 18.0 357.0 95.0
607 -1.0 -1.0 20.0 293.0 56.0
608 -1.0 -1.0 19.0 109.0 85.0
609 -1.0 -1.0 11.0 71.0 59.0
610 -1.0 -1.0 17.0 26.0 26.0
611 -1.0 -1.0 8.0 319.0 90.0
612 -1.0 -1.0 11.0 269.0 21.0
613 -1.0 -1.0 8.0 194.0 56.0
614 -1.0 -1.0 9.0 143.0 79.0
615 -1.0 -1.0 4.0 335.0 16.0
616 -1.0 -1.0 4.0 382.0 45.0
617 -1.0 -1.0 4.0 369.0 77.0
618 -1.0 -1.0 18.0 181.0 65.0
619 -1.0 -1.0 14.0 152.0 97.0
620 -1.0 -1.0 16.0 266.0 88.0
621 -1.0 -1.0 13.0 39.0 51.0
622 -1.0 -1.0 14.0 178.0 77.0
623 -1.0 -1.0 6.0 296.0 28.0
624 -1.0 -1.0 19.0 30.0 15.0
625 -1.0 -1.0 7.0 194.0 59.0
626 -1.0 -1.0 5.0 126.0 34.0
627 -1.0 -1.0 4.0 57.0 55.0
628 -1.0 -1.0 7.0 160.0 76.0
629 -1.0 -1.0 9.0 373.0 52.0
630 -1.0 -1.0 7.0 124.0 67.0
631 -1.0 -1.0 19.0 382.0 99.0
632 -1.0 -1.0 6.0 273.0 55.0
633 -1.0 -1.0 6.0 146.0 47.0
634 -1.0 -1.0 12.0 125.0 57.0
635 -1.0 -1.0 7.0 147.0 68.0
636 -1.0 -1.0 5.0 113.0 39.0
637 -1.0 -1.0 12.0 324.0 23.0
638 -1.0 -1.0 20.0 390.0 39.0
639 -1.0 -1.0 11.0 157.0 38.0
640 -1.0 -1.0 4.0 56.0 56.0
641 -1.0 -1.0 12.0 178.0 94.0
642 -1.0 -1.0 7.0 250.0 50.0
643 -1.0 -1.0 20.0 37.0 44.0
644 -1.0 -1.0 11.0 175.0 58.0
645 -1.0 -1.0 10.0 384.0 24.0
646 -1.0 -1.0 18.0 148.0 46.0
647 -1.0 -1.0 4.0 317.0 57.0
648 -1.0 -1.0 19.0 93.0 79.0
649 -1.0 -1.0 7.0 145.0 16.0
650 -1.0 -1.0 8.0 45.0 66.0
651 -1.0 -1.0 10.0 337.0 89.0
652 -1.0 -1.0 14.0 393.0 30.0
653 -1.0 -1.0 10.0 361.0 24.0
654 -1.0 -1.0 18.0 337.0 61.0
655 -1.0 -1.0 19.0 348.0 87.0
656 -1.0 -1.0 16.0 367.0 42.0
657 -1.0 -1.0 14.0 99.0 70.0
658 -1.0 -1.0 14.0 76.0 45.0
659 -1.0 -1.0 4.0 378.0 99.0
660 -1.0 -1.0 19.0 107.0 21.0
661 -1.0 -1.0 17.0 91.0 83.0
662 -1.0 -1.0 6.0 35.0 49.0
663 -1.0 -1.0 14.0 179.0 45.0
664 -1.0 -1.0 12.0 259.0 78.0
665 -1.0 -1.0 15.0 198.0 29.0
666 -1.0 -1.0 20.0 333.0 90.0
667 -1.0 -1.0 8.0 142.0 24.0
668 -1.0 -1.0 18.0 252.0 63.0
669 -1.0 -1.0 7.0 212.0 48.0
670 -1.0 -1.0 9.0 339.0 51.0
671 -1.0 -1.0 17.0 374.0 57.0
672 -1.0 -1.0 7.0 287.0 31.0
673 -1.0 -1.0 19.0 257.0 40.0
674 -1.0 -1.0 17.0 111.0 31.0
675 -1.0 -1.0 12.0 399.0 95.0
676 -1.0 -1.0 18.0 208.0 32.0
677 -1.0 -1.0 9.0 223.0 25.0
678 -1.0 -1.0 6.0 397.0 87.0
679 -1.0 -1.0 7.0 134.0 63.0
680 -1.0 -1.0 10.0 125.0 62.0
681 -1.0 -1.0 12.0 249.0 19.0
682 -1.0 -1.0 7.0 189.0 48.0
683 -1.0 -1.0 19.0 29.0 41.0
684 -1.0 -1.0 13.0 186.0 58.0
685 -1.0 -1.0 6.0 297.0 22.0
686 -1.0 -1.0 16.0 231.0 52.0
687 -1.0 -1.0 19.0 359.0 23.0
688 -1.0 -1.0 18.0 165.0 100.0
689 -1.0 -1.0 16.0 128.0 66.0
690 -1.0 -1.0 4.0 26.0 99.0
691 -1.0 -1.0 16.0 388.0 72.0
692 -1.0 -1.0 15.0 350.0 32.0
693 -1.0 -1.0 11.0 138.0 59.0
694 -1.0 -1.0 15.0 334.0 100.0
695 -1.0 -1.0 11.0 340.0 46.0
696 -1.0 -1.0 14.0 90.0 68.0
697 -1.0 -1.0 15.0 92.0 43.0
698 -1.0 -1.0 7.0 129.0 94.0
699 -1.0 -1.0 4.0 251.0 45.0
700 -1.0 -1.0 12.0 93.0 68.0
701 -1.0 -1.0 20.0 83.0 70.0
702 -1.0 -1.0 5.0 381.0 79.0
703 -1.0 -1.0 11.0 117.0 17.0
704 -1.0 -1.0 10.0 176.0 74.0
705 -1.0 -1.0 16.0 305.0 96.0
706 -1.0 -1.0 19.0 119.0 66.0
707 -1.0 -1.0 20.0 47.0 17.0
708 -1.0 -1.0 17.0 286.0 60.0
709 -1.0 -1.0 5.0 255.0 51.0
710 -1.0 -1.0 6.0 228.0 63.0
711 -1.0 -1.0 12.0 219.0 87.0
712 -1.0 -1.0 14.0 163.0 45.0
713 -1.0 -1.0 19.0 183.0 19.0
714 -1.0 -1.0 13.0 349.0 67.0
715 -1.0 -1.0 18.0 320.0 49.0
716 -1.0 -1.0 19.0 123.0 42.0
717 -1.0 -1.0 17.0 79.0 25.0
718 -1.0 -1.0 7.0 192.0 75.0
719 -1.0 -1.0 17.0 213.0 50.0
720 -1.0 -1.0 20.0 394.0 36.0
721 -1.0 -1.0 9.0 113.0 84.0
722 -1.0 -1.0 10.0 201.0 69.0
723 -1.0 -1.0 6.0 320.0 97.0
724 -1.0 -1.0 6.0 274.0 98.0
725 -1.0 -1.0 20.0 166.0 21.0
940
0 18 12
1 20 10
2 22 12
3 4 12
4 26 11
4 5 8
5 27 12
5 6 11
6 28 10
6 7 5
7 8 12
8 9 6
9 29 11
10 32 8
10 11 7
12 34 5
12 13 8
13 35 12
13 14 8
14 15 11
15 16 5
16 36 6
17 40 9
18 43 9
18 19 8
19 44 6
19 20 6
20 45 10
20 21 9
21 46 7
21 22 6
22 47 12
22 23 7
23 48 9
23 24 11
24 25 7
26 50 6
26 27 7
27 28 10
28 51 9
30 55 11
30 31 7
31 56 10
31 32 10
33 34 10
34 57 8
34 35 10
35 58 9
36 60 11
36 37 11
37 61 11
37 38 5
38 39 11
39 62 6
39 40 8
40 41 10
41 63 11
42 43 9
43 65 6
43 44 5
44 66 9
44 45 11
45 46 8
46 47 10
47 67 11
47 48 11
48 68 10
49 50 6
51 71 11
51 52 10
52 72 9
52 53 12
54 55 8
55 73 10
55 56 6
56 74 10
57 76 9
57 58 12
58 59 9
60 78 10
60 61 10
61 79 8
62 80 9
64 81 7
65 66 5
66 83 8
67 86 11
67 68 12
68 87 8
68 69 8
69 88 6
69 70 11
71 92 11
71 72 6
72 93 6
73 96 8
73 74 8
75 97 12
76 99 7
77 78 6
78 102 6
78 79 12
79 103 5
80 105 10
81 108 7
81 82 12
82 109 11
83 84 12
84 85 8
85 86 5
86 111 7
86 87 8
87 112 12
87 88 11
88 113 11
89 115 5
89 90 9
90 116 10
90 91 12
91 92 9
92 117 9
92 93 11
94 119 9
94 95 6
95 96 12
96 120 12
97 122 5
97 98 9
98 123 10
98 99 9
99 100 10
100 101 11
101 124 8
102 103 8
103 126 12
103 104 5
104 127 6
104 105 10
105 106 8
106 128 7
106 107 5
107 129 11
108 130 6
108 109 5
109 131 7
109 110 6
110 132 9
111 135 11
111 112 7
112 113 10
113 136 9
113 114 11
114 137 9
114 115 10
115 116 10
116 138 5
117 140 9
118 119 8
119 142 10
120 143 12
120 121 12
121 144 7
122 146 5
122 123 8
123 147 9
124 149 9
124 125 11
125 150 9
126 127 5
127 152 5
128 153 5
128 129 12
129 154 6
130 131 11
131 155 7
131 132 7
132 156 9
132 133 10
133 157 11
133 134 12
135 159 9
136 137 8
137 161 11
138 139 9
139 163 5
139 140 12
140 164 11
140 141 8
141 165 6
142 167 12
143 169 12
143 144 7
144 170 12
144 145 5
145 171 12
145 146 9
146 172 11
146 147 6
147 173 12
148 175 12
148 149 11
149 176 11
149 150 5
150 177 7
150 151 5
151 178 9
152 180 6
153 182 5
153 154 7
154 183 10
155 185 11
155 156 11
156 186 12
156 157 9
157 187 7
158 159 5
159 188 9
159 160 8
160 189 6
161 162 10
162 191 5
163 193 8
163 164 11
164 194 8
164 165 11
165 166 6
166 167 6
167 168 7
168 195 7
168 169 6
169 170 9
170 171 9
171 196 9
171 172 8
172 197 7
172 173 8
173 198 10
173 174 11
174 175 8
175 199 8
175 176 12
176 177 5
177 200 6
177 178 12
178 179 10
179 201 5
179 180 6
180 202 10
180 181 5
181 203 7
181 182 10
182 183 7
183 204 11
184 205 12
184 185 5
185 206 5
185 186 10
186 187 11
187 207 5
188 209 7
188 189 5
189 210 7
189 190 7
191 211 7
191 192 5
192 212 11
192 193 12
193 213 10
193 194 10
194 214 12
196 197 12
197 219 5
197 198 5
198 220 10
199 222 11
201 202 8
202 203 9
203 225 11
205 227 5
205 206 6
206 228 7
207 208 10
208 229 5
209 231 6
209 210 9
210 232 6
211 234 12
211 212 11
212 213 5
213 214 8
214 235 12
215 237 10
215 216 6
217 218 10
218 239 8
219 240 6
219 220 10
220 241 5
220 221 6
221 222 5
222 223 7
224 243 11
225 245 9
225 226 7
226 246 9
227 228 7
228 247 10
229 249 12
229 230 12
230 231 7
231 250 12
231 232 7
232 251 9
232 233 6
235 254 11
235 236 8
236 255 6
236 237 7
237 256 12
238 258 12
239 260 9
240 241 10
242 243 8
243 265 11
244 245 7
245 267 11
245 246 6
246 268 11
247 248 5
248 271 12
250 251 5
251 274 11
252 253 5
253 254 12
254 277 12
254 255 7
255 278 10
255 256 5
256 257 9
257 258 8
258 279 9
258 259 6
259 280 7
259 260 5
260 261 10
261 281 5
262 263 11
263 284 8
263 264 9
264 285 12
265 286 5
265 266 5
266 287 12
267 289 7
267 268 12
268 290 12
268 269 9
270 291 5
271 293 6
271 272 6
272 294 7
273 296 9
274 275 7
275 276 5
277 278 11
279 300 11
279 280 8
280 301 12
281 282 10
282 302 5
282 283 9
284 303 12
284 285 7
285 304 10
286 306 6
286 287 9
287 307 8
287 288 5
288 289 5
289 308 9
289 290 6
291 310 6
291 292 7
292 311 9
292 293 9
293 294 10
294 295 8
295 296 11
296 312 12
296 297 10
297 313 12
298 316 5
299 318 10
300 321 12
300 301 6
301 322 10
302 324 12
303 325 6
303 304 6
304 326 9
304 305 11
305 327 9
305 306 10
306 307 10
307 328 6
309 330 12
310 331 10
310 311 5
312 313 7
313 314 5
315 335 12
315 316 7
316 336 5
316 317 7
317 318 7
318 337 5
318 319 6
320 338 6
321 340 8
321 322 11
323 342 8
323 324 5
324 343 10
325 326 7
326 327 7
327 345 12
328 346 7
328 329 10
329 347 11
330 349 11
332 351 10
332 333 5
334 355 8
334 335 6
335 356 7
335 336 5
336 357 6
337 359 11
338 361 12
338 339 9
339 362 9
339 340 7
340 363 7
341 364 12
341 342 8
342 365 5
342 343 9
343 366 6
344 367 8
346 347 12
347 370 9
347 348 5
348 371 7
349 372 8
350 374 8
350 351 9
351 375 12
352 353 10
353 376 10
353 354 6
354 377 5
355 379 10
355 356 6
356 380 7
356 357 10
357 381 9
357 358 5
358 382 9
358 359 5
359 383 11
359 360 7
360 384 12
361 386 12
361 362 10
362 387 7
362 363 10
364 365 5
365 388 9
365 366 8
367 368 12
368 389 12
368 369 9
369 390 10
370 393 8
370 371 5
372 395 11
373 396 12
373 374 8
374 397 7
374 375 12
375 398 5
376 377 8
377 400 7
377 378 10
378 401 8
378 379 9
379 402 8
379 380 5
380 381 8
381 403 7
381 382 9
382 383 11
383 404 12
383 384 11
384 405 11
384 385 5
385 406 6
385 386 6
386 407 11
386 387 11
387 408 7
389 414 10
389 390 6
390 415 12
391 392 12
392 417 12
392 393 7
393 418 11
394 420 5
394 395 12
396 397 8
397 421 10
397 398 12
398 399 10
399 422 8
400 401 7
401 402 7
402 424 11
404 405 9
405 426 12
405 406 10
406 407 5
407 427 9
407 408 6
408 428 10
409 410 10
410 430 5
411 432 8
411 412 10
412 433 7
412 413 10
413 434 9
413 414 6
414 435 9
414 415 10
415 436 5
415 416 8
416 437 6
417 418 11
418 439 7
418 419 6
419 440 9
419 420 6
420 441 5
421 443 6
422 423 8
423 444 9
424 448 5
424 425 9
425 449 7
426 452 10
427 454 8
427 428 9
428 455 11
428 429 9
430 457 6
430 431 12
431 458 7
431 432 11
432 433 8
433 459 9
433 434 11
434 460 7
434 435 10
435 461 5
435 436 7
436 462 10
436 437 5
437 438 9
438 463 11
439 440 12
440 441 11
441 465 12
441 442 5
442 466 6
443 467 6
444 468 11
444 445 12
445 469 8
445 446 12
446 447 8
447 470 8
447 448 12
448 471 12
448 449 8
449 472 6
449 450 7
450 473 11
450 451 11
451 474 11
452 476 12
452 453 9
453 477 7
453 454 5
454 478 8
454 455 11
455 479 6
456 457 6
457 480 7
457 458 9
459 482 6
459 460 12
460 483 11
460 461 6
461 462 8
462 484 10
463 464 7
464 485 6
465 466 7
467 488 5
468 469 8
469 490 8
470 491 5
470 471 6
471 492 9
471 472 9
472 493 12
472 473 10
473 494 12
473 474 12
474 495 10
474 475 7
475 496 9
475 476 6
476 477 12
477 497 11
477 478 6
478 498 10
478 479 12
481 500 8
481 482 5
482 501 7
482 483 8
483 502 7
484 504 6
486 506 10
487 509 9
487 488 10
488 510 12
489 512 9
491 492 5
492 515 9
492 493 12
493 516 11
493 494 5
494 495 6
495 517 10
495 496 9
497 498 9
498 518 7
499 521 11
499 500 6
500 501 8
501 522 11
501 502 9
502 503 5
503 504 11
504 523 7
505 525 8
505 506 12
506 526 8
506 507 10
507 508 10
508 527 10
509 510 8
510 511 8
511 528 11
511 512 7
512 529 8
512 513 9
513 530 12
514 532 5
515 534 5
515 516 8
516 535 7
518 519 9
519 539 8
520 541 8
520 521 6
521 542 8
522 544 10
523 547 5
523 524 7
524 548 5
525 550 7
525 526 6
526 551 12
527 552 8
528 554 6
528 529 7
529 555 9
529 530 6
530 531 5
531 556 5
531 532 8
532 557 5
532 533 7
533 558 10
533 534 9
534 559 7
534 535 8
535 560 9
536 562 12
536 537 10
537 563 11
537 538 5
538 564 12
539 566 10
539 540 5
541 568 8
541 542 8
542 543 11
543 544 7
544 569 8
544 545 10
545 546 8
546 547 9
547 570 9
547 548 9
549 572 10
549 550 12
550 551 6
553 574 9
553 554 5
554 575 5
554 555 6
555 576 11
556 557 7
557 577 8
557 558 7
558 578 6
558 559 6
559 579 5
559 560 8
560 580 5
561 582 5
561 562 7
562 563 10
563 583 9
563 564 6
564 565 9
565 566 8
566 584 12
567 586 10
567 568 6
568 587 6
570 592 6
571 593 5
571 572 6
572 594 11
573 595 12
574 598 11
574 575 11
575 599 7
575 576 5
576 600 12
577 601 7
577 578 11
578 579 6
579 602 6
579 580 9
580 581 11
581 603 8
581 582 8
582 604 7
583 606 5
584 585 10
585 608 9
585 586 5
586 609 11
586 587 11
587 610 9
587 588 11
588 611 9
588 589 6
589 612 8
590 591 10
591 592 8
593 594 8
594 615 7
595 596 5
596 618 11
597 619 6
597 598 6
598 599 11
599 600 8
600 620 12
601 623 9
603 625 5
603 604 8
604 626 5
604 605 12
605 606 5
606 627 8
606 607 8
607 628 12
608 630 9
608 609 5
609 631 9
609 610 11
610 611 7
611 612 9
612 632 5
612 613 5
614 635 5
615 637 7
615 616 9
616 638 10
616 617 6
618 640 7
620 642 11
620 621 5
621 622 8
622 623 6
623 643 12
624 625 11
625 646 7
625 626 9
627 628 10
628 648 10
628 629 6
629 649 9
630 651 6
630 631 8
631 652 10
632 654 8
633 656 11
633 634 10
635 636 12
636 658 7
636 637 7
637 659 8
637 638 9
638 660 9
639 662 7
639 640 10
641 663 7
641 642 8
642 664 8
643 665 10
643 644 5
644 645 8
647 668 7
648 649 11
649 650 8
650 651 12
651 670 12
651 652 10
652 671 11
653 654 12
654 672 10
654 655 7
655 656 11
656 673 6
657 675 7
658 677 5
658 659 11
659 678 5
659 660 12
660 679 10
660 661 11
661 662 11
662 680 9
663 684 10
663 664 8
664 685 8
666 687 6
667 668 10
668 689 9
668 669 9
669 690 5
670 693 9
670 671 6
672 695 11
673 674 12
674 675 5
675 697 11
675 676 10
676 698 10
676 677 12
677 678 9
678 679 6
679 699 9
680 701 8
680 681 7
681 702 11
682 703 6
682 683 12
683 684 6
684 704 7
684 685 9
685 705 11
686 707 7
687 711 12
687 688 6
689 690 11
690 691 6
691 712 8
691 692 10
692 713 11
693 715 10
694 717 10
694 695 12
695 718 5
695 696 9
697 721 11
697 698 7
699 723 9
699 700 8
700 724 8
700 701 7
701 725 12
701 702 5
704 705 9
705 706 5
706 707 11
707 708 8
708 709 6
709 710 8
710 711 5
712 713 7
713 714 9
714 715 7
715 716 8
717 718 12
719 720 10
720 721 7
722 723 6
723 724 10
724 725 8
10 0.05 0.05 0.05
