500
0 -1.0 -1.0 55.0 92.0 7.0
1 -1.0 -1.0 7.0 96.0 6.0
2 -1.0 -1.0 80.0 95.0 16.0
3 -1.0 -1.0 50.0 13.0 10.0
4 -1.0 -1.0 64.0 66.0 17.0
5 -1.0 -1.0 38.0 89.0 17.0
6 -1.0 -1.0 84.0 25.0 11.0
7 -1.0 -1.0 27.0 94.0 5.0
8 -1.0 -1.0 28.0 29.0 16.0
9 -1.0 -1.0 9.0 72.0 14.0
10 -1.0 -1.0 94.0 87.0 18.0
11 -1.0 -1.0 2.0 26.0 17.0
12 -1.0 -1.0 100.0 98.0 7.0
13 -1.0 -1.0 34.0 45.0 9.0
14 -1.0 -1.0 73.0 17.0 17.0
15 -1.0 -1.0 91.0 0.0 10.0
16 -1.0 -1.0 39.0 30.0 4.0
17 -1.0 -1.0 3.0 54.0 6.0
18 -1.0 -1.0 87.0 6.0 6.0
19 -1.0 -1.0 85.0 55.0 16.0
20 -1.0 -1.0 66.0 64.0 9.0
21 -1.0 -1.0 85.0 42.0 15.0
22 -1.0 -1.0 38.0 94.0 13.0
23 -1.0 -1.0 37.0 35.0 10.0
24 -1.0 -1.0 46.0 97.0 14.0
25 -1.0 -1.0 93.0 37.0 15.0
26 -1.0 -1.0 48.0 68.0 13.0
27 -1.0 -1.0 32.0 79.0 4.0
28 -1.0 -1.0 70.0 37.0 8.0
29 -1.0 -1.0 63.0 94.0 18.0
30 -1.0 -1.0 66.0 72.0 13.0
31 -1.0 -1.0 74.0 97.0 12.0
32 -1.0 -1.0 12.0 96.0 16.0
33 -1.0 -1.0 39.0 58.0 17.0
34 -1.0 -1.0 67.0 44.0 6.0
35 -1.0 -1.0 81.0 83.0 13.0
36 -1.0 -1.0 1.0 74.0 5.0
37 -1.0 -1.0 43.0 5.0 18.0
38 -1.0 -1.0 44.0 91.0 4.0
39 -1.0 -1.0 70.0 44.0 11.0
40 -1.0 -1.0 16.0 90.0 17.0
41 -1.0 -1.0 99.0 74.0 15.0
42 -1.0 -1.0 41.0 87.0 4.0
43 -1.0 -1.0 77.0 60.0 5.0
44 -1.0 -1.0 49.0 25.0 13.0
45 -1.0 -1.0 75.0 19.0 11.0
46 -1.0 -1.0 56.0 27.0 7.0
47 -1.0 -1.0 92.0 4.0 11.0
48 -1.0 -1.0 29.0 89.0 5.0
49 -1.0 -1.0 71.0 93.0 5.0
50 -1.0 -1.0 75.0 21.0 12.0
51 -1.0 -1.0 76.0 47.0 18.0
52 -1.0 -1.0 5.0 63.0 10.0
53 -1.0 -1.0 46.0 90.0 12.0
54 -1.0 -1.0 96.0 13.0 12.0
55 -1.0 -1.0 84.0 48.0 6.0
56 -1.0 -1.0 16.0 92.0 11.0
57 -1.0 -1.0 91.0 62.0 12.0
58 -1.0 -1.0 7.0 43.0 9.0
59 -1.0 -1.0 76.0 34.0 12.0
60 -1.0 -1.0 8.0 97.0 19.0
61 -1.0 -1.0 23.0 85.0 19.0
62 -1.0 -1.0 39.0 73.0 7.0
63 -1.0 -1.0 93.0 56.0 10.0
64 -1.0 -1.0 17.0 31.0 6.0
65 -1.0 -1.0 17.0 97.0 10.0
66 -1.0 -1.0 96.0 58.0 15.0
67 -1.0 -1.0 17.0 98.0 16.0
68 -1.0 -1.0 68.0 22.0 18.0
69 -1.0 -1.0 76.0 78.0 18.0
70 -1.0 -1.0 29.0 68.0 19.0
71 -1.0 -1.0 95.0 5.0 11.0
72 -1.0 -1.0 34.0 54.0 18.0
73 -1.0 -1.0 73.0 65.0 15.0
74 -1.0 -1.0 21.0 74.0 19.0
75 -1.0 -1.0 80.0 85.0 14.0
76 -1.0 -1.0 63.0 63.0 16.0
77 -1.0 -1.0 93.0 99.0 7.0
78 -1.0 -1.0 27.0 61.0 19.0
79 -1.0 -1.0 48.0 21.0 6.0
80 -1.0 -1.0 34.0 81.0 4.0
81 -1.0 -1.0 91.0 99.0 11.0
82 -1.0 -1.0 33.0 10.0 8.0
83 -1.0 -1.0 55.0 67.0 17.0
84 -1.0 -1.0 58.0 65.0 13.0
85 -1.0 -1.0 96.0 90.0 7.0
86 -1.0 -1.0 1.0 29.0 4.0
87 -1.0 -1.0 39.0 48.0 18.0
88 -1.0 -1.0 85.0 1.0 11.0
89 -1.0 -1.0 85.0 56.0 14.0
90 -1.0 -1.0 25.0 32.0 13.0
91 -1.0 -1.0 96.0 56.0 17.0
92 -1.0 -1.0 13.0 49.0 17.0
93 -1.0 -1.0 5.0 8.0 7.0
94 -1.0 -1.0 78.0 56.0 16.0
95 -1.0 -1.0 98.0 100.0 5.0
96 -1.0 -1.0 47.0 50.0 17.0
97 -1.0 -1.0 67.0 15.0 6.0
98 -1.0 -1.0 92.0 98.0 16.0
99 -1.0 -1.0 52.0 73.0 19.0
100 -1.0 -1.0 27.0 9.0 14.0
101 -1.0 -1.0 52.0 54.0 9.0
102 -1.0 -1.0 83.0 20.0 15.0
103 -1.0 -1.0 61.0 73.0 9.0
104 -1.0 -1.0 65.0 73.0 4.0
105 -1.0 -1.0 67.0 94.0 9.0
106 -1.0 -1.0 65.0 87.0 13.0
107 -1.0 -1.0 82.0 77.0 7.0
108 -1.0 -1.0 24.0 84.0 17.0
109 -1.0 -1.0 79.0 89.0 18.0
110 -1.0 -1.0 89.0 69.0 4.0
111 -1.0 -1.0 35.0 0.0 5.0
112 -1.0 -1.0 85.0 16.0 19.0
113 -1.0 -1.0 20.0 23.0 17.0
114 -1.0 -1.0 98.0 55.0 5.0
115 -1.0 -1.0 29.0 52.0 9.0
116 -1.0 -1.0 92.0 70.0 4.0
117 -1.0 -1.0 72.0 21.0 12.0
118 -1.0 -1.0 99.0 37.0 10.0
119 -1.0 -1.0 12.0 86.0 12.0
120 -1.0 -1.0 82.0 78.0 16.0
121 -1.0 -1.0 2.0 100.0 16.0
122 -1.0 -1.0 55.0 39.0 11.0
123 -1.0 -1.0 34.0 65.0 18.0
124 -1.0 -1.0 45.0 83.0 10.0
125 -1.0 -1.0 53.0 18.0 13.0
126 -1.0 -1.0 59.0 79.0 19.0
127 -1.0 -1.0 38.0 10.0 8.0
128 -1.0 -1.0 99.0 24.0 8.0
129 -1.0 -1.0 16.0 21.0 13.0
130 -1.0 -1.0 63.0 62.0 18.0
131 -1.0 -1.0 88.0 0.0 7.0
132 -1.0 -1.0 4.0 16.0 6.0
133 -1.0 -1.0 23.0 22.0 7.0
134 -1.0 -1.0 25.0 67.0 18.0
135 -1.0 -1.0 55.0 69.0 11.0
136 -1.0 -1.0 77.0 100.0 5.0
137 -1.0 -1.0 75.0 96.0 19.0
138 -1.0 -1.0 94.0 55.0 18.0
139 -1.0 -1.0 30.0 79.0 14.0
140 -1.0 -1.0 21.0 16.0 18.0
141 -1.0 -1.0 64.0 57.0 10.0
142 -1.0 -1.0 98.0 49.0 17.0
143 -1.0 -1.0 79.0 84.0 13.0
144 -1.0 -1.0 22.0 62.0 9.0
145 -1.0 -1.0 23.0 84.0 15.0
146 -1.0 -1.0 47.0 10.0 14.0
147 -1.0 -1.0 83.0 56.0 7.0
148 -1.0 -1.0 90.0 5.0 11.0
149 -1.0 -1.0 86.0 8.0 7.0
150 -1.0 -1.0 65.0 16.0 10.0
151 -1.0 -1.0 10.0 86.0 13.0
152 -1.0 -1.0 55.0 57.0 10.0
153 -1.0 -1.0 3.0 3.0 7.0
154 -1.0 -1.0 52.0 20.0 11.0
155 -1.0 -1.0 67.0 65.0 12.0
156 -1.0 -1.0 69.0 16.0 19.0
157 -1.0 -1.0 61.0 1.0 14.0
158 -1.0 -1.0 17.0 46.0 7.0
159 -1.0 -1.0 67.0 12.0 12.0
160 -1.0 -1.0 45.0 42.0 13.0
161 -1.0 -1.0 23.0 91.0 13.0
162 -1.0 -1.0 47.0 27.0 18.0
163 -1.0 -1.0 10.0 17.0 10.0
164 -1.0 -1.0 21.0 46.0 10.0
165 -1.0 -1.0 7.0 87.0 16.0
166 -1.0 -1.0 7.0 16.0 11.0
167 -1.0 -1.0 43.0 54.0 13.0
168 -1.0 -1.0 79.0 42.0 5.0
169 -1.0 -1.0 74.0 66.0 11.0
170 -1.0 -1.0 18.0 91.0 7.0
171 -1.0 -1.0 95.0 25.0 5.0
172 -1.0 -1.0 87.0 25.0 15.0
173 -1.0 -1.0 85.0 66.0 9.0
174 -1.0 -1.0 76.0 32.0 19.0
175 -1.0 -1.0 96.0 25.0 19.0
176 -1.0 -1.0 54.0 45.0 17.0
177 -1.0 -1.0 5.0 98.0 9.0
178 -1.0 -1.0 70.0 68.0 12.0
179 -1.0 -1.0 57.0 69.0 5.0
180 -1.0 -1.0 47.0 92.0 10.0
181 -1.0 -1.0 65.0 42.0 14.0
182 -1.0 -1.0 88.0 72.0 19.0
183 -1.0 -1.0 12.0 45.0 11.0
184 -1.0 -1.0 84.0 80.0 9.0
185 -1.0 -1.0 55.0 18.0 16.0
186 -1.0 -1.0 81.0 7.0 8.0
187 -1.0 -1.0 19.0 67.0 15.0
188 -1.0 -1.0 18.0 97.0 9.0
189 -1.0 -1.0 52.0 34.0 16.0
190 -1.0 -1.0 78.0 79.0 16.0
191 -1.0 -1.0 76.0 35.0 10.0
192 -1.0 -1.0 59.0 99.0 10.0
193 -1.0 -1.0 54.0 7.0 9.0
194 -1.0 -1.0 27.0 75.0 16.0
195 -1.0 -1.0 89.0 60.0 14.0
196 -1.0 -1.0 87.0 22.0 17.0
197 -1.0 -1.0 38.0 4.0 6.0
198 -1.0 -1.0 78.0 66.0 11.0
199 -1.0 -1.0 35.0 66.0 15.0
200 -1.0 -1.0 97.0 53.0 15.0
201 -1.0 -1.0 55.0 87.0 16.0
202 -1.0 -1.0 40.0 7.0 11.0
203 -1.0 -1.0 5.0 58.0 10.0
204 -1.0 -1.0 16.0 89.0 9.0
205 -1.0 -1.0 8.0 80.0 10.0
206 -1.0 -1.0 46.0 94.0 4.0
207 -1.0 -1.0 7.0 8.0 4.0
208 -1.0 -1.0 86.0 39.0 17.0
209 -1.0 -1.0 94.0 16.0 16.0
210 -1.0 -1.0 49.0 10.0 18.0
211 -1.0 -1.0 42.0 9.0 6.0
212 -1.0 -1.0 60.0 16.0 19.0
213 -1.0 -1.0 88.0 76.0 16.0
214 -1.0 -1.0 56.0 1.0 8.0
215 -1.0 -1.0 57.0 29.0 6.0
216 -1.0 -1.0 71.0 22.0 18.0
217 -1.0 -1.0 70.0 83.0 8.0
218 -1.0 -1.0 43.0 57.0 10.0
219 -1.0 -1.0 37.0 16.0 18.0
220 -1.0 -1.0 71.0 29.0 17.0
221 -1.0 -1.0 83.0 14.0 13.0
222 -1.0 -1.0 25.0 54.0 12.0
223 -1.0 -1.0 13.0 15.0 17.0
224 -1.0 -1.0 3.0 86.0 4.0
225 -1.0 -1.0 34.0 40.0 14.0
226 -1.0 -1.0 68.0 25.0 19.0
227 -1.0 -1.0 90.0 97.0 11.0
228 -1.0 -1.0 43.0 8.0 7.0
229 -1.0 -1.0 84.0 49.0 5.0
230 -1.0 -1.0 90.0 71.0 13.0
231 -1.0 -1.0 45.0 23.0 6.0
232 -1.0 -1.0 96.0 12.0 8.0
233 -1.0 -1.0 72.0 68.0 11.0
234 -1.0 -1.0 82.0 5.0 12.0
235 -1.0 -1.0 13.0 0.0 12.0
236 -1.0 -1.0 12.0 62.0 8.0
237 -1.0 -1.0 69.0 1.0 17.0
238 -1.0 -1.0 47.0 81.0 16.0
239 -1.0 -1.0 53.0 34.0 19.0
240 -1.0 -1.0 21.0 83.0 5.0
241 -1.0 -1.0 80.0 26.0 5.0
242 -1.0 -1.0 26.0 31.0 18.0
243 -1.0 -1.0 30.0 4.0 17.0
244 -1.0 -1.0 62.0 14.0 18.0
245 -1.0 -1.0 5.0 11.0 9.0
246 -1.0 -1.0 68.0 37.0 16.0
247 -1.0 -1.0 58.0 62.0 5.0
248 -1.0 -1.0 17.0 17.0 15.0
249 -1.0 -1.0 48.0 11.0 5.0
250 -1.0 -1.0 78.0 41.0 6.0
251 -1.0 -1.0 15.0 98.0 5.0
252 -1.0 -1.0 89.0 54.0 13.0
253 -1.0 -1.0 22.0 43.0 12.0
254 -1.0 -1.0 5.0 39.0 19.0
255 -1.0 -1.0 57.0 58.0 16.0
256 -1.0 -1.0 80.0 89.0 15.0
257 -1.0 -1.0 52.0 79.0 7.0
258 -1.0 -1.0 36.0 54.0 16.0
259 -1.0 -1.0 3.0 28.0 12.0
260 -1.0 -1.0 45.0 78.0 4.0
261 -1.0 -1.0 84.0 99.0 8.0
262 -1.0 -1.0 27.0 59.0 15.0
263 -1.0 -1.0 40.0 2.0 15.0
264 -1.0 -1.0 52.0 4.0 9.0
265 -1.0 -1.0 58.0 94.0 4.0
266 -1.0 -1.0 55.0 7.0 7.0
267 -1.0 -1.0 10.0 69.0 7.0
268 -1.0 -1.0 98.0 7.0 15.0
269 -1.0 -1.0 67.0 97.0 8.0
270 -1.0 -1.0 99.0 7.0 8.0
271 -1.0 -1.0 0.0 95.0 16.0
272 -1.0 -1.0 67.0 31.0 8.0
273 -1.0 -1.0 37.0 39.0 14.0
274 -1.0 -1.0 61.0 56.0 18.0
275 -1.0 -1.0 63.0 52.0 17.0
276 -1.0 -1.0 8.0 66.0 17.0
277 -1.0 -1.0 36.0 94.0 10.0
278 -1.0 -1.0 26.0 72.0 9.0
279 -1.0 -1.0 12.0 97.0 5.0
280 -1.0 -1.0 42.0 65.0 10.0
281 -1.0 -1.0 12.0 20.0 13.0
282 -1.0 -1.0 68.0 69.0 16.0
283 -1.0 -1.0 2.0 13.0 8.0
284 -1.0 -1.0 87.0 41.0 10.0
285 -1.0 -1.0 63.0 46.0 14.0
286 -1.0 -1.0 60.0 36.0 6.0
287 -1.0 -1.0 81.0 38.0 19.0
288 -1.0 -1.0 47.0 72.0 18.0
289 -1.0 -1.0 78.0 48.0 5.0
290 -1.0 -1.0 37.0 90.0 14.0
291 -1.0 -1.0 91.0 59.0 9.0
292 -1.0 -1.0 91.0 90.0 9.0
293 -1.0 -1.0 13.0 34.0 9.0
294 -1.0 -1.0 92.0 68.0 19.0
295 -1.0 -1.0 13.0 17.0 8.0
296 -1.0 -1.0 60.0 49.0 19.0
297 -1.0 -1.0 52.0 75.0 5.0
298 -1.0 -1.0 28.0 69.0 10.0
299 -1.0 -1.0 55.0 33.0 6.0
300 -1.0 -1.0 2.0 82.0 5.0
301 -1.0 -1.0 93.0 2.0 6.0
302 -1.0 -1.0 70.0 56.0 17.0
303 -1.0 -1.0 29.0 55.0 10.0
304 -1.0 -1.0 43.0 96.0 4.0
305 -1.0 -1.0 11.0 32.0 9.0
306 -1.0 -1.0 45.0 90.0 16.0
307 -1.0 -1.0 77.0 72.0 18.0
308 -1.0 -1.0 1.0 58.0 17.0
309 -1.0 -1.0 13.0 53.0 12.0
310 -1.0 -1.0 8.0 88.0 9.0
311 -1.0 -1.0 73.0 73.0 14.0
312 -1.0 -1.0 81.0 12.0 5.0
313 -1.0 -1.0 24.0 59.0 9.0
314 -1.0 -1.0 55.0 11.0 7.0
315 -1.0 -1.0 5.0 17.0 12.0
316 -1.0 -1.0 66.0 15.0 10.0
317 -1.0 -1.0 77.0 17.0 4.0
318 -1.0 -1.0 42.0 68.0 9.0
319 -1.0 -1.0 21.0 44.0 11.0
320 -1.0 -1.0 43.0 1.0 15.0
321 -1.0 -1.0 22.0 28.0 18.0
322 -1.0 -1.0 30.0 1.0 8.0
323 -1.0 -1.0 19.0 14.0 12.0
324 -1.0 -1.0 18.0 94.0 10.0
325 -1.0 -1.0 67.0 68.0 6.0
326 -1.0 -1.0 71.0 13.0 13.0
327 -1.0 -1.0 30.0 96.0 10.0
328 -1.0 -1.0 26.0 43.0 19.0
329 -1.0 -1.0 18.0 56.0 5.0
330 -1.0 -1.0 92.0 11.0 14.0
331 -1.0 -1.0 29.0 56.0 17.0
332 -1.0 -1.0 67.0 54.0 11.0
333 -1.0 -1.0 92.0 17.0 4.0
334 -1.0 -1.0 18.0 95.0 12.0
335 -1.0 -1.0 61.0 46.0 6.0
336 -1.0 -1.0 19.0 42.0 9.0
337 -1.0 -1.0 16.0 68.0 6.0
338 -1.0 -1.0 41.0 13.0 18.0
339 -1.0 -1.0 28.0 39.0 15.0
340 -1.0 -1.0 100.0 60.0 7.0
341 -1.0 -1.0 67.0 6.0 6.0
342 -1.0 -1.0 79.0 73.0 11.0
343 -1.0 -1.0 56.0 2.0 8.0
344 -1.0 -1.0 26.0 64.0 16.0
345 -1.0 -1.0 68.0 90.0 15.0
346 -1.0 -1.0 71.0 28.0 7.0
347 -1.0 -1.0 35.0 72.0 7.0
348 -1.0 -1.0 19.0 41.0 6.0
349 -1.0 -1.0 52.0 6.0 17.0
350 -1.0 -1.0 31.0 2.0 9.0
351 -1.0 -1.0 61.0 30.0 12.0
352 -1.0 -1.0 75.0 20.0 17.0
353 -1.0 -1.0 64.0 24.0 19.0
354 -1.0 -1.0 2.0 73.0 7.0
355 -1.0 -1.0 36.0 49.0 16.0
356 -1.0 -1.0 45.0 61.0 14.0
357 -1.0 -1.0 96.0 19.0 17.0
358 -1.0 -1.0 87.0 37.0 10.0
359 -1.0 -1.0 61.0 64.0 7.0
360 -1.0 -1.0 11.0 58.0 8.0
361 -1.0 -1.0 67.0 38.0 12.0
362 -1.0 -1.0 27.0 77.0 18.0
363 -1.0 -1.0 55.0 93.0 19.0
364 -1.0 -1.0 16.0 49.0 11.0
365 -1.0 -1.0 94.0 44.0 10.0
366 -1.0 -1.0 42.0 15.0 13.0
367 -1.0 -1.0 37.0 71.0 10.0
368 -1.0 -1.0 92.0 100.0 12.0
369 -1.0 -1.0 79.0 25.0 12.0
370 -1.0 -1.0 86.0 94.0 7.0
371 -1.0 -1.0 32.0 5.0 11.0
372 -1.0 -1.0 35.0 16.0 8.0
373 -1.0 -1.0 36.0 60.0 9.0
374 -1.0 -1.0 69.0 75.0 12.0
375 -1.0 -1.0 56.0 26.0 17.0
376 -1.0 -1.0 5.0 45.0 10.0
377 -1.0 -1.0 25.0 46.0 13.0
378 -1.0 -1.0 39.0 53.0 17.0
379 -1.0 -1.0 93.0 5.0 14.0
380 -1.0 -1.0 34.0 71.0 11.0
381 -1.0 -1.0 29.0 53.0 17.0
382 -1.0 -1.0 12.0 3.0 13.0
383 -1.0 -1.0 62.0 25.0 12.0
384 -1.0 -1.0 2.0 85.0 10.0
385 -1.0 -1.0 14.0 68.0 18.0
386 -1.0 -1.0 77.0 39.0 5.0
387 -1.0 -1.0 8.0 9.0 5.0
388 -1.0 -1.0 58.0 58.0 5.0
389 -1.0 -1.0 32.0 25.0 8.0
390 -1.0 -1.0 88.0 3.0 4.0
391 -1.0 -1.0 7.0 80.0 8.0
392 -1.0 -1.0 25.0 7.0 12.0
393 -1.0 -1.0 10.0 60.0 14.0
394 -1.0 -1.0 91.0 66.0 18.0
395 -1.0 -1.0 49.0 58.0 14.0
396 -1.0 -1.0 50.0 37.0 6.0
397 -1.0 -1.0 13.0 50.0 13.0
398 -1.0 -1.0 61.0 99.0 4.0
399 -1.0 -1.0 93.0 9.0 13.0
400 -1.0 -1.0 6.0 77.0 10.0
401 -1.0 -1.0 16.0 6.0 13.0
402 -1.0 -1.0 86.0 86.0 9.0
403 -1.0 -1.0 52.0 66.0 6.0
404 -1.0 -1.0 41.0 70.0 16.0
405 -1.0 -1.0 62.0 45.0 18.0
406 -1.0 -1.0 72.0 83.0 18.0
407 -1.0 -1.0 85.0 80.0 7.0
408 -1.0 -1.0 23.0 5.0 7.0
409 -1.0 -1.0 41.0 44.0 15.0
410 -1.0 -1.0 11.0 17.0 5.0
411 -1.0 -1.0 50.0 15.0 17.0
412 -1.0 -1.0 66.0 97.0 19.0
413 -1.0 -1.0 35.0 32.0 11.0
414 -1.0 -1.0 80.0 17.0 9.0
415 -1.0 -1.0 64.0 75.0 14.0
416 -1.0 -1.0 43.0 17.0 11.0
417 -1.0 -1.0 22.0 57.0 13.0
418 -1.0 -1.0 89.0 98.0 15.0
419 -1.0 -1.0 51.0 43.0 6.0
420 -1.0 -1.0 27.0 84.0 8.0
421 -1.0 -1.0 30.0 45.0 12.0
422 -1.0 -1.0 80.0 94.0 9.0
423 -1.0 -1.0 77.0 95.0 12.0
424 -1.0 -1.0 22.0 77.0 5.0
425 -1.0 -1.0 8.0 89.0 10.0
426 -1.0 -1.0 50.0 98.0 13.0
427 -1.0 -1.0 21.0 56.0 13.0
428 -1.0 -1.0 30.0 39.0 9.0
429 -1.0 -1.0 4.0 95.0 7.0
430 -1.0 -1.0 100.0 71.0 8.0
431 -1.0 -1.0 2.0 78.0 17.0
432 -1.0 -1.0 72.0 54.0 7.0
433 -1.0 -1.0 73.0 83.0 10.0
434 -1.0 -1.0 79.0 14.0 4.0
435 -1.0 -1.0 18.0 24.0 10.0
436 -1.0 -1.0 75.0 71.0 16.0
437 -1.0 -1.0 37.0 26.0 18.0
438 -1.0 -1.0 86.0 41.0 15.0
439 -1.0 -1.0 11.0 21.0 6.0
440 -1.0 -1.0 23.0 82.0 4.0
441 -1.0 -1.0 10.0 52.0 6.0
442 -1.0 -1.0 13.0 54.0 15.0
443 -1.0 -1.0 40.0 24.0 17.0
444 -1.0 -1.0 11.0 94.0 16.0
445 -1.0 -1.0 61.0 63.0 13.0
446 -1.0 -1.0 32.0 94.0 6.0
447 -1.0 -1.0 68.0 45.0 5.0
448 -1.0 -1.0 82.0 79.0 13.0
449 -1.0 -1.0 37.0 20.0 13.0
450 -1.0 -1.0 57.0 64.0 18.0
451 -1.0 -1.0 4.0 7.0 9.0
452 -1.0 -1.0 25.0 98.0 17.0
453 -1.0 -1.0 38.0 6.0 11.0
454 -1.0 -1.0 19.0 26.0 7.0
455 -1.0 -1.0 34.0 61.0 16.0
456 -1.0 -1.0 46.0 38.0 14.0
457 -1.0 -1.0 12.0 95.0 8.0
458 -1.0 -1.0 11.0 68.0 4.0
459 -1.0 -1.0 6.0 95.0 7.0
460 -1.0 -1.0 87.0 50.0 17.0
461 -1.0 -1.0 83.0 53.0 10.0
462 -1.0 -1.0 45.0 49.0 14.0
463 -1.0 -1.0 19.0 95.0 12.0
464 -1.0 -1.0 60.0 21.0 9.0
465 -1.0 -1.0 5.0 16.0 16.0
466 -1.0 -1.0 96.0 26.0 12.0
467 -1.0 -1.0 47.0 39.0 11.0
468 -1.0 -1.0 82.0 21.0 8.0
469 -1.0 -1.0 61.0 44.0 13.0
470 -1.0 -1.0 82.0 17.0 7.0
471 -1.0 -1.0 28.0 75.0 12.0
472 -1.0 -1.0 25.0 6.0 19.0
473 -1.0 -1.0 28.0 38.0 6.0
474 -1.0 -1.0 90.0 47.0 6.0
475 -1.0 -1.0 13.0 16.0 16.0
476 -1.0 -1.0 85.0 75.0 15.0
477 -1.0 -1.0 20.0 14.0 19.0
478 -1.0 -1.0 60.0 65.0 10.0
479 -1.0 -1.0 92.0 28.0 13.0
480 -1.0 -1.0 86.0 53.0 16.0
481 -1.0 -1.0 34.0 7.0 12.0
482 -1.0 -1.0 10.0 97.0 17.0
483 -1.0 -1.0 43.0 6.0 4.0
484 -1.0 -1.0 13.0 76.0 5.0
485 -1.0 -1.0 27.0 62.0 6.0
486 -1.0 -1.0 60.0 43.0 12.0
487 -1.0 -1.0 74.0 10.0 8.0
488 -1.0 -1.0 91.0 72.0 10.0
489 -1.0 -1.0 0.0 64.0 6.0
490 -1.0 -1.0 95.0 29.0 9.0
491 -1.0 -1.0 44.0 26.0 6.0
492 -1.0 -1.0 37.0 2.0 16.0
493 -1.0 -1.0 64.0 19.0 15.0
494 -1.0 -1.0 43.0 83.0 8.0
495 -1.0 -1.0 96.0 28.0 6.0
496 -1.0 -1.0 46.0 72.0 5.0
497 -1.0 -1.0 88.0 67.0 17.0
498 -1.0 -1.0 8.0 71.0 15.0
499 -1.0 -1.0 88.0 54.0 19.0
1480
0 265 0
0 201 0
0 363 0
0 180 0
1 459 0
1 177 0
1 444 0
1 60 0
2 422 0
2 370 0
2 261 0
2 136 0
2 423 0
3 411 0
3 314 0
3 249 0
3 210 0
4 478 0
4 359 0
4 103 0
4 30 0
4 76 0
4 155 0
4 20 0
4 325 0
5 22 0
5 38 0
5 42 0
5 80 0
5 290 0
6 468 0
6 241 0
6 172 0
6 196 0
6 358 0
7 161 0
7 48 0
7 327 0
7 452 0
7 446 0
8 389 0
8 133 0
8 321 0
8 242 0
8 413 0
9 400 0
9 484 0
9 498 0
9 385 0
9 267 0
10 213 0
10 407 0
10 402 0
10 292 0
10 85 0
10 41 0
11 439 0
11 315 0
11 259 0
11 86 0
11 283 0
11 132 0
12 77 0
12 95 0
12 430 0
12 41 0
12 85 0
12 98 0
13 273 0
13 225 0
13 409 0
13 87 0
13 421 0
13 355 0
14 326 0
14 156 0
14 487 0
14 117 0
14 45 0
14 317 0
15 301 0
15 270 0
15 131 0
15 390 0
15 47 0
16 437 0
16 413 0
16 23 0
16 443 0
16 491 0
16 456 0
16 162 0
17 203 0
17 308 0
17 441 0
17 376 0
17 86 0
18 148 0
18 390 0
18 234 0
18 149 0
18 88 0
18 399 0
18 330 0
19 89 0
19 147 0
19 499 0
19 461 0
19 480 0
20 155 0
20 76 0
20 130 0
20 141 0
20 302 0
20 73 0
21 284 0
21 474 0
21 55 0
21 168 0
21 438 0
21 287 0
21 208 0
22 38 0
22 304 0
22 290 0
22 277 0
23 456 0
23 273 0
23 225 0
23 413 0
23 428 0
24 452 0
24 426 0
24 304 0
24 206 0
25 365 0
25 118 0
25 284 0
25 490 0
25 479 0
25 358 0
26 496 0
26 288 0
26 318 0
26 99 0
26 403 0
26 280 0
26 356 0
27 80 0
27 139 0
27 62 0
27 471 0
27 347 0
28 272 0
28 220 0
28 246 0
28 361 0
28 39 0
28 386 0
28 191 0
28 59 0
29 398 0
29 412 0
29 105 0
29 265 0
29 106 0
29 345 0
30 103 0
30 104 0
30 374 0
30 325 0
30 282 0
31 269 0
31 136 0
31 137 0
31 49 0
32 251 0
32 279 0
32 457 0
32 482 0
32 444 0
33 280 0
33 356 0
33 373 0
33 218 0
33 378 0
33 258 0
34 39 0
34 447 0
34 361 0
34 181 0
34 285 0
35 190 0
35 143 0
35 75 0
35 448 0
35 184 0
35 402 0
36 489 0
36 271 0
36 300 0
36 354 0
36 431 0
37 264 0
37 320 0
37 349 0
37 263 0
37 202 0
37 483 0
37 197 0
38 42 0
38 304 0
38 306 0
38 206 0
38 180 0
39 447 0
39 51 0
39 250 0
39 361 0
39 432 0
39 386 0
40 56 0
40 444 0
40 119 0
40 204 0
40 170 0
41 213 0
41 85 0
41 430 0
41 116 0
41 488 0
42 80 0
42 494 0
42 306 0
42 124 0
43 198 0
43 173 0
43 147 0
43 302 0
43 73 0
43 169 0
43 94 0
43 432 0
44 162 0
44 231 0
44 189 0
44 375 0
44 154 0
44 79 0
44 46 0
45 117 0
45 317 0
45 352 0
46 189 0
46 299 0
46 375 0
46 215 0
46 383 0
47 301 0
47 390 0
47 148 0
47 379 0
48 61 0
48 420 0
48 80 0
48 161 0
48 290 0
48 446 0
49 137 0
49 423 0
49 105 0
49 269 0
49 109 0
49 433 0
49 345 0
50 369 0
50 468 0
50 216 0
50 117 0
50 352 0
50 346 0
51 250 0
51 168 0
51 289 0
51 432 0
52 308 0
52 489 0
52 203 0
52 276 0
52 393 0
53 180 0
53 201 0
53 124 0
53 306 0
54 128 0
54 270 0
54 232 0
54 330 0
54 209 0
54 357 0
55 474 0
55 229 0
55 289 0
55 168 0
55 460 0
56 444 0
56 170 0
56 65 0
56 334 0
56 457 0
56 324 0
57 66 0
57 340 0
57 195 0
57 497 0
57 291 0
57 394 0
58 254 0
58 376 0
58 293 0
58 183 0
59 191 0
59 220 0
59 174 0
59 287 0
60 177 0
60 482 0
60 444 0
61 420 0
61 108 0
61 240 0
61 204 0
61 145 0
61 161 0
61 170 0
62 494 0
62 260 0
62 80 0
62 347 0
62 404 0
62 367 0
62 496 0
63 91 0
63 66 0
63 291 0
63 138 0
63 252 0
64 90 0
64 348 0
64 293 0
64 305 0
64 321 0
64 454 0
64 435 0
65 334 0
65 188 0
65 67 0
65 251 0
65 457 0
66 114 0
66 340 0
66 91 0
66 291 0
67 452 0
67 121 0
67 251 0
67 188 0
68 493 0
68 156 0
68 353 0
68 226 0
68 117 0
68 216 0
69 433 0
69 190 0
69 311 0
69 374 0
69 342 0
69 406 0
69 307 0
70 298 0
70 380 0
70 199 0
70 123 0
70 134 0
70 344 0
70 485 0
71 301 0
71 270 0
71 268 0
71 399 0
71 379 0
72 115 0
72 381 0
72 373 0
72 455 0
72 331 0
72 355 0
72 303 0
72 258 0
73 302 0
73 169 0
73 178 0
73 233 0
73 155 0
74 484 0
74 337 0
74 187 0
74 424 0
74 278 0
74 134 0
74 194 0
75 143 0
75 402 0
75 256 0
75 109 0
76 359 0
76 445 0
76 130 0
77 368 0
77 95 0
77 98 0
78 313 0
78 262 0
78 455 0
78 485 0
79 231 0
79 154 0
79 411 0
79 416 0
80 420 0
80 139 0
80 494 0
80 290 0
81 227 0
81 418 0
81 98 0
81 261 0
81 368 0
82 127 0
82 372 0
82 100 0
82 481 0
82 371 0
83 179 0
83 84 0
83 135 0
83 403 0
83 450 0
84 179 0
84 478 0
84 450 0
84 247 0
85 292 0
85 98 0
86 308 0
86 489 0
86 254 0
86 376 0
86 259 0
86 283 0
87 409 0
87 462 0
87 378 0
87 355 0
88 390 0
88 234 0
88 131 0
88 237 0
89 499 0
89 195 0
89 147 0
89 173 0
90 348 0
90 321 0
90 473 0
90 242 0
91 114 0
91 200 0
91 138 0
92 158 0
92 364 0
92 183 0
92 441 0
92 397 0
93 245 0
93 207 0
93 451 0
94 147 0
94 432 0
94 289 0
94 461 0
95 368 0
96 176 0
96 101 0
96 167 0
96 462 0
96 419 0
96 395 0
97 159 0
97 316 0
97 150 0
97 156 0
97 326 0
98 227 0
98 292 0
98 368 0
99 103 0
99 179 0
99 288 0
99 403 0
99 135 0
99 297 0
100 140 0
100 372 0
100 477 0
100 392 0
100 472 0
100 243 0
100 371 0
101 176 0
101 296 0
101 395 0
101 152 0
102 112 0
102 470 0
102 196 0
102 414 0
102 468 0
103 179 0
103 415 0
103 126 0
103 297 0
103 478 0
103 104 0
104 415 0
104 374 0
105 412 0
105 269 0
105 345 0
106 126 0
106 201 0
106 265 0
106 217 0
106 345 0
107 342 0
107 476 0
107 190 0
107 120 0
108 420 0
108 440 0
108 145 0
109 423 0
109 422 0
109 256 0
109 433 0
109 143 0
110 294 0
110 116 0
110 394 0
110 497 0
110 230 0
110 182 0
110 173 0
111 157 0
111 131 0
111 214 0
111 320 0
111 235 0
111 322 0
111 263 0
111 350 0
111 371 0
111 492 0
112 149 0
112 330 0
112 333 0
112 470 0
112 196 0
112 221 0
113 248 0
113 129 0
113 140 0
113 133 0
113 321 0
113 454 0
113 435 0
114 340 0
114 200 0
114 142 0
115 381 0
115 222 0
115 377 0
115 421 0
115 355 0
116 430 0
116 294 0
116 488 0
116 230 0
117 156 0
117 216 0
117 352 0
118 128 0
118 340 0
118 365 0
118 142 0
118 490 0
118 495 0
119 240 0
119 204 0
119 425 0
119 151 0
119 484 0
119 444 0
119 205 0
120 448 0
120 184 0
120 190 0
120 476 0
120 407 0
121 136 0
121 192 0
121 429 0
121 271 0
121 177 0
121 452 0
121 482 0
121 251 0
122 419 0
122 176 0
122 286 0
122 299 0
122 396 0
122 239 0
122 486 0
123 373 0
123 455 0
123 199 0
123 485 0
124 306 0
124 494 0
124 260 0
124 238 0
124 201 0
125 411 0
125 314 0
125 154 0
125 185 0
126 201 0
126 217 0
126 257 0
126 415 0
126 297 0
127 372 0
127 219 0
127 338 0
127 481 0
127 211 0
127 202 0
127 453 0
128 340 0
128 270 0
128 357 0
128 175 0
128 466 0
128 495 0
129 248 0
129 435 0
129 439 0
129 295 0
129 281 0
130 445 0
130 274 0
130 141 0
130 388 0
131 390 0
131 157 0
131 237 0
132 465 0
132 315 0
132 283 0
132 245 0
133 140 0
133 372 0
133 389 0
133 321 0
134 187 0
134 144 0
134 344 0
134 298 0
134 278 0
135 179 0
135 403 0
136 192 0
136 398 0
136 269 0
136 423 0
136 137 0
136 368 0
136 261 0
137 423 0
138 474 0
138 200 0
138 252 0
139 420 0
139 362 0
139 471 0
140 372 0
140 248 0
140 477 0
140 323 0
141 332 0
141 275 0
141 302 0
141 274 0
142 365 0
142 200 0
142 474 0
142 340 0
143 190 0
143 433 0
144 417 0
144 329 0
144 313 0
144 236 0
144 187 0
144 344 0
144 485 0
145 440 0
145 240 0
146 366 0
146 249 0
146 338 0
146 210 0
146 349 0
146 483 0
146 228 0
146 211 0
147 173 0
147 461 0
148 390 0
148 399 0
148 379 0
149 330 0
149 234 0
149 221 0
149 312 0
149 186 0
150 493 0
150 156 0
150 316 0
150 244 0
150 212 0
151 165 0
151 310 0
151 425 0
151 205 0
152 296 0
152 395 0
152 403 0
152 450 0
152 274 0
152 388 0
152 247 0
152 255 0
153 382 0
153 235 0
153 207 0
153 451 0
153 283 0
154 411 0
154 185 0
154 375 0
155 178 0
155 325 0
156 493 0
156 326 0
157 214 0
157 237 0
157 341 0
157 266 0
157 343 0
158 364 0
158 183 0
158 164 0
158 319 0
158 336 0
159 244 0
159 341 0
159 316 0
159 326 0
160 456 0
160 467 0
160 273 0
160 409 0
160 462 0
160 419 0
161 452 0
161 463 0
161 170 0
161 324 0
162 231 0
162 491 0
162 456 0
162 189 0
163 439 0
163 315 0
163 166 0
163 223 0
163 410 0
163 281 0
164 222 0
164 377 0
164 319 0
164 364 0
164 427 0
164 253 0
165 224 0
165 391 0
165 310 0
165 425 0
165 205 0
166 245 0
166 387 0
166 223 0
166 465 0
166 315 0
167 462 0
167 378 0
167 218 0
167 395 0
168 289 0
168 250 0
168 287 0
169 436 0
169 198 0
169 233 0
170 204 0
170 324 0
171 172 0
171 479 0
171 357 0
171 333 0
171 196 0
171 175 0
171 466 0
171 495 0
172 479 0
172 196 0
172 358 0
173 198 0
173 497 0
173 195 0
173 342 0
173 476 0
173 182 0
174 241 0
174 369 0
174 220 0
174 287 0
174 346 0
175 357 0
175 466 0
176 296 0
176 419 0
176 486 0
176 335 0
177 429 0
177 459 0
177 482 0
178 233 0
178 311 0
178 325 0
178 282 0
179 478 0
180 201 0
180 363 0
180 426 0
180 206 0
180 306 0
181 361 0
181 286 0
181 486 0
181 469 0
181 285 0
181 405 0
182 213 0
182 476 0
182 488 0
182 230 0
183 376 0
183 293 0
183 348 0
183 441 0
183 336 0
184 448 0
184 402 0
184 407 0
185 314 0
185 212 0
185 464 0
185 375 0
186 312 0
186 234 0
186 487 0
186 237 0
187 337 0
187 236 0
188 463 0
188 452 0
188 334 0
189 456 0
189 396 0
189 239 0
189 299 0
190 433 0
190 448 0
190 342 0
191 386 0
191 287 0
192 398 0
192 363 0
192 426 0
192 452 0
192 265 0
193 266 0
193 264 0
193 349 0
193 314 0
193 210 0
194 471 0
194 278 0
194 362 0
194 424 0
195 497 0
195 291 0
195 499 0
195 252 0
196 333 0
196 468 0
197 453 0
197 202 0
197 481 0
197 492 0
197 263 0
198 436 0
198 342 0
198 307 0
199 380 0
199 373 0
199 280 0
199 318 0
199 404 0
199 367 0
200 474 0
201 265 0
201 257 0
201 238 0
202 483 0
202 228 0
202 211 0
202 453 0
203 308 0
203 441 0
203 360 0
203 393 0
204 240 0
205 400 0
205 391 0
205 484 0
206 304 0
206 426 0
207 245 0
207 387 0
207 382 0
207 451 0
208 287 0
208 358 0
208 284 0
208 438 0
209 333 0
209 330 0
209 357 0
210 249 0
210 349 0
210 314 0
211 228 0
211 338 0
212 244 0
212 314 0
212 464 0
212 493 0
213 407 0
213 476 0
213 488 0
214 320 0
214 264 0
214 343 0
215 351 0
215 299 0
215 383 0
216 226 0
216 346 0
217 406 0
217 374 0
217 345 0
217 415 0
218 356 0
218 395 0
218 378 0
219 449 0
219 372 0
219 338 0
219 366 0
219 416 0
220 272 0
220 346 0
221 312 0
221 470 0
221 434 0
221 414 0
222 377 0
222 381 0
222 313 0
222 417 0
222 262 0
222 427 0
222 331 0
222 303 0
223 401 0
223 387 0
223 410 0
223 323 0
223 248 0
223 475 0
224 384 0
224 271 0
224 300 0
224 391 0
224 429 0
224 425 0
225 273 0
225 421 0
225 428 0
226 353 0
226 272 0
226 346 0
227 370 0
227 418 0
227 292 0
228 483 0
229 289 0
229 460 0
229 461 0
229 480 0
230 488 0
231 491 0
231 443 0
231 416 0
232 268 0
232 270 0
232 399 0
232 330 0
233 311 0
233 436 0
234 237 0
235 322 0
235 408 0
235 401 0
235 382 0
236 276 0
236 458 0
236 385 0
236 337 0
236 329 0
236 360 0
236 393 0
237 341 0
237 487 0
238 257 0
238 260 0
239 299 0
239 396 0
240 484 0
240 440 0
240 424 0
241 468 0
241 369 0
241 358 0
241 287 0
242 321 0
242 473 0
242 413 0
243 472 0
243 322 0
243 371 0
243 350 0
244 266 0
244 314 0
244 341 0
244 316 0
245 387 0
245 465 0
245 451 0
245 283 0
246 361 0
246 272 0
247 450 0
247 478 0
247 445 0
247 388 0
247 255 0
248 295 0
248 323 0
248 475 0
249 366 0
249 411 0
249 416 0
250 386 0
250 287 0
251 482 0
251 279 0
251 457 0
252 291 0
252 499 0
252 474 0
252 460 0
253 328 0
253 377 0
253 336 0
253 348 0
253 319 0
253 339 0
253 473 0
254 376 0
254 293 0
254 305 0
254 259 0
255 388 0
256 422 0
256 370 0
256 402 0
257 260 0
257 297 0
258 355 0
258 378 0
258 373 0
259 439 0
259 305 0
260 494 0
260 496 0
260 288 0
260 297 0
261 370 0
261 418 0
261 368 0
262 313 0
262 331 0
262 455 0
263 320 0
263 492 0
264 320 0
264 343 0
264 266 0
264 349 0
265 363 0
265 398 0
266 341 0
266 314 0
266 343 0
267 276 0
267 498 0
267 458 0
267 385 0
268 270 0
268 399 0
269 398 0
269 412 0
270 301 0
270 340 0
271 384 0
271 489 0
271 300 0
271 429 0
272 286 0
272 361 0
272 351 0
272 383 0
272 353 0
272 346 0
273 456 0
273 409 0
274 275 0
274 296 0
274 388 0
275 332 0
275 447 0
275 285 0
275 296 0
276 354 0
276 498 0
276 489 0
276 458 0
276 393 0
277 290 0
277 446 0
277 327 0
277 304 0
278 471 0
278 298 0
279 482 0
280 356 0
280 373 0
280 318 0
281 295 0
281 410 0
281 439 0
282 325 0
282 374 0
282 311 0
283 451 0
284 474 0
284 365 0
284 358 0
284 438 0
285 447 0
285 296 0
285 335 0
285 405 0
286 299 0
286 351 0
286 361 0
286 486 0
287 386 0
287 358 0
288 496 0
288 297 0
289 432 0
289 461 0
290 446 0
292 370 0
292 402 0
293 348 0
293 305 0
294 430 0
294 340 0
294 394 0
295 475 0
295 410 0
296 335 0
298 380 0
298 471 0
299 351 0
300 391 0
300 384 0
300 431 0
301 379 0
302 332 0
302 432 0
303 381 0
303 331 0
304 327 0
304 452 0
305 435 0
305 439 0
307 436 0
307 342 0
307 311 0
308 489 0
309 441 0
309 442 0
309 364 0
309 329 0
309 397 0
310 425 0
311 374 0
311 436 0
312 487 0
312 434 0
313 417 0
313 485 0
314 411 0
315 439 0
315 465 0
317 487 0
317 434 0
317 414 0
317 352 0
318 404 0
318 496 0
319 336 0
321 454 0
322 408 0
322 472 0
322 350 0
323 401 0
323 477 0
324 334 0
324 463 0
326 487 0
326 341 0
327 452 0
327 446 0
328 421 0
328 377 0
328 339 0
328 428 0
329 417 0
329 427 0
329 364 0
329 442 0
329 360 0
330 399 0
330 333 0
331 455 0
332 447 0
332 432 0
333 357 0
334 463 0
335 469 0
335 486 0
335 405 0
336 348 0
337 484 0
337 385 0
338 366 0
339 428 0
339 473 0
340 430 0
340 394 0
341 487 0
342 476 0
344 485 0
345 433 0
345 406 0
346 369 0
347 471 0
347 380 0
347 367 0
348 473 0
349 483 0
350 371 0
351 383 0
352 414 0
352 468 0
353 493 0
353 464 0
353 383 0
354 489 0
354 400 0
354 498 0
354 431 0
355 378 0
355 421 0
356 395 0
356 403 0
358 479 0
359 478 0
359 445 0
360 441 0
360 442 0
360 393 0
362 420 0
362 440 0
362 424 0
362 471 0
363 426 0
364 427 0
364 397 0
365 474 0
366 416 0
367 404 0
367 380 0
369 468 0
370 422 0
370 418 0
370 402 0
371 481 0
371 492 0
372 389 0
372 449 0
373 455 0
374 406 0
374 415 0
375 464 0
375 383 0
376 441 0
377 421 0
378 462 0
379 399 0
380 471 0
382 401 0
382 387 0
383 464 0
385 484 0
385 458 0
387 401 0
388 445 0
389 437 0
389 413 0
389 449 0
391 431 0
391 400 0
392 408 0
392 477 0
392 472 0
394 497 0
395 403 0
396 456 0
396 467 0
396 419 0
397 441 0
398 412 0
400 484 0
400 498 0
400 431 0
401 408 0
401 477 0
402 407 0
403 450 0
404 496 0
405 469 0
406 433 0
407 476 0
408 477 0
408 472 0
409 462 0
410 475 0
411 416 0
413 437 0
413 473 0
413 428 0
414 434 0
414 468 0
414 470 0
416 443 0
416 449 0
417 427 0
419 467 0
419 462 0
420 440 0
421 428 0
422 423 0
424 440 0
424 484 0
425 459 0
425 429 0
425 444 0
426 452 0
428 473 0
429 459 0
432 447 0
434 487 0
435 454 0
435 439 0
437 449 0
437 443 0
441 442 0
443 491 0
443 449 0
444 459 0
444 457 0
444 482 0
445 478 0
452 463 0
453 481 0
455 485 0
456 467 0
460 474 0
460 499 0
460 480 0
461 480 0
464 493 0
466 495 0
469 486 0
479 490 0
479 495 0
480 499 0
481 492 0
490 495 0
10 0.05 0.05 0.05
