500
0 -1.0 -1.0 0.0 73.0 4.0
1 -1.0 -1.0 38.0 79.0 4.0
2 -1.0 -1.0 94.0 50.0 6.0
3 -1.0 -1.0 78.0 58.0 16.0
4 -1.0 -1.0 39.0 97.0 15.0
5 -1.0 -1.0 61.0 90.0 13.0
6 -1.0 -1.0 82.0 57.0 17.0
7 -1.0 -1.0 29.0 27.0 16.0
8 -1.0 -1.0 55.0 93.0 14.0
9 -1.0 -1.0 100.0 85.0 19.0
10 -1.0 -1.0 88.0 68.0 8.0
11 -1.0 -1.0 74.0 83.0 8.0
12 -1.0 -1.0 58.0 58.0 14.0
13 -1.0 -1.0 0.0 76.0 13.0
14 -1.0 -1.0 32.0 36.0 8.0
15 -1.0 -1.0 63.0 10.0 15.0
16 -1.0 -1.0 93.0 77.0 5.0
17 -1.0 -1.0 50.0 54.0 14.0
18 -1.0 -1.0 86.0 87.0 6.0
19 -1.0 -1.0 56.0 79.0 16.0
20 -1.0 -1.0 4.0 96.0 13.0
21 -1.0 -1.0 100.0 40.0 8.0
22 -1.0 -1.0 20.0 82.0 7.0
23 -1.0 -1.0 54.0 60.0 12.0
24 -1.0 -1.0 53.0 18.0 15.0
25 -1.0 -1.0 2.0 77.0 15.0
26 -1.0 -1.0 97.0 82.0 11.0
27 -1.0 -1.0 73.0 39.0 9.0
28 -1.0 -1.0 47.0 100.0 14.0
29 -1.0 -1.0 6.0 10.0 11.0
30 -1.0 -1.0 0.0 39.0 9.0
31 -1.0 -1.0 46.0 65.0 6.0
32 -1.0 -1.0 78.0 95.0 10.0
33 -1.0 -1.0 59.0 64.0 15.0
34 -1.0 -1.0 99.0 16.0 14.0
35 -1.0 -1.0 36.0 85.0 5.0
36 -1.0 -1.0 44.0 51.0 6.0
37 -1.0 -1.0 30.0 19.0 4.0
38 -1.0 -1.0 9.0 39.0 11.0
39 -1.0 -1.0 61.0 10.0 10.0
40 -1.0 -1.0 65.0 0.0 8.0
41 -1.0 -1.0 63.0 60.0 12.0
42 -1.0 -1.0 61.0 69.0 17.0
43 -1.0 -1.0 77.0 37.0 8.0
44 -1.0 -1.0 56.0 20.0 19.0
45 -1.0 -1.0 28.0 19.0 10.0
46 -1.0 -1.0 94.0 16.0 15.0
47 -1.0 -1.0 22.0 41.0 14.0
48 -1.0 -1.0 79.0 39.0 19.0
49 -1.0 -1.0 21.0 19.0 15.0
50 -1.0 -1.0 54.0 12.0 17.0
51 -1.0 -1.0 44.0 15.0 18.0
52 -1.0 -1.0 77.0 42.0 13.0
53 -1.0 -1.0 93.0 72.0 14.0
54 -1.0 -1.0 24.0 4.0 10.0
55 -1.0 -1.0 89.0 0.0 11.0
56 -1.0 -1.0 91.0 71.0 14.0
57 -1.0 -1.0 72.0 18.0 10.0
58 -1.0 -1.0 96.0 79.0 16.0
59 -1.0 -1.0 28.0 30.0 13.0
60 -1.0 -1.0 12.0 44.0 13.0
61 -1.0 -1.0 77.0 85.0 15.0
62 -1.0 -1.0 1.0 61.0 4.0
63 -1.0 -1.0 60.0 50.0 19.0
64 -1.0 -1.0 86.0 27.0 4.0
65 -1.0 -1.0 18.0 83.0 7.0
66 -1.0 -1.0 59.0 41.0 14.0
67 -1.0 -1.0 12.0 91.0 15.0
68 -1.0 -1.0 12.0 98.0 18.0
69 -1.0 -1.0 76.0 65.0 15.0
70 -1.0 -1.0 57.0 35.0 9.0
71 -1.0 -1.0 25.0 10.0 11.0
72 -1.0 -1.0 17.0 47.0 16.0
73 -1.0 -1.0 26.0 100.0 11.0
74 -1.0 -1.0 89.0 30.0 10.0
75 -1.0 -1.0 88.0 74.0 13.0
76 -1.0 -1.0 36.0 28.0 12.0
77 -1.0 -1.0 12.0 1.0 9.0
78 -1.0 -1.0 71.0 83.0 10.0
79 -1.0 -1.0 97.0 25.0 15.0
80 -1.0 -1.0 0.0 61.0 10.0
81 -1.0 -1.0 8.0 10.0 13.0
82 -1.0 -1.0 28.0 51.0 19.0
83 -1.0 -1.0 68.0 76.0 13.0
84 -1.0 -1.0 87.0 92.0 15.0
85 -1.0 -1.0 53.0 47.0 19.0
86 -1.0 -1.0 23.0 78.0 9.0
87 -1.0 -1.0 62.0 16.0 16.0
88 -1.0 -1.0 74.0 47.0 7.0
89 -1.0 -1.0 24.0 52.0 13.0
90 -1.0 -1.0 52.0 93.0 15.0
91 -1.0 -1.0 8.0 32.0 14.0
92 -1.0 -1.0 3.0 20.0 4.0
93 -1.0 -1.0 80.0 73.0 9.0
94 -1.0 -1.0 25.0 81.0 9.0
95 -1.0 -1.0 28.0 85.0 10.0
96 -1.0 -1.0 44.0 87.0 7.0
97 -1.0 -1.0 27.0 84.0 11.0
98 -1.0 -1.0 50.0 70.0 11.0
99 -1.0 -1.0 44.0 56.0 7.0
100 -1.0 -1.0 36.0 60.0 12.0
101 -1.0 -1.0 70.0 74.0 19.0
102 -1.0 -1.0 29.0 96.0 17.0
103 -1.0 -1.0 32.0 53.0 13.0
104 -1.0 -1.0 41.0 68.0 6.0
105 -1.0 -1.0 3.0 16.0 14.0
106 -1.0 -1.0 2.0 100.0 17.0
107 -1.0 -1.0 71.0 18.0 7.0
108 -1.0 -1.0 56.0 47.0 7.0
109 -1.0 -1.0 37.0 83.0 8.0
110 -1.0 -1.0 32.0 50.0 6.0
111 -1.0 -1.0 19.0 32.0 8.0
112 -1.0 -1.0 51.0 42.0 5.0
113 -1.0 -1.0 33.0 13.0 18.0
114 -1.0 -1.0 44.0 24.0 6.0
115 -1.0 -1.0 90.0 51.0 4.0
116 -1.0 -1.0 70.0 14.0 19.0
117 -1.0 -1.0 31.0 18.0 16.0
118 -1.0 -1.0 100.0 39.0 19.0
119 -1.0 -1.0 55.0 31.0 17.0
120 -1.0 -1.0 11.0 50.0 11.0
121 -1.0 -1.0 24.0 77.0 16.0
122 -1.0 -1.0 77.0 14.0 15.0
123 -1.0 -1.0 9.0 74.0 13.0
124 -1.0 -1.0 15.0 16.0 13.0
125 -1.0 -1.0 18.0 78.0 19.0
126 -1.0 -1.0 7.0 6.0 11.0
127 -1.0 -1.0 92.0 91.0 12.0
128 -1.0 -1.0 21.0 79.0 4.0
129 -1.0 -1.0 56.0 27.0 12.0
130 -1.0 -1.0 0.0 84.0 13.0
131 -1.0 -1.0 79.0 94.0 18.0
132 -1.0 -1.0 75.0 8.0 19.0
133 -1.0 -1.0 12.0 47.0 7.0
134 -1.0 -1.0 94.0 98.0 6.0
135 -1.0 -1.0 96.0 17.0 4.0
136 -1.0 -1.0 4.0 74.0 15.0
137 -1.0 -1.0 63.0 52.0 9.0
138 -1.0 -1.0 25.0 68.0 6.0
139 -1.0 -1.0 80.0 25.0 10.0
140 -1.0 -1.0 46.0 27.0 11.0
141 -1.0 -1.0 87.0 12.0 17.0
142 -1.0 -1.0 90.0 12.0 9.0
143 -1.0 -1.0 53.0 56.0 15.0
144 -1.0 -1.0 36.0 91.0 7.0
145 -1.0 -1.0 34.0 98.0 18.0
146 -1.0 -1.0 28.0 64.0 14.0
147 -1.0 -1.0 71.0 88.0 6.0
148 -1.0 -1.0 83.0 38.0 17.0
149 -1.0 -1.0 56.0 68.0 16.0
150 -1.0 -1.0 72.0 7.0 8.0
151 -1.0 -1.0 9.0 99.0 9.0
152 -1.0 -1.0 82.0 42.0 5.0
153 -1.0 -1.0 34.0 81.0 5.0
154 -1.0 -1.0 95.0 38.0 16.0
155 -1.0 -1.0 99.0 93.0 18.0
156 -1.0 -1.0 99.0 65.0 17.0
157 -1.0 -1.0 96.0 30.0 12.0
158 -1.0 -1.0 78.0 69.0 7.0
159 -1.0 -1.0 71.0 60.0 14.0
160 -1.0 -1.0 40.0 40.0 17.0
161 -1.0 -1.0 65.0 96.0 12.0
162 -1.0 -1.0 47.0 57.0 8.0
163 -1.0 -1.0 81.0 97.0 11.0
164 -1.0 -1.0 0.0 100.0 15.0
165 -1.0 -1.0 60.0 76.0 7.0
166 -1.0 -1.0 31.0 54.0 16.0
167 -1.0 -1.0 88.0 84.0 8.0
168 -1.0 -1.0 6.0 59.0 19.0
169 -1.0 -1.0 75.0 75.0 6.0
170 -1.0 -1.0 20.0 30.0 12.0
171 -1.0 -1.0 41.0 11.0 15.0
172 -1.0 -1.0 22.0 81.0 9.0
173 -1.0 -1.0 80.0 80.0 13.0
174 -1.0 -1.0 98.0 61.0 11.0
175 -1.0 -1.0 10.0 6.0 6.0
176 -1.0 -1.0 86.0 17.0 19.0
177 -1.0 -1.0 88.0 2.0 4.0
178 -1.0 -1.0 17.0 17.0 7.0
179 -1.0 -1.0 1.0 92.0 5.0
180 -1.0 -1.0 34.0 77.0 10.0
181 -1.0 -1.0 26.0 20.0 18.0
182 -1.0 -1.0 52.0 73.0 6.0
183 -1.0 -1.0 46.0 98.0 8.0
184 -1.0 -1.0 92.0 46.0 12.0
185 -1.0 -1.0 74.0 68.0 17.0
186 -1.0 -1.0 96.0 76.0 4.0
187 -1.0 -1.0 7.0 91.0 7.0
188 -1.0 -1.0 90.0 6.0 10.0
189 -1.0 -1.0 92.0 31.0 10.0
190 -1.0 -1.0 86.0 61.0 11.0
191 -1.0 -1.0 23.0 2.0 4.0
192 -1.0 -1.0 98.0 97.0 16.0
193 -1.0 -1.0 24.0 3.0 15.0
194 -1.0 -1.0 16.0 2.0 5.0
195 -1.0 -1.0 40.0 32.0 12.0
196 -1.0 -1.0 25.0 21.0 8.0
197 -1.0 -1.0 67.0 13.0 5.0
198 -1.0 -1.0 77.0 41.0 5.0
199 -1.0 -1.0 30.0 45.0 6.0
200 -1.0 -1.0 68.0 49.0 18.0
201 -1.0 -1.0 38.0 33.0 13.0
202 -1.0 -1.0 16.0 85.0 19.0
203 -1.0 -1.0 3.0 12.0 16.0
204 -1.0 -1.0 91.0 3.0 14.0
205 -1.0 -1.0 1.0 20.0 6.0
206 -1.0 -1.0 88.0 34.0 10.0
207 -1.0 -1.0 11.0 62.0 8.0
208 -1.0 -1.0 52.0 83.0 5.0
209 -1.0 -1.0 1.0 95.0 7.0
210 -1.0 -1.0 51.0 87.0 14.0
211 -1.0 -1.0 98.0 17.0 4.0
212 -1.0 -1.0 2.0 44.0 4.0
213 -1.0 -1.0 55.0 12.0 14.0
214 -1.0 -1.0 74.0 32.0 4.0
215 -1.0 -1.0 96.0 66.0 17.0
216 -1.0 -1.0 37.0 3.0 9.0
217 -1.0 -1.0 38.0 10.0 8.0
218 -1.0 -1.0 57.0 12.0 12.0
219 -1.0 -1.0 87.0 32.0 8.0
220 -1.0 -1.0 46.0 63.0 13.0
221 -1.0 -1.0 88.0 100.0 14.0
222 -1.0 -1.0 61.0 17.0 15.0
223 -1.0 -1.0 76.0 11.0 17.0
224 -1.0 -1.0 75.0 68.0 15.0
225 -1.0 -1.0 8.0 100.0 8.0
226 -1.0 -1.0 64.0 98.0 6.0
227 -1.0 -1.0 61.0 61.0 5.0
228 -1.0 -1.0 27.0 53.0 17.0
229 -1.0 -1.0 37.0 96.0 19.0
230 -1.0 -1.0 18.0 90.0 19.0
231 -1.0 -1.0 49.0 74.0 7.0
232 -1.0 -1.0 30.0 23.0 11.0
233 -1.0 -1.0 44.0 91.0 5.0
234 -1.0 -1.0 99.0 91.0 15.0
235 -1.0 -1.0 30.0 14.0 6.0
236 -1.0 -1.0 98.0 52.0 5.0
237 -1.0 -1.0 82.0 70.0 18.0
238 -1.0 -1.0 88.0 61.0 7.0
239 -1.0 -1.0 0.0 89.0 18.0
240 -1.0 -1.0 75.0 66.0 9.0
241 -1.0 -1.0 32.0 0.0 13.0
242 -1.0 -1.0 52.0 75.0 8.0
243 -1.0 -1.0 74.0 44.0 9.0
244 -1.0 -1.0 93.0 14.0 19.0
245 -1.0 -1.0 21.0 54.0 17.0
246 -1.0 -1.0 59.0 5.0 9.0
247 -1.0 -1.0 35.0 51.0 15.0
248 -1.0 -1.0 72.0 62.0 4.0
249 -1.0 -1.0 97.0 98.0 17.0
250 -1.0 -1.0 21.0 34.0 4.0
251 -1.0 -1.0 1.0 74.0 6.0
252 -1.0 -1.0 75.0 10.0 14.0
253 -1.0 -1.0 76.0 4.0 16.0
254 -1.0 -1.0 71.0 64.0 8.0
255 -1.0 -1.0 76.0 29.0 18.0
256 -1.0 -1.0 3.0 13.0 17.0
257 -1.0 -1.0 47.0 74.0 11.0
258 -1.0 -1.0 95.0 99.0 16.0
259 -1.0 -1.0 63.0 88.0 6.0
260 -1.0 -1.0 12.0 14.0 8.0
261 -1.0 -1.0 71.0 90.0 4.0
262 -1.0 -1.0 10.0 5.0 13.0
263 -1.0 -1.0 49.0 52.0 17.0
264 -1.0 -1.0 91.0 92.0 4.0
265 -1.0 -1.0 13.0 70.0 5.0
266 -1.0 -1.0 6.0 49.0 8.0
267 -1.0 -1.0 15.0 56.0 14.0
268 -1.0 -1.0 31.0 49.0 10.0
269 -1.0 -1.0 78.0 48.0 19.0
270 -1.0 -1.0 89.0 20.0 8.0
271 -1.0 -1.0 44.0 47.0 6.0
272 -1.0 -1.0 47.0 35.0 9.0
273 -1.0 -1.0 60.0 68.0 14.0
274 -1.0 -1.0 62.0 74.0 10.0
275 -1.0 -1.0 47.0 78.0 17.0
276 -1.0 -1.0 81.0 67.0 6.0
277 -1.0 -1.0 78.0 97.0 4.0
278 -1.0 -1.0 59.0 13.0 4.0
279 -1.0 -1.0 21.0 81.0 18.0
280 -1.0 -1.0 63.0 80.0 9.0
281 -1.0 -1.0 68.0 0.0 15.0
282 -1.0 -1.0 90.0 28.0 17.0
283 -1.0 -1.0 84.0 94.0 11.0
284 -1.0 -1.0 38.0 62.0 17.0
285 -1.0 -1.0 0.0 54.0 9.0
286 -1.0 -1.0 6.0 29.0 13.0
287 -1.0 -1.0 30.0 68.0 9.0
288 -1.0 -1.0 91.0 45.0 19.0
289 -1.0 -1.0 15.0 66.0 7.0
290 -1.0 -1.0 97.0 67.0 8.0
291 -1.0 -1.0 60.0 41.0 18.0
292 -1.0 -1.0 56.0 90.0 18.0
293 -1.0 -1.0 11.0 6.0 6.0
294 -1.0 -1.0 79.0 63.0 17.0
295 -1.0 -1.0 42.0 13.0 5.0
296 -1.0 -1.0 77.0 82.0 4.0
297 -1.0 -1.0 18.0 19.0 14.0
298 -1.0 -1.0 70.0 27.0 16.0
299 -1.0 -1.0 1.0 51.0 6.0
300 -1.0 -1.0 12.0 37.0 14.0
301 -1.0 -1.0 20.0 45.0 13.0
302 -1.0 -1.0 22.0 86.0 15.0
303 -1.0 -1.0 61.0 84.0 19.0
304 -1.0 -1.0 24.0 59.0 5.0
305 -1.0 -1.0 8.0 14.0 12.0
306 -1.0 -1.0 76.0 6.0 14.0
307 -1.0 -1.0 74.0 36.0 8.0
308 -1.0 -1.0 95.0 52.0 19.0
309 -1.0 -1.0 6.0 23.0 4.0
310 -1.0 -1.0 13.0 50.0 5.0
311 -1.0 -1.0 38.0 16.0 5.0
312 -1.0 -1.0 82.0 18.0 14.0
313 -1.0 -1.0 5.0 46.0 5.0
314 -1.0 -1.0 19.0 69.0 9.0
315 -1.0 -1.0 44.0 44.0 8.0
316 -1.0 -1.0 72.0 48.0 5.0
317 -1.0 -1.0 20.0 51.0 12.0
318 -1.0 -1.0 5.0 17.0 19.0
319 -1.0 -1.0 18.0 59.0 16.0
320 -1.0 -1.0 51.0 64.0 9.0
321 -1.0 -1.0 32.0 93.0 4.0
322 -1.0 -1.0 88.0 86.0 18.0
323 -1.0 -1.0 31.0 30.0 4.0
324 -1.0 -1.0 94.0 30.0 6.0
325 -1.0 -1.0 69.0 54.0 13.0
326 -1.0 -1.0 6.0 41.0 14.0
327 -1.0 -1.0 38.0 80.0 18.0
328 -1.0 -1.0 10.0 74.0 13.0
329 -1.0 -1.0 86.0 31.0 17.0
330 -1.0 -1.0 73.0 91.0 6.0
331 -1.0 -1.0 24.0 56.0 15.0
332 -1.0 -1.0 74.0 72.0 7.0
333 -1.0 -1.0 47.0 87.0 6.0
334 -1.0 -1.0 67.0 45.0 18.0
335 -1.0 -1.0 84.0 50.0 4.0
336 -1.0 -1.0 97.0 71.0 9.0
337 -1.0 -1.0 30.0 18.0 4.0
338 -1.0 -1.0 53.0 63.0 9.0
339 -1.0 -1.0 78.0 90.0 12.0
340 -1.0 -1.0 27.0 75.0 12.0
341 -1.0 -1.0 45.0 27.0 8.0
342 -1.0 -1.0 33.0 45.0 4.0
343 -1.0 -1.0 82.0 10.0 5.0
344 -1.0 -1.0 91.0 85.0 15.0
345 -1.0 -1.0 50.0 21.0 12.0
346 -1.0 -1.0 1.0 11.0 10.0
347 -1.0 -1.0 55.0 7.0 19.0
348 -1.0 -1.0 36.0 18.0 14.0
349 -1.0 -1.0 83.0 85.0 19.0
350 -1.0 -1.0 27.0 38.0 13.0
351 -1.0 -1.0 77.0 35.0 9.0
352 -1.0 -1.0 36.0 75.0 17.0
353 -1.0 -1.0 77.0 26.0 12.0
354 -1.0 -1.0 25.0 50.0 15.0
355 -1.0 -1.0 63.0 23.0 6.0
356 -1.0 -1.0 71.0 19.0 18.0
357 -1.0 -1.0 95.0 96.0 8.0
358 -1.0 -1.0 55.0 88.0 14.0
359 -1.0 -1.0 9.0 97.0 4.0
360 -1.0 -1.0 46.0 75.0 18.0
361 -1.0 -1.0 83.0 93.0 9.0
362 -1.0 -1.0 18.0 93.0 17.0
363 -1.0 -1.0 93.0 13.0 14.0
364 -1.0 -1.0 14.0 57.0 18.0
365 -1.0 -1.0 87.0 80.0 5.0
366 -1.0 -1.0 62.0 4.0 16.0
367 -1.0 -1.0 26.0 22.0 16.0
368 -1.0 -1.0 95.0 17.0 11.0
369 -1.0 -1.0 41.0 100.0 18.0
370 -1.0 -1.0 11.0 100.0 12.0
371 -1.0 -1.0 14.0 46.0 11.0
372 -1.0 -1.0 2.0 99.0 15.0
373 -1.0 -1.0 87.0 9.0 19.0
374 -1.0 -1.0 42.0 90.0 5.0
375 -1.0 -1.0 84.0 81.0 4.0
376 -1.0 -1.0 62.0 48.0 6.0
377 -1.0 -1.0 57.0 76.0 18.0
378 -1.0 -1.0 97.0 16.0 16.0
379 -1.0 -1.0 3.0 79.0 6.0
380 -1.0 -1.0 28.0 98.0 19.0
381 -1.0 -1.0 90.0 55.0 4.0
382 -1.0 -1.0 7.0 16.0 4.0
383 -1.0 -1.0 55.0 61.0 14.0
384 -1.0 -1.0 29.0 31.0 18.0
385 -1.0 -1.0 51.0 3.0 13.0
386 -1.0 -1.0 91.0 5.0 18.0
387 -1.0 -1.0 100.0 99.0 13.0
388 -1.0 -1.0 85.0 29.0 5.0
389 -1.0 -1.0 27.0 2.0 16.0
390 -1.0 -1.0 77.0 32.0 15.0
391 -1.0 -1.0 1.0 8.0 8.0
392 -1.0 -1.0 45.0 83.0 13.0
393 -1.0 -1.0 36.0 19.0 5.0
394 -1.0 -1.0 93.0 10.0 5.0
395 -1.0 -1.0 25.0 89.0 14.0
396 -1.0 -1.0 12.0 94.0 16.0
397 -1.0 -1.0 91.0 66.0 6.0
398 -1.0 -1.0 92.0 69.0 4.0
399 -1.0 -1.0 41.0 49.0 10.0
400 -1.0 -1.0 1.0 25.0 13.0
401 -1.0 -1.0 80.0 35.0 11.0
402 -1.0 -1.0 8.0 90.0 10.0
403 -1.0 -1.0 99.0 43.0 12.0
404 -1.0 -1.0 26.0 63.0 12.0
405 -1.0 -1.0 34.0 100.0 9.0
406 -1.0 -1.0 38.0 35.0 15.0
407 -1.0 -1.0 79.0 17.0 14.0
408 -1.0 -1.0 37.0 59.0 11.0
409 -1.0 -1.0 9.0 6.0 19.0
410 -1.0 -1.0 77.0 57.0 15.0
411 -1.0 -1.0 39.0 95.0 9.0
412 -1.0 -1.0 78.0 44.0 12.0
413 -1.0 -1.0 12.0 2.0 13.0
414 -1.0 -1.0 40.0 34.0 14.0
415 -1.0 -1.0 79.0 23.0 14.0
416 -1.0 -1.0 46.0 99.0 19.0
417 -1.0 -1.0 55.0 56.0 18.0
418 -1.0 -1.0 16.0 4.0 12.0
419 -1.0 -1.0 52.0 81.0 17.0
420 -1.0 -1.0 25.0 19.0 5.0
421 -1.0 -1.0 87.0 31.0 8.0
422 -1.0 -1.0 70.0 2.0 9.0
423 -1.0 -1.0 25.0 24.0 8.0
424 -1.0 -1.0 34.0 37.0 7.0
425 -1.0 -1.0 0.0 53.0 5.0
426 -1.0 -1.0 77.0 79.0 5.0
427 -1.0 -1.0 90.0 77.0 8.0
428 -1.0 -1.0 28.0 99.0 13.0
429 -1.0 -1.0 74.0 19.0 11.0
430 -1.0 -1.0 17.0 1.0 8.0
431 -1.0 -1.0 33.0 91.0 4.0
432 -1.0 -1.0 15.0 11.0 19.0
433 -1.0 -1.0 19.0 8.0 9.0
434 -1.0 -1.0 57.0 64.0 4.0
435 -1.0 -1.0 36.0 32.0 8.0
436 -1.0 -1.0 86.0 1.0 12.0
437 -1.0 -1.0 51.0 17.0 6.0
438 -1.0 -1.0 64.0 47.0 17.0
439 -1.0 -1.0 39.0 33.0 14.0
440 -1.0 -1.0 11.0 8.0 13.0
441 -1.0 -1.0 83.0 80.0 5.0
442 -1.0 -1.0 77.0 25.0 19.0
443 -1.0 -1.0 66.0 84.0 11.0
444 -1.0 -1.0 59.0 49.0 14.0
445 -1.0 -1.0 33.0 51.0 15.0
446 -1.0 -1.0 32.0 52.0 14.0
447 -1.0 -1.0 0.0 17.0 7.0
448 -1.0 -1.0 71.0 34.0 7.0
449 -1.0 -1.0 93.0 33.0 11.0
450 -1.0 -1.0 67.0 10.0 13.0
451 -1.0 -1.0 47.0 69.0 8.0
452 -1.0 -1.0 65.0 19.0 14.0
453 -1.0 -1.0 31.0 6.0 12.0
454 -1.0 -1.0 31.0 89.0 4.0
455 -1.0 -1.0 2.0 75.0 18.0
456 -1.0 -1.0 22.0 64.0 10.0
457 -1.0 -1.0 51.0 90.0 15.0
458 -1.0 -1.0 98.0 48.0 14.0
459 -1.0 -1.0 6.0 9.0 16.0
460 -1.0 -1.0 88.0 57.0 8.0
461 -1.0 -1.0 49.0 95.0 11.0
462 -1.0 -1.0 77.0 95.0 5.0
463 -1.0 -1.0 76.0 48.0 11.0
464 -1.0 -1.0 31.0 23.0 12.0
465 -1.0 -1.0 57.0 69.0 15.0
466 -1.0 -1.0 91.0 27.0 18.0
467 -1.0 -1.0 12.0 46.0 18.0
468 -1.0 -1.0 77.0 0.0 10.0
469 -1.0 -1.0 38.0 78.0 8.0
470 -1.0 -1.0 4.0 60.0 14.0
471 -1.0 -1.0 86.0 53.0 4.0
472 -1.0 -1.0 18.0 3.0 11.0
473 -1.0 -1.0 96.0 0.0 16.0
474 -1.0 -1.0 90.0 96.0 17.0
475 -1.0 -1.0 55.0 86.0 18.0
476 -1.0 -1.0 88.0 94.0 10.0
477 -1.0 -1.0 0.0 31.0 15.0
478 -1.0 -1.0 81.0 78.0 6.0
479 -1.0 -1.0 9.0 82.0 6.0
480 -1.0 -1.0 42.0 58.0 15.0
481 -1.0 -1.0 88.0 66.0 7.0
482 -1.0 -1.0 82.0 85.0 19.0
483 -1.0 -1.0 89.0 81.0 17.0
484 -1.0 -1.0 17.0 60.0 13.0
485 -1.0 -1.0 20.0 50.0 17.0
486 -1.0 -1.0 94.0 3.0 5.0
487 -1.0 -1.0 10.0 50.0 5.0
488 -1.0 -1.0 93.0 20.0 12.0
489 -1.0 -1.0 48.0 97.0 19.0
490 -1.0 -1.0 7.0 17.0 14.0
491 -1.0 -1.0 94.0 92.0 9.0
492 -1.0 -1.0 89.0 83.0 13.0
493 -1.0 -1.0 86.0 76.0 6.0
494 -1.0 -1.0 80.0 36.0 16.0
495 -1.0 -1.0 74.0 29.0 13.0
496 -1.0 -1.0 22.0 10.0 15.0
497 -1.0 -1.0 48.0 72.0 9.0
498 -1.0 -1.0 20.0 35.0 12.0
499 -1.0 -1.0 80.0 46.0 15.0
1465
0 136 0
0 62 0
0 80 0
0 13 0
0 251 0
1 392 0
1 275 0
1 327 0
1 469 0
1 180 0
1 153 0
2 115 0
2 308 0
2 184 0
2 458 0
2 236 0
3 248 0
3 294 0
3 6 0
3 410 0
4 369 0
4 405 0
4 145 0
4 183 0
4 411 0
4 229 0
5 259 0
5 161 0
5 8 0
5 292 0
5 226 0
5 358 0
5 303 0
6 335 0
6 269 0
6 190 0
6 460 0
6 471 0
6 294 0
6 410 0
7 59 0
7 423 0
7 464 0
7 76 0
7 323 0
7 232 0
8 489 0
8 28 0
8 226 0
8 292 0
8 90 0
8 461 0
9 156 0
9 336 0
9 186 0
9 491 0
9 234 0
9 344 0
9 58 0
9 26 0
9 21 0
9 387 0
10 276 0
10 237 0
10 481 0
10 397 0
10 398 0
10 56 0
10 75 0
11 78 0
11 147 0
11 61 0
11 296 0
11 426 0
12 227 0
12 41 0
12 383 0
12 137 0
12 23 0
12 63 0
12 417 0
13 379 0
13 130 0
13 251 0
13 25 0
13 455 0
14 350 0
14 384 0
14 199 0
14 424 0
14 435 0
14 323 0
15 87 0
15 197 0
15 39 0
15 366 0
15 278 0
15 450 0
16 483 0
16 427 0
16 58 0
16 186 0
16 53 0
17 162 0
17 143 0
17 263 0
17 85 0
18 349 0
18 167 0
18 84 0
18 361 0
18 322 0
18 482 0
19 165 0
19 280 0
19 419 0
19 242 0
19 208 0
19 475 0
19 303 0
19 377 0
20 372 0
20 209 0
20 225 0
20 179 0
20 187 0
20 359 0
21 236 0
21 403 0
21 156 0
21 154 0
21 118 0
22 65 0
22 125 0
22 302 0
22 172 0
22 279 0
23 162 0
23 143 0
23 338 0
23 383 0
23 320 0
23 417 0
24 345 0
24 437 0
24 44 0
24 278 0
24 218 0
24 50 0
24 213 0
25 379 0
25 136 0
25 455 0
26 344 0
26 58 0
27 334 0
27 448 0
27 243 0
27 307 0
27 198 0
27 43 0
28 221 0
28 226 0
28 416 0
28 369 0
28 489 0
29 459 0
29 81 0
29 203 0
29 305 0
29 256 0
30 425 0
30 299 0
30 212 0
30 326 0
30 91 0
30 477 0
31 220 0
31 104 0
31 320 0
31 451 0
32 277 0
32 462 0
32 131 0
32 163 0
33 273 0
33 227 0
33 434 0
33 149 0
34 79 0
34 118 0
34 486 0
34 394 0
34 473 0
34 378 0
34 211 0
35 95 0
35 454 0
35 431 0
35 144 0
35 374 0
35 96 0
35 153 0
35 109 0
36 271 0
36 263 0
36 399 0
36 99 0
37 117 0
37 464 0
37 232 0
37 45 0
37 337 0
38 326 0
38 91 0
38 60 0
38 300 0
39 366 0
39 246 0
39 347 0
39 278 0
39 218 0
40 241 0
40 385 0
40 246 0
40 422 0
40 281 0
40 366 0
41 159 0
41 254 0
41 227 0
41 137 0
41 325 0
41 42 0
42 101 0
42 254 0
42 227 0
42 274 0
42 465 0
42 273 0
43 351 0
43 307 0
43 198 0
43 48 0
43 494 0
44 355 0
44 222 0
44 129 0
44 345 0
44 278 0
45 235 0
45 420 0
45 181 0
45 232 0
45 367 0
45 337 0
46 244 0
46 270 0
46 378 0
46 488 0
46 368 0
46 135 0
47 60 0
47 301 0
47 199 0
47 350 0
47 498 0
47 300 0
47 354 0
48 198 0
48 148 0
48 152 0
48 494 0
48 52 0
49 297 0
49 423 0
49 196 0
49 420 0
49 496 0
49 178 0
50 51 0
50 437 0
50 347 0
50 385 0
50 295 0
50 213 0
51 311 0
51 114 0
51 295 0
51 345 0
51 437 0
52 412 0
52 243 0
52 198 0
52 152 0
53 336 0
53 186 0
53 398 0
53 427 0
53 56 0
53 75 0
54 433 0
54 496 0
54 71 0
54 453 0
54 389 0
54 193 0
54 191 0
54 472 0
55 436 0
55 468 0
55 177 0
55 204 0
55 473 0
56 398 0
56 75 0
57 429 0
57 122 0
57 116 0
57 107 0
57 356 0
58 344 0
58 483 0
58 186 0
59 423 0
59 323 0
59 384 0
59 170 0
59 250 0
60 301 0
60 371 0
60 467 0
60 313 0
60 326 0
60 300 0
61 482 0
61 339 0
61 147 0
61 330 0
61 296 0
62 136 0
62 80 0
62 285 0
62 470 0
63 137 0
63 376 0
63 444 0
63 417 0
64 270 0
64 466 0
64 312 0
64 282 0
64 74 0
64 139 0
64 388 0
64 421 0
65 125 0
65 302 0
65 479 0
65 202 0
66 70 0
66 291 0
66 112 0
66 376 0
66 108 0
67 479 0
67 402 0
67 202 0
67 230 0
67 362 0
67 396 0
67 187 0
68 370 0
68 73 0
68 151 0
68 362 0
68 396 0
68 359 0
69 248 0
69 240 0
69 158 0
69 276 0
69 294 0
69 224 0
70 448 0
70 291 0
70 298 0
70 112 0
70 272 0
70 119 0
70 355 0
70 129 0
71 496 0
71 420 0
71 453 0
71 235 0
72 371 0
72 301 0
72 310 0
72 485 0
73 405 0
73 428 0
73 380 0
73 370 0
73 362 0
74 282 0
74 189 0
74 421 0
74 219 0
74 206 0
75 427 0
75 237 0
75 493 0
76 114 0
76 393 0
76 464 0
76 341 0
76 195 0
76 435 0
76 323 0
77 126 0
77 391 0
77 262 0
77 413 0
77 194 0
77 430 0
77 241 0
78 83 0
78 169 0
78 443 0
78 147 0
78 426 0
79 118 0
79 157 0
79 324 0
79 466 0
79 488 0
79 211 0
79 135 0
80 285 0
81 409 0
81 126 0
81 459 0
81 440 0
81 260 0
81 305 0
82 354 0
82 228 0
82 166 0
82 199 0
82 446 0
82 268 0
82 110 0
83 101 0
83 169 0
83 443 0
83 280 0
83 274 0
84 361 0
84 283 0
84 476 0
84 264 0
84 322 0
85 271 0
85 263 0
85 112 0
85 143 0
85 108 0
85 417 0
86 128 0
86 125 0
86 121 0
86 172 0
86 94 0
87 452 0
87 197 0
87 222 0
87 278 0
88 243 0
88 316 0
88 463 0
88 412 0
89 331 0
89 228 0
89 354 0
89 245 0
89 317 0
89 485 0
90 461 0
90 457 0
90 292 0
91 326 0
91 477 0
91 300 0
91 111 0
91 170 0
91 286 0
92 490 0
92 318 0
92 309 0
92 105 0
92 205 0
92 400 0
92 447 0
93 158 0
93 237 0
93 332 0
93 169 0
93 478 0
93 493 0
93 426 0
94 97 0
94 302 0
94 172 0
94 153 0
94 121 0
94 340 0
95 395 0
95 454 0
95 97 0
95 153 0
96 374 0
96 233 0
96 333 0
96 392 0
96 109 0
97 395 0
97 302 0
97 153 0
98 451 0
98 320 0
98 149 0
98 182 0
98 497 0
99 263 0
99 162 0
99 399 0
99 480 0
100 146 0
100 287 0
100 166 0
100 284 0
100 408 0
101 332 0
101 169 0
101 185 0
101 254 0
101 274 0
102 395 0
102 321 0
102 145 0
102 380 0
102 362 0
103 445 0
103 247 0
103 446 0
103 166 0
103 408 0
104 287 0
104 352 0
104 284 0
104 360 0
104 220 0
104 451 0
104 257 0
105 318 0
105 256 0
105 447 0
106 372 0
106 164 0
106 225 0
107 452 0
107 356 0
107 116 0
108 376 0
108 112 0
108 444 0
108 417 0
109 153 0
109 327 0
109 392 0
110 446 0
110 268 0
110 445 0
110 342 0
110 247 0
111 300 0
111 498 0
111 170 0
111 250 0
112 272 0
112 315 0
112 271 0
113 348 0
113 311 0
113 117 0
113 217 0
113 453 0
113 235 0
114 393 0
114 341 0
114 140 0
114 311 0
114 345 0
115 308 0
115 471 0
115 335 0
115 381 0
115 288 0
115 184 0
116 252 0
116 150 0
116 452 0
116 197 0
116 223 0
116 122 0
116 450 0
117 348 0
117 464 0
117 393 0
117 235 0
117 337 0
118 157 0
118 154 0
119 272 0
119 140 0
119 129 0
120 133 0
120 487 0
120 310 0
120 364 0
120 267 0
121 314 0
121 125 0
121 138 0
121 340 0
122 343 0
122 407 0
122 429 0
122 223 0
123 136 0
123 379 0
123 265 0
123 328 0
123 479 0
124 178 0
124 297 0
124 432 0
124 260 0
124 490 0
124 309 0
125 265 0
125 328 0
125 314 0
125 479 0
125 128 0
125 279 0
126 391 0
126 262 0
126 409 0
126 459 0
127 491 0
127 344 0
127 264 0
127 322 0
128 279 0
128 172 0
129 355 0
129 140 0
129 345 0
130 379 0
130 239 0
130 402 0
130 479 0
131 462 0
131 339 0
131 361 0
131 163 0
132 306 0
132 150 0
132 252 0
132 223 0
133 266 0
133 487 0
133 310 0
133 371 0
133 467 0
134 221 0
134 258 0
134 357 0
134 474 0
135 211 0
135 378 0
135 368 0
135 488 0
136 265 0
136 207 0
136 379 0
136 251 0
136 470 0
136 455 0
137 325 0
137 200 0
137 376 0
137 438 0
138 146 0
138 404 0
138 287 0
138 456 0
138 314 0
138 340 0
139 312 0
139 388 0
139 390 0
139 255 0
139 415 0
139 442 0
139 353 0
140 341 0
140 272 0
140 345 0
141 373 0
141 343 0
141 176 0
141 142 0
142 373 0
142 188 0
142 394 0
142 176 0
142 363 0
142 244 0
143 162 0
143 417 0
144 431 0
144 321 0
144 374 0
144 411 0
144 229 0
145 428 0
145 405 0
145 380 0
145 321 0
145 229 0
146 287 0
146 166 0
146 404 0
147 443 0
147 259 0
147 261 0
147 330 0
148 152 0
148 288 0
148 206 0
148 219 0
148 494 0
148 401 0
148 329 0
149 320 0
149 338 0
149 434 0
149 273 0
149 465 0
149 182 0
150 253 0
150 422 0
150 306 0
150 252 0
150 450 0
151 225 0
151 370 0
151 359 0
152 499 0
152 335 0
152 288 0
152 412 0
153 327 0
153 180 0
153 340 0
154 403 0
154 184 0
154 288 0
154 157 0
154 449 0
154 206 0
155 192 0
155 387 0
155 234 0
155 491 0
155 357 0
156 336 0
156 174 0
156 215 0
156 290 0
156 236 0
157 324 0
157 449 0
158 276 0
158 237 0
158 224 0
158 332 0
159 254 0
159 248 0
159 325 0
159 410 0
160 399 0
160 315 0
160 342 0
160 424 0
160 272 0
160 406 0
160 414 0
161 462 0
161 330 0
161 226 0
161 277 0
161 259 0
161 261 0
162 263 0
162 220 0
162 320 0
162 480 0
163 277 0
163 221 0
163 283 0
163 361 0
164 209 0
164 239 0
164 372 0
165 280 0
165 274 0
165 377 0
166 304 0
166 404 0
166 331 0
166 228 0
166 446 0
166 408 0
167 344 0
167 492 0
167 365 0
167 375 0
167 349 0
167 322 0
168 364 0
168 487 0
168 207 0
168 266 0
168 470 0
168 285 0
168 299 0
169 332 0
169 426 0
170 423 0
170 297 0
170 286 0
170 250 0
170 309 0
171 295 0
171 385 0
171 216 0
171 311 0
171 217 0
172 302 0
172 279 0
173 441 0
173 478 0
173 482 0
173 426 0
173 296 0
174 215 0
174 308 0
174 381 0
174 238 0
174 236 0
174 397 0
175 440 0
175 409 0
175 293 0
175 262 0
176 270 0
176 312 0
176 343 0
176 244 0
177 373 0
177 436 0
177 188 0
177 204 0
177 386 0
178 297 0
178 496 0
178 432 0
179 239 0
179 209 0
179 187 0
180 352 0
180 287 0
180 469 0
180 340 0
181 420 0
181 196 0
181 367 0
182 377 0
182 465 0
182 242 0
182 231 0
182 497 0
183 233 0
183 411 0
183 369 0
183 416 0
183 461 0
183 489 0
184 288 0
184 458 0
184 403 0
185 224 0
185 332 0
185 254 0
185 240 0
186 336 0
187 402 0
187 239 0
187 359 0
187 396 0
188 394 0
188 373 0
188 386 0
189 282 0
189 449 0
189 324 0
189 466 0
189 206 0
190 460 0
190 276 0
190 481 0
190 238 0
190 294 0
191 389 0
191 241 0
191 193 0
191 430 0
191 472 0
192 387 0
192 249 0
192 357 0
193 389 0
194 413 0
194 418 0
194 430 0
194 472 0
195 341 0
195 435 0
195 272 0
195 201 0
195 439 0
195 414 0
196 423 0
196 420 0
196 367 0
197 452 0
197 450 0
198 243 0
199 350 0
199 424 0
199 342 0
199 354 0
199 268 0
200 334 0
200 316 0
200 325 0
200 438 0
201 406 0
201 439 0
201 435 0
202 479 0
202 302 0
202 230 0
203 346 0
203 391 0
203 459 0
203 256 0
204 386 0
204 486 0
204 473 0
205 447 0
205 400 0
206 449 0
206 219 0
206 288 0
207 265 0
207 289 0
207 364 0
207 470 0
207 484 0
208 419 0
208 392 0
208 333 0
208 475 0
208 210 0
209 239 0
209 372 0
210 333 0
210 457 0
210 475 0
210 358 0
211 378 0
212 299 0
212 313 0
212 326 0
213 218 0
213 347 0
214 307 0
214 448 0
214 495 0
214 351 0
214 390 0
214 255 0
215 290 0
215 398 0
215 397 0
216 453 0
216 241 0
216 385 0
216 217 0
217 311 0
217 453 0
218 347 0
218 278 0
219 421 0
219 329 0
220 284 0
220 320 0
220 480 0
221 258 0
221 387 0
221 474 0
221 476 0
221 226 0
221 277 0
221 283 0
222 355 0
222 452 0
222 278 0
223 252 0
223 343 0
223 306 0
224 332 0
224 240 0
225 372 0
225 370 0
225 359 0
226 277 0
227 383 0
227 273 0
227 434 0
228 331 0
228 354 0
229 411 0
229 321 0
230 395 0
230 302 0
230 362 0
231 242 0
231 275 0
231 497 0
231 257 0
232 464 0
232 367 0
232 423 0
233 411 0
233 374 0
233 333 0
233 457 0
233 461 0
234 491 0
234 387 0
235 453 0
235 420 0
235 337 0
236 308 0
236 403 0
236 458 0
237 276 0
237 493 0
238 460 0
238 481 0
238 381 0
238 397 0
239 402 0
240 248 0
240 254 0
241 385 0
241 453 0
241 389 0
241 430 0
242 419 0
242 275 0
242 377 0
243 334 0
243 316 0
243 412 0
244 270 0
244 363 0
244 378 0
245 331 0
245 317 0
245 319 0
245 267 0
246 385 0
246 347 0
246 366 0
247 445 0
247 399 0
247 342 0
247 408 0
247 480 0
248 254 0
248 294 0
248 410 0
249 387 0
249 258 0
249 357 0
250 498 0
250 350 0
250 384 0
251 455 0
253 422 0
253 468 0
253 436 0
253 306 0
253 343 0
255 390 0
255 495 0
255 353 0
256 382 0
256 305 0
256 346 0
256 447 0
256 318 0
257 497 0
257 451 0
257 275 0
257 360 0
258 387 0
258 357 0
259 443 0
259 261 0
259 303 0
260 440 0
260 432 0
260 490 0
260 305 0
260 382 0
261 330 0
262 409 0
262 293 0
262 413 0
263 271 0
264 491 0
264 474 0
264 476 0
264 322 0
264 357 0
265 289 0
265 328 0
265 314 0
266 487 0
266 299 0
266 313 0
266 467 0
267 317 0
267 310 0
267 364 0
267 319 0
267 484 0
268 342 0
269 335 0
269 499 0
269 463 0
269 410 0
269 412 0
270 466 0
270 312 0
270 488 0
271 399 0
271 315 0
272 315 0
272 341 0
272 414 0
273 465 0
274 280 0
274 465 0
274 377 0
275 392 0
275 419 0
275 469 0
275 360 0
276 481 0
276 294 0
277 462 0
280 443 0
280 303 0
281 422 0
281 468 0
282 466 0
283 476 0
283 361 0
284 287 0
284 408 0
284 480 0
285 470 0
285 299 0
285 425 0
286 477 0
286 400 0
286 309 0
287 352 0
287 340 0
288 335 0
289 314 0
289 484 0
289 456 0
290 336 0
290 398 0
291 448 0
291 376 0
291 334 0
291 438 0
292 358 0
292 457 0
293 440 0
293 413 0
293 418 0
295 385 0
295 311 0
296 426 0
296 482 0
297 423 0
297 309 0
298 448 0
298 355 0
298 452 0
298 356 0
298 429 0
298 442 0
298 495 0
299 425 0
299 313 0
300 498 0
301 371 0
301 485 0
301 354 0
302 395 0
303 443 0
303 475 0
303 358 0
304 404 0
304 331 0
304 319 0
304 456 0
305 382 0
306 343 0
307 448 0
307 351 0
308 381 0
309 400 0
309 490 0
310 371 0
310 317 0
310 485 0
311 393 0
311 348 0
312 343 0
312 407 0
312 415 0
313 467 0
313 326 0
314 456 0
315 399 0
316 334 0
316 325 0
316 463 0
317 485 0
318 490 0
318 382 0
319 331 0
319 484 0
319 456 0
320 338 0
320 451 0
321 395 0
321 454 0
321 431 0
322 344 0
323 435 0
323 384 0
324 466 0
324 449 0
325 463 0
325 410 0
327 392 0
328 479 0
329 421 0
329 388 0
329 401 0
330 462 0
330 339 0
333 457 0
333 392 0
334 448 0
334 438 0
335 499 0
335 471 0
336 398 0
338 383 0
338 434 0
339 462 0
339 361 0
339 482 0
342 424 0
342 399 0
343 407 0
343 373 0
343 436 0
344 492 0
344 483 0
344 491 0
345 437 0
346 447 0
346 391 0
347 385 0
348 393 0
349 375 0
349 482 0
350 384 0
350 498 0
351 390 0
351 401 0
351 494 0
352 360 0
352 469 0
353 442 0
353 495 0
354 485 0
355 452 0
356 452 0
356 429 0
357 491 0
357 474 0
358 457 0
358 475 0
359 396 0
360 469 0
361 482 0
362 396 0
362 395 0
362 380 0
363 394 0
363 378 0
364 487 0
364 484 0
365 375 0
365 492 0
365 483 0
365 427 0
365 441 0
365 493 0
366 422 0
366 450 0
367 423 0
368 488 0
369 416 0
369 405 0
371 467 0
373 436 0
374 411 0
375 482 0
375 441 0
376 444 0
376 438 0
377 465 0
378 394 0
379 479 0
380 428 0
381 460 0
381 471 0
382 490 0
383 434 0
386 486 0
386 394 0
388 390 0
388 401 0
388 421 0
389 453 0
390 401 0
391 459 0
391 447 0
392 419 0
393 464 0
394 486 0
395 454 0
397 481 0
397 398 0
399 480 0
400 477 0
400 447 0
401 494 0
402 479 0
403 458 0
404 456 0
405 428 0
406 424 0
406 435 0
406 439 0
406 414 0
407 429 0
407 415 0
408 480 0
409 440 0
410 463 0
412 499 0
412 463 0
413 418 0
414 439 0
415 442 0
415 429 0
416 489 0
417 444 0
418 432 0
418 433 0
418 440 0
418 472 0
420 496 0
422 468 0
422 450 0
424 435 0
426 478 0
427 483 0
427 493 0
429 442 0
430 472 0
431 454 0
432 496 0
432 433 0
432 440 0
433 496 0
433 472 0
436 468 0
441 478 0
441 482 0
441 493 0
442 495 0
445 446 0
447 477 0
448 495 0
451 497 0
456 484 0
457 461 0
460 471 0
461 489 0
466 488 0
473 486 0
474 476 0
478 493 0
483 492 0
10 0.05 0.05 0.05
